id,k,name,capacity,additional,single_bed,bathroom,type_name,type_id,free,bed_categories,children_extras,placements,min_price,miles,hotel_id,date
2233351,,,4,0,0,1,Бунгало,30,5,"[{'single': 2, 'sofa': 1}, {'double': 1, 'sofa': 1}]",[],"[{'id': 422133, 'force_prepayment': 0, 'capacity': 1, 'prepayment': 'FIRST', 'nonrefundable': 1, 'cancellation_period': 0, 'cancellation_fee': 'FIRST', 'breakfast': 1, 'base_price': 10000, 'prices': [10000], 'price': 10000, 'old_price': 10000, 'currency': 'RUB', 'payment_amount': 10000, 'extras_variants': [], 'extras': [], 'rate_id': 8928, 'deals': [], 'cancellation_type': 'nonrefundable', 'credit_card': 1, 'bonus': 2000, 'miles': 800, 'min_stay': 1, 'mircashback': 1000}, {'id': 422134, 'force_prepayment': 0, 'capacity': 2, 'prepayment': 'FIRST', 'nonrefundable': 1, 'cancellation_period': 0, 'cancellation_fee': 'FIRST', 'breakfast': 1, 'base_price': 10000, 'prices': [10000], 'price': 10000, 'old_price': 10000, 'currency': 'RUB', 'payment_amount': 10000, 'extras_variants': [], 'extras': [], 'rate_id': 8928, 'deals': [], 'cancellation_type': 'nonrefundable', 'credit_card': 1, 'bonus': 2000, 'miles': 800, 'min_stay': 1, 'mircashback': 1000}, {'id': 431361, 'force_prepayment': 0, 'capacity': 3, 'prepayment': 'FIRST', 'nonrefundable': 1, 'cancellation_period': 0, 'cancellation_fee': 'FIRST', 'breakfast': 1, 'base_price': 12000, 'prices': [12000], 'price': 12000, 'old_price': 12000, 'currency': 'RUB', 'payment_amount': 12000, 'extras_variants': [], 'extras': [], 'rate_id': 8928, 'deals': [], 'cancellation_type': 'nonrefundable', 'credit_card': 1, 'bonus': 2400, 'miles': 960, 'min_stay': 1, 'mircashback': 1200}, {'id': 431362, 'force_prepayment': 0, 'capacity': 4, 'prepayment': 'FIRST', 'nonrefundable': 1, 'cancellation_period': 0, 'cancellation_fee': 'FIRST', 'breakfast': 1, 'base_price': 14000, 'prices': [14000], 'price': 14000, 'old_price': 14000, 'currency': 'RUB', 'payment_amount': 14000, 'extras_variants': [], 'extras': [], 'rate_id': 8928, 'deals': [], 'cancellation_type': 'nonrefundable', 'credit_card': 1, 'bonus': 2800, 'miles': 1120, 'min_stay': 1, 'mircashback': 1400}]",10000.0,800,654408_101hotels,2025-05-12
2259951,,Барнхаус,5,0,0,1,Люкс,6,5,"[{'single': 1, 'double': 1, 'sofa': 1}, {'single': 3, 'sofa': 1}]",[],"[{'id': 688931, 'force_prepayment': 0, 'capacity': 1, 'prepayment': 'FIRST', 'nonrefundable': 1, 'cancellation_period': 0, 'cancellation_fee': 'FIRST', 'breakfast': 1, 'base_price': 15000, 'prices': [15000], 'price': 15000, 'old_price': 15000, 'currency': 'RUB', 'payment_amount': 15000, 'extras_variants': [], 'extras': [], 'rate_id': 8928, 'deals': [], 'cancellation_type': 'nonrefundable', 'credit_card': 1, 'bonus': 3000, 'miles': 1200, 'min_stay': 1, 'mircashback': 1500}, {'id': 688932, 'force_prepayment': 0, 'capacity': 2, 'prepayment': 'FIRST', 'nonrefundable': 1, 'cancellation_period': 0, 'cancellation_fee': 'FIRST', 'breakfast': 1, 'base_price': 15000, 'prices': [15000], 'price': 15000, 'old_price': 15000, 'currency': 'RUB', 'payment_amount': 15000, 'extras_variants': [], 'extras': [], 'rate_id': 8928, 'deals': [], 'cancellation_type': 'nonrefundable', 'credit_card': 1, 'bonus': 3000, 'miles': 1200, 'min_stay': 1, 'mircashback': 1500}, {'id': 688933, 'force_prepayment': 0, 'capacity': 3, 'prepayment': 'FIRST', 'nonrefundable': 1, 'cancellation_period': 0, 'cancellation_fee': 'FIRST', 'breakfast': 1, 'base_price': 18000, 'prices': [18000], 'price': 18000, 'old_price': 18000, 'currency': 'RUB', 'payment_amount': 18000, 'extras_variants': [], 'extras': [], 'rate_id': 8928, 'deals': [], 'cancellation_type': 'nonrefundable', 'credit_card': 1, 'bonus': 3600, 'miles': 1440, 'min_stay': 1, 'mircashback': 1800}, {'id': 688934, 'force_prepayment': 0, 'capacity': 4, 'prepayment': 'FIRST', 'nonrefundable': 1, 'cancellation_period': 0, 'cancellation_fee': 'FIRST', 'breakfast': 1, 'base_price': 21000, 'prices': [21000], 'price': 21000, 'old_price': 21000, 'currency': 'RUB', 'payment_amount': 21000, 'extras_variants': [], 'extras': [], 'rate_id': 8928, 'deals': [], 'cancellation_type': 'nonrefundable', 'credit_card': 1, 'bonus': 4200, 'miles': 1680, 'min_stay': 1, 'mircashback': 2100}, {'id': 688935, 'force_prepayment': 0, 'capacity': 5, 'prepayment': 'FIRST', 'nonrefundable': 1, 'cancellation_period': 0, 'cancellation_fee': 'FIRST', 'breakfast': 1, 'base_price': 24000, 'prices': [24000], 'price': 24000, 'old_price': 24000, 'currency': 'RUB', 'payment_amount': 24000, 'extras_variants': [], 'extras': [], 'rate_id': 8928, 'deals': [], 'cancellation_type': 'nonrefundable', 'credit_card': 1, 'bonus': 4800, 'miles': 1920, 'min_stay': 1, 'mircashback': 2400}]",15000.0,1200,654408_101hotels,2025-05-12
1620094,,С внутренним двориком,2,0,0,1,Бунгало,30,3,[{'single': 2}],[],"[{'id': 549113, 'force_prepayment': 0, 'capacity': 1, 'prepayment': 'FULL', 'nonrefundable': 1, 'cancellation_period': 0, 'cancellation_fee': 'FIRST', 'breakfast': 7, 'base_price': 4500, 'prices': [4500], 'price': 4500, 'old_price': 4500, 'currency': 'RUB', 'payment_amount': 4500, 'extras_variants': [], 'extras': [], 'rate_id': 17459, 'deals': [], 'cancellation_type': 'nonrefundable', 'credit_card': 1, 'bonus': 900, 'miles': 360, 'min_stay': 1, 'mircashback': 450}, {'id': 549114, 'force_prepayment': 0, 'capacity': 2, 'prepayment': 'FULL', 'nonrefundable': 1, 'cancellation_period': 0, 'cancellation_fee': 'FIRST', 'breakfast': 7, 'base_price': 5500, 'prices': [5500], 'price': 5500, 'old_price': 5500, 'currency': 'RUB', 'payment_amount': 5500, 'extras_variants': [], 'extras': [], 'rate_id': 17459, 'deals': [], 'cancellation_type': 'nonrefundable', 'credit_card': 1, 'bonus': 1100, 'miles': 440, 'min_stay': 1, 'mircashback': 550}]",4500.0,360,496528_101hotels,2025-05-12
1620095,,Стандартный с 2 отдельными кроватями,2,0,0,1,Двухместный,2,18,[{'single': 2}],[],"[{'id': 549081, 'force_prepayment': 0, 'capacity': 1, 'prepayment': 'FULL', 'nonrefundable': 1, 'cancellation_period': 0, 'cancellation_fee': 'FIRST', 'breakfast': 7, 'base_price': 4500, 'prices': [4500], 'price': 4500, 'old_price': 4500, 'currency': 'RUB', 'payment_amount': 4500, 'extras_variants': [], 'extras': [], 'rate_id': 17459, 'deals': [], 'cancellation_type': 'nonrefundable', 'credit_card': 1, 'bonus': 900, 'miles': 360, 'min_stay': 1, 'mircashback': 450}, {'id': 549082, 'force_prepayment': 0, 'capacity': 2, 'prepayment': 'FULL', 'nonrefundable': 1, 'cancellation_period': 0, 'cancellation_fee': 'FIRST', 'breakfast': 7, 'base_price': 5500, 'prices': [5500], 'price': 5500, 'old_price': 5500, 'currency': 'RUB', 'payment_amount': 5500, 'extras_variants': [], 'extras': [], 'rate_id': 17459, 'deals': [], 'cancellation_type': 'nonrefundable', 'credit_card': 1, 'bonus': 1100, 'miles': 440, 'min_stay': 1, 'mircashback': 550}]",4500.0,360,496528_101hotels,2025-05-12
1620096,,"Люкс ""Фламинго"" с кроватью размера «king-size» и балконом",2,2,0,1,Сьюит,27,1,"[{'double': 1, 'sofa': 1}]",[],"[{'id': 549095, 'force_prepayment': 0, 'capacity': 1, 'prepayment': 'FULL', 'nonrefundable': 1, 'cancellation_period': 0, 'cancellation_fee': 'FIRST', 'breakfast': 7, 'base_price': 5500, 'prices': [5500], 'price': 5500, 'old_price': 5500, 'currency': 'RUB', 'payment_amount': 5500, 'extras_variants': [], 'extras': [], 'rate_id': 17459, 'deals': [], 'cancellation_type': 'nonrefundable', 'credit_card': 1, 'bonus': 1100, 'miles': 440, 'min_stay': 1, 'mircashback': 550}, {'id': 549096, 'force_prepayment': 0, 'capacity': 2, 'prepayment': 'FULL', 'nonrefundable': 1, 'cancellation_period': 0, 'cancellation_fee': 'FIRST', 'breakfast': 7, 'base_price': 6000, 'prices': [6000], 'price': 6000, 'old_price': 6000, 'currency': 'RUB', 'payment_amount': 6000, 'extras_variants': [], 'extras': [], 'rate_id': 17459, 'deals': [], 'cancellation_type': 'nonrefundable', 'credit_card': 1, 'bonus': 1200, 'miles': 480, 'min_stay': 1, 'mircashback': 600}]",5500.0,440,496528_101hotels,2025-05-12
1620098,,"Люкс ""Версаль""",2,0,0,1,Бунгало,30,1,[{'double': 1}],[],"[{'id': 549085, 'force_prepayment': 0, 'capacity': 1, 'prepayment': 'FULL', 'nonrefundable': 1, 'cancellation_period': 0, 'cancellation_fee': 'FIRST', 'breakfast': 7, 'base_price': 5500, 'prices': [5500], 'price': 5500, 'old_price': 5500, 'currency': 'RUB', 'payment_amount': 5500, 'extras_variants': [], 'extras': [], 'rate_id': 17459, 'deals': [], 'cancellation_type': 'nonrefundable', 'credit_card': 1, 'bonus': 1100, 'miles': 440, 'min_stay': 1, 'mircashback': 550}, {'id': 549086, 'force_prepayment': 0, 'capacity': 2, 'prepayment': 'FULL', 'nonrefundable': 1, 'cancellation_period': 0, 'cancellation_fee': 'FIRST', 'breakfast': 7, 'base_price': 6500, 'prices': [6500], 'price': 6500, 'old_price': 6500, 'currency': 'RUB', 'payment_amount': 6500, 'extras_variants': [], 'extras': [], 'rate_id': 17459, 'deals': [], 'cancellation_type': 'nonrefundable', 'credit_card': 1, 'bonus': 1300, 'miles': 520, 'min_stay': 1, 'mircashback': 650}]",5500.0,440,496528_101hotels,2025-05-12
1620099,,Семейное 2х комнатное бунгало  с террасой и видом на Байкал,2,2,0,1,Сьюит,27,2,"[{'double': 1, 'sofa': 1}]",[],"[{'id': 549097, 'force_prepayment': 0, 'capacity': 1, 'prepayment': 'FULL', 'nonrefundable': 1, 'cancellation_period': 0, 'cancellation_fee': 'FIRST', 'breakfast': 7, 'base_price': 5500, 'prices': [5500], 'price': 5500, 'old_price': 5500, 'currency': 'RUB', 'payment_amount': 5500, 'extras_variants': [], 'extras': [], 'rate_id': 17459, 'deals': [], 'cancellation_type': 'nonrefundable', 'credit_card': 1, 'bonus': 1100, 'miles': 440, 'min_stay': 1, 'mircashback': 550}, {'id': 549098, 'force_prepayment': 0, 'capacity': 2, 'prepayment': 'FULL', 'nonrefundable': 1, 'cancellation_period': 0, 'cancellation_fee': 'FIRST', 'breakfast': 7, 'base_price': 8000, 'prices': [8000], 'price': 8000, 'old_price': 8000, 'currency': 'RUB', 'payment_amount': 8000, 'extras_variants': [], 'extras': [], 'rate_id': 17459, 'deals': [], 'cancellation_type': 'nonrefundable', 'credit_card': 1, 'bonus': 1600, 'miles': 640, 'min_stay': 1, 'mircashback': 800}]",5500.0,440,496528_101hotels,2025-05-12
1620100,,"Делюкс с собственной ванной комнатой, балконом и видом на море",2,1,0,1,Семейный,44,2,"[{'double': 1, 'f-chair': 1}]",[],"[{'id': 549107, 'force_prepayment': 0, 'capacity': 1, 'prepayment': 'FULL', 'nonrefundable': 1, 'cancellation_period': 0, 'cancellation_fee': 'FIRST', 'breakfast': 7, 'base_price': 4000, 'prices': [4000], 'price': 4000, 'old_price': 4000, 'currency': 'RUB', 'payment_amount': 4000, 'extras_variants': [], 'extras': [], 'rate_id': 17459, 'deals': [], 'cancellation_type': 'nonrefundable', 'credit_card': 1, 'bonus': 800, 'miles': 320, 'min_stay': 1, 'mircashback': 400}, {'id': 549108, 'force_prepayment': 0, 'capacity': 2, 'prepayment': 'FULL', 'nonrefundable': 1, 'cancellation_period': 0, 'cancellation_fee': 'FIRST', 'breakfast': 7, 'base_price': 5500, 'prices': [5500], 'price': 5500, 'old_price': 5500, 'currency': 'RUB', 'payment_amount': 5500, 'extras_variants': [], 'extras': [], 'rate_id': 17459, 'deals': [], 'cancellation_type': 'nonrefundable', 'credit_card': 1, 'bonus': 1100, 'miles': 440, 'min_stay': 1, 'mircashback': 550}]",4000.0,320,496528_101hotels,2025-05-12
2214317,,"Улучшенный люкс ""Кардинал"" с видом на море",2,0,0,1,Сьюит,27,1,"[{'double': 1, 'sofa': 1}]",[],"[{'id': 549099, 'force_prepayment': 0, 'capacity': 1, 'prepayment': 'FULL', 'nonrefundable': 1, 'cancellation_period': 0, 'cancellation_fee': 'FIRST', 'breakfast': 7, 'base_price': 6000, 'prices': [6000], 'price': 6000, 'old_price': 6000, 'currency': 'RUB', 'payment_amount': 6000, 'extras_variants': [], 'extras': [], 'rate_id': 17459, 'deals': [], 'cancellation_type': 'nonrefundable', 'credit_card': 1, 'bonus': 1200, 'miles': 480, 'min_stay': 1, 'mircashback': 600}, {'id': 549100, 'force_prepayment': 0, 'capacity': 2, 'prepayment': 'FULL', 'nonrefundable': 1, 'cancellation_period': 0, 'cancellation_fee': 'FIRST', 'breakfast': 7, 'base_price': 6800, 'prices': [6800], 'price': 6800, 'old_price': 6800, 'currency': 'RUB', 'payment_amount': 6800, 'extras_variants': [], 'extras': [], 'rate_id': 17459, 'deals': [], 'cancellation_type': 'nonrefundable', 'credit_card': 1, 'bonus': 1360, 'miles': 544, 'min_stay': 1, 'mircashback': 680}]",6000.0,480,496528_101hotels,2025-05-12
2214322,,"С видом на море ""Карамель»",2,2,0,1,Семейный,44,2,"[{'double': 1, 'sofa': 1}]",[],"[{'id': 549109, 'force_prepayment': 0, 'capacity': 1, 'prepayment': 'FULL', 'nonrefundable': 1, 'cancellation_period': 0, 'cancellation_fee': 'FIRST', 'breakfast': 7, 'base_price': 4500, 'prices': [4500], 'price': 4500, 'old_price': 4500, 'currency': 'RUB', 'payment_amount': 4500, 'extras_variants': [], 'extras': [], 'rate_id': 17459, 'deals': [], 'cancellation_type': 'nonrefundable', 'credit_card': 1, 'bonus': 900, 'miles': 360, 'min_stay': 1, 'mircashback': 450}, {'id': 549110, 'force_prepayment': 0, 'capacity': 2, 'prepayment': 'FULL', 'nonrefundable': 1, 'cancellation_period': 0, 'cancellation_fee': 'FIRST', 'breakfast': 7, 'base_price': 5800, 'prices': [5800], 'price': 5800, 'old_price': 5800, 'currency': 'RUB', 'payment_amount': 5800, 'extras_variants': [], 'extras': [], 'rate_id': 17459, 'deals': [], 'cancellation_type': 'nonrefundable', 'credit_card': 1, 'bonus': 1160, 'miles': 464, 'min_stay': 1, 'mircashback': 580}]",4500.0,360,496528_101hotels,2025-05-12
2264208,,"Люкс  ""Байкал""",2,0,0,1,Семейный,44,9,"[{'double': 1, 'sofa': 1}]",[],"[{'id': 717324, 'force_prepayment': 0, 'capacity': 1, 'prepayment': 'FULL', 'nonrefundable': 1, 'cancellation_period': 0, 'cancellation_fee': 'FIRST', 'breakfast': 7, 'base_price': 6000, 'prices': [6000], 'price': 6000, 'old_price': 6000, 'currency': 'RUB', 'payment_amount': 6000, 'extras_variants': [], 'extras': [], 'rate_id': 17459, 'deals': [], 'cancellation_type': 'nonrefundable', 'credit_card': 1, 'bonus': 1200, 'miles': 480, 'min_stay': 1, 'mircashback': 600}, {'id': 717325, 'force_prepayment': 0, 'capacity': 2, 'prepayment': 'FULL', 'nonrefundable': 1, 'cancellation_period': 0, 'cancellation_fee': 'FIRST', 'breakfast': 7, 'base_price': 6900, 'prices': [6900], 'price': 6900, 'old_price': 6900, 'currency': 'RUB', 'payment_amount': 6900, 'extras_variants': [], 'extras': [], 'rate_id': 17459, 'deals': [], 'cancellation_type': 'nonrefundable', 'credit_card': 1, 'bonus': 1380, 'miles': 552, 'min_stay': 1, 'mircashback': 690}]",6000.0,480,496528_101hotels,2025-05-12
2278574,,Семейный с кухней,2,2,0,1,Студио,5,3,"[{'double': 1, 'sofa': 1}]",[],"[{'id': 841248, 'force_prepayment': 0, 'capacity': 1, 'prepayment': 'FULL', 'nonrefundable': 1, 'cancellation_period': 0, 'cancellation_fee': 'FIRST', 'breakfast': 7, 'base_price': 6500, 'prices': [6500], 'price': 6500, 'old_price': 6500, 'currency': 'RUB', 'payment_amount': 6500, 'extras_variants': [], 'extras': [], 'rate_id': 17459, 'deals': [], 'cancellation_type': 'nonrefundable', 'credit_card': 1, 'bonus': 1300, 'miles': 520, 'min_stay': 1, 'mircashback': 650}, {'id': 841249, 'force_prepayment': 0, 'capacity': 2, 'prepayment': 'FULL', 'nonrefundable': 1, 'cancellation_period': 0, 'cancellation_fee': 'FIRST', 'breakfast': 7, 'base_price': 7500, 'prices': [7500], 'price': 7500, 'old_price': 7500, 'currency': 'RUB', 'payment_amount': 7500, 'extras_variants': [], 'extras': [], 'rate_id': 17459, 'deals': [], 'cancellation_type': 'nonrefundable', 'credit_card': 1, 'bonus': 1500, 'miles': 600, 'min_stay': 1, 'mircashback': 750}]",6500.0,520,496528_101hotels,2025-05-12
2296917,,"Апартаменты для семьи ""ВИКИНГ""",2,2,0,1,Апартаменты,14,1,"[{'double': 1, 'sofa': 1}]",[],"[{'id': 1015540, 'force_prepayment': 0, 'capacity': 1, 'prepayment': 'FULL', 'nonrefundable': 1, 'cancellation_period': 0, 'cancellation_fee': 'FIRST', 'breakfast': 7, 'base_price': 6000, 'prices': [6000], 'price': 6000, 'old_price': 6000, 'currency': 'RUB', 'payment_amount': 6000, 'extras_variants': [], 'extras': [], 'rate_id': 17459, 'deals': [], 'cancellation_type': 'nonrefundable', 'credit_card': 1, 'bonus': 1200, 'miles': 480, 'min_stay': 1, 'mircashback': 600}, {'id': 1015541, 'force_prepayment': 0, 'capacity': 2, 'prepayment': 'FULL', 'nonrefundable': 1, 'cancellation_period': 0, 'cancellation_fee': 'FIRST', 'breakfast': 7, 'base_price': 7000, 'prices': [7000], 'price': 7000, 'old_price': 7000, 'currency': 'RUB', 'payment_amount': 7000, 'extras_variants': [], 'extras': [], 'rate_id': 17459, 'deals': [], 'cancellation_type': 'nonrefundable', 'credit_card': 1, 'bonus': 1400, 'miles': 560, 'min_stay': 1, 'mircashback': 700}]",6000.0,480,496528_101hotels,2025-05-12
2297008,,Трехместный номер Комфорт,3,1,0,1,Трёхместный и более,3,2,"[{'single': 3}, {'double': 1, 'sofa': 1}]","[{'number': '1', 'min_age': '0', 'max_age': '3', 'is_extra_bed': '1', 'extra_bed_type_id': '1'}]","[{'id': 1016096, 'force_prepayment': 0, 'capacity': 1, 'prepayment': 'FULL', 'nonrefundable': 1, 'cancellation_period': 0, 'cancellation_fee': 'FIRST', 'breakfast': 7, 'base_price': 5000, 'prices': [5000], 'price': 5000, 'old_price': 5000, 'currency': 'RUB', 'payment_amount': 5000, 'extras_variants': [], 'extras': [], 'rate_id': 17459, 'deals': [], 'cancellation_type': 'nonrefundable', 'credit_card': 1, 'bonus': 1000, 'miles': 400, 'min_stay': 1, 'mircashback': 500}, {'id': 1016097, 'force_prepayment': 0, 'capacity': 2, 'prepayment': 'FULL', 'nonrefundable': 1, 'cancellation_period': 0, 'cancellation_fee': 'FIRST', 'breakfast': 7, 'base_price': 6000, 'prices': [6000], 'price': 6000, 'old_price': 6000, 'currency': 'RUB', 'payment_amount': 6000, 'extras_variants': [], 'extras': [], 'rate_id': 17459, 'deals': [], 'cancellation_type': 'nonrefundable', 'credit_card': 1, 'bonus': 1200, 'miles': 480, 'min_stay': 1, 'mircashback': 600}, {'id': 1016098, 'force_prepayment': 0, 'capacity': 3, 'prepayment': 'FULL', 'nonrefundable': 1, 'cancellation_period': 0, 'cancellation_fee': 'FIRST', 'breakfast': 7, 'base_price': 6000, 'prices': [6000], 'price': 6000, 'old_price': 6000, 'currency': 'RUB', 'payment_amount': 6000, 'extras_variants': [], 'extras': [], 'rate_id': 17459, 'deals': [], 'cancellation_type': 'nonrefundable', 'credit_card': 1, 'bonus': 1200, 'miles': 480, 'min_stay': 1, 'mircashback': 600}]",5000.0,400,496528_101hotels,2025-05-12
727624,,Стандарт,2,0,0,1,Двухместный,2,2,"[{'single': 2}, {'double': 1}]",[],"[{'id': 253914, 'force_prepayment': 0, 'capacity': 1, 'prepayment': 'FIRST', 'nonrefundable': 0, 'cancellation_period': 14, 'cancellation_fee': 'FIRST', 'breakfast': 1, 'base_price': 9775, 'prices': [9775], 'price': 9775, 'old_price': 9775, 'currency': 'RUB', 'payment_amount': 9775, 'extras_variants': [], 'extras': [], 'rate_id': 366, 'deals': [], 'cancellation_type': 'special', 'credit_card': 1, 'bonus': 1955, 'miles': 780, 'min_stay': 1, 'mircashback': 978}, {'id': 253915, 'force_prepayment': 0, 'capacity': 2, 'prepayment': 'FIRST', 'nonrefundable': 0, 'cancellation_period': 14, 'cancellation_fee': 'FIRST', 'breakfast': 1, 'base_price': 10350, 'prices': [10350], 'price': 10350, 'old_price': 10350, 'currency': 'RUB', 'payment_amount': 10350, 'extras_variants': [], 'extras': [], 'rate_id': 366, 'deals': [], 'cancellation_type': 'special', 'credit_card': 1, 'bonus': 2070, 'miles': 828, 'min_stay': 1, 'mircashback': 1035}]",9775.0,780,227948_101hotels,2025-05-12
727625,,Улучшенный,3,0,0,1,Трехместный,37,2,"[{'single': 2, 'sofa': 1}, {'double': 1, 'sofa': 1}]",[],"[{'id': 253922, 'force_prepayment': 0, 'capacity': 1, 'prepayment': 'FIRST', 'nonrefundable': 0, 'cancellation_period': 14, 'cancellation_fee': 'FIRST', 'breakfast': 1, 'base_price': 12075, 'prices': [12075], 'price': 12075, 'old_price': 12075, 'currency': 'RUB', 'payment_amount': 12075, 'extras_variants': [], 'extras': [], 'rate_id': 366, 'deals': [], 'cancellation_type': 'special', 'credit_card': 1, 'bonus': 2415, 'miles': 964, 'min_stay': 1, 'mircashback': 1208}, {'id': 253923, 'force_prepayment': 0, 'capacity': 2, 'prepayment': 'FIRST', 'nonrefundable': 0, 'cancellation_period': 14, 'cancellation_fee': 'FIRST', 'breakfast': 1, 'base_price': 12650, 'prices': [12650], 'price': 12650, 'old_price': 12650, 'currency': 'RUB', 'payment_amount': 12650, 'extras_variants': [], 'extras': [], 'rate_id': 366, 'deals': [], 'cancellation_type': 'special', 'credit_card': 1, 'bonus': 2530, 'miles': 1012, 'min_stay': 1, 'mircashback': 1265}, {'id': 253955, 'force_prepayment': 0, 'capacity': 3, 'prepayment': 'FIRST', 'nonrefundable': 0, 'cancellation_period': 14, 'cancellation_fee': 'FIRST', 'breakfast': 1, 'base_price': 16675, 'prices': [16675], 'price': 16675, 'old_price': 16675, 'currency': 'RUB', 'payment_amount': 16675, 'extras_variants': [], 'extras': [], 'rate_id': 366, 'deals': [], 'cancellation_type': 'special', 'credit_card': 1, 'bonus': 3335, 'miles': 1332, 'min_stay': 1, 'mircashback': 1668}]",12075.0,964,227948_101hotels,2025-05-12
1906257,,,2,0,0,1,De Luxe,29,2,"[{'single': 2}, {'double': 1}]",[],"[{'id': 253916, 'force_prepayment': 0, 'capacity': 1, 'prepayment': 'FIRST', 'nonrefundable': 0, 'cancellation_period': 14, 'cancellation_fee': 'FIRST', 'breakfast': 1, 'base_price': 12075, 'prices': [12075], 'price': 12075, 'old_price': 12075, 'currency': 'RUB', 'payment_amount': 12075, 'extras_variants': [], 'extras': [], 'rate_id': 366, 'deals': [], 'cancellation_type': 'special', 'credit_card': 1, 'bonus': 2415, 'miles': 964, 'min_stay': 1, 'mircashback': 1208}, {'id': 253917, 'force_prepayment': 0, 'capacity': 2, 'prepayment': 'FIRST', 'nonrefundable': 0, 'cancellation_period': 14, 'cancellation_fee': 'FIRST', 'breakfast': 1, 'base_price': 12650, 'prices': [12650], 'price': 12650, 'old_price': 12650, 'currency': 'RUB', 'payment_amount': 12650, 'extras_variants': [], 'extras': [], 'rate_id': 366, 'deals': [], 'cancellation_type': 'special', 'credit_card': 1, 'bonus': 2530, 'miles': 1012, 'min_stay': 1, 'mircashback': 1265}]",12075.0,964,227948_101hotels,2025-05-12
1906258,,Панорамный,3,1,0,1,Люкс,6,2,"[{'double': 1, 'sofa': 1}, {'single': 2, 'sofa': 1}]",[],"[{'id': 253918, 'force_prepayment': 0, 'capacity': 1, 'prepayment': 'FIRST', 'nonrefundable': 0, 'cancellation_period': 14, 'cancellation_fee': 'FIRST', 'breakfast': 1, 'base_price': 15525, 'prices': [15525], 'price': 15525, 'old_price': 15525, 'currency': 'RUB', 'payment_amount': 15525, 'extras_variants': [], 'extras': [], 'rate_id': 366, 'deals': [], 'cancellation_type': 'special', 'credit_card': 1, 'bonus': 3105, 'miles': 1240, 'min_stay': 1, 'mircashback': 1553}, {'id': 253919, 'force_prepayment': 0, 'capacity': 2, 'prepayment': 'FIRST', 'nonrefundable': 0, 'cancellation_period': 14, 'cancellation_fee': 'FIRST', 'breakfast': 1, 'base_price': 16100, 'prices': [16100], 'price': 16100, 'old_price': 16100, 'currency': 'RUB', 'payment_amount': 16100, 'extras_variants': [], 'extras': [], 'rate_id': 366, 'deals': [], 'cancellation_type': 'special', 'credit_card': 1, 'bonus': 3220, 'miles': 1288, 'min_stay': 1, 'mircashback': 1610}, {'id': 307219, 'force_prepayment': 0, 'capacity': 3, 'prepayment': 'FIRST', 'nonrefundable': 0, 'cancellation_period': 14, 'cancellation_fee': 'FIRST', 'breakfast': 1, 'base_price': 20125, 'prices': [20125], 'price': 20125, 'old_price': 20125, 'currency': 'RUB', 'payment_amount': 20125, 'extras_variants': [], 'extras': [], 'rate_id': 366, 'deals': [], 'cancellation_type': 'special', 'credit_card': 1, 'bonus': 4025, 'miles': 1608, 'min_stay': 1, 'mircashback': 2013}]",15525.0,1240,227948_101hotels,2025-05-12
1906259,,,2,0,0,1,Люкс,6,2,"[{'double': 1}, {'single': 2}]",[],"[{'id': 253920, 'force_prepayment': 0, 'capacity': 1, 'prepayment': 'FIRST', 'nonrefundable': 0, 'cancellation_period': 14, 'cancellation_fee': 'FIRST', 'breakfast': 1, 'base_price': 14375, 'prices': [14375], 'price': 14375, 'old_price': 14375, 'currency': 'RUB', 'payment_amount': 14375, 'extras_variants': [], 'extras': [], 'rate_id': 366, 'deals': [], 'cancellation_type': 'special', 'credit_card': 1, 'bonus': 2875, 'miles': 1148, 'min_stay': 1, 'mircashback': 1438}, {'id': 253921, 'force_prepayment': 0, 'capacity': 2, 'prepayment': 'FIRST', 'nonrefundable': 0, 'cancellation_period': 14, 'cancellation_fee': 'FIRST', 'breakfast': 1, 'base_price': 14950, 'prices': [14950], 'price': 14950, 'old_price': 14950, 'currency': 'RUB', 'payment_amount': 14950, 'extras_variants': [], 'extras': [], 'rate_id': 366, 'deals': [], 'cancellation_type': 'special', 'credit_card': 1, 'bonus': 2990, 'miles': 1196, 'min_stay': 1, 'mircashback': 1495}]",14375.0,1148,227948_101hotels,2025-05-12
2239632,,Стандарт с балконом,2,0,0,1,Двухместный,2,2,[{'single': 2}],[],"[{'id': 462573, 'force_prepayment': 0, 'capacity': 1, 'prepayment': 'FIRST', 'nonrefundable': 1, 'cancellation_period': 0, 'cancellation_fee': 'FIRST', 'breakfast': 0, 'base_price': 4500, 'prices': [4500], 'price': 4500, 'old_price': 4500, 'currency': 'RUB', 'payment_amount': 4500, 'extras_variants': [], 'extras': [], 'rate_id': 11859, 'deals': [], 'cancellation_type': 'nonrefundable', 'credit_card': 1, 'bonus': 900, 'miles': 360, 'min_stay': 1, 'mircashback': 450}, {'id': 462574, 'force_prepayment': 0, 'capacity': 2, 'prepayment': 'FIRST', 'nonrefundable': 1, 'cancellation_period': 0, 'cancellation_fee': 'FIRST', 'breakfast': 0, 'base_price': 4500, 'prices': [4500], 'price': 4500, 'old_price': 4500, 'currency': 'RUB', 'payment_amount': 4500, 'extras_variants': [], 'extras': [], 'rate_id': 11859, 'deals': [], 'cancellation_type': 'nonrefundable', 'credit_card': 1, 'bonus': 900, 'miles': 360, 'min_stay': 1, 'mircashback': 450}]",4500.0,360,249578_101hotels,2025-05-12
2298379,,"Улучшенный семейный с террасой, 1 этаж",5,0,0,1,Пятиместный,35,2,"[{'single': 3, 'sofa': 1}, {'single': 1, 'double': 1, 'sofa': 1}]",[],"[{'id': 1026114, 'force_prepayment': 0, 'capacity': 1, 'prepayment': 'FIRST', 'nonrefundable': 1, 'cancellation_period': 0, 'cancellation_fee': 'FIRST', 'breakfast': 0, 'base_price': 5000, 'prices': [5000], 'price': 5000, 'old_price': 5000, 'currency': 'RUB', 'payment_amount': 5000, 'extras_variants': [], 'extras': [], 'rate_id': 11859, 'deals': [], 'cancellation_type': 'nonrefundable', 'credit_card': 1, 'bonus': 1000, 'miles': 400, 'min_stay': 1, 'mircashback': 500}, {'id': 1026115, 'force_prepayment': 0, 'capacity': 2, 'prepayment': 'FIRST', 'nonrefundable': 1, 'cancellation_period': 0, 'cancellation_fee': 'FIRST', 'breakfast': 0, 'base_price': 5000, 'prices': [5000], 'price': 5000, 'old_price': 5000, 'currency': 'RUB', 'payment_amount': 5000, 'extras_variants': [], 'extras': [], 'rate_id': 11859, 'deals': [], 'cancellation_type': 'nonrefundable', 'credit_card': 1, 'bonus': 1000, 'miles': 400, 'min_stay': 1, 'mircashback': 500}, {'id': 1026116, 'force_prepayment': 0, 'capacity': 3, 'prepayment': 'FIRST', 'nonrefundable': 1, 'cancellation_period': 0, 'cancellation_fee': 'FIRST', 'breakfast': 0, 'base_price': 5500, 'prices': [5500], 'price': 5500, 'old_price': 5500, 'currency': 'RUB', 'payment_amount': 5500, 'extras_variants': [], 'extras': [], 'rate_id': 11859, 'deals': [], 'cancellation_type': 'nonrefundable', 'credit_card': 1, 'bonus': 1100, 'miles': 440, 'min_stay': 1, 'mircashback': 550}, {'id': 1026152, 'force_prepayment': 0, 'capacity': 4, 'prepayment': 'FIRST', 'nonrefundable': 1, 'cancellation_period': 0, 'cancellation_fee': 'FIRST', 'breakfast': 0, 'base_price': 6000, 'prices': [6000], 'price': 6000, 'old_price': 6000, 'currency': 'RUB', 'payment_amount': 6000, 'extras_variants': [], 'extras': [], 'rate_id': 11859, 'deals': [], 'cancellation_type': 'nonrefundable', 'credit_card': 1, 'bonus': 1200, 'miles': 480, 'min_stay': 1, 'mircashback': 600}, {'id': 1026153, 'force_prepayment': 0, 'capacity': 5, 'prepayment': 'FIRST', 'nonrefundable': 1, 'cancellation_period': 0, 'cancellation_fee': 'FIRST', 'breakfast': 0, 'base_price': 6500, 'prices': [6500], 'price': 6500, 'old_price': 6500, 'currency': 'RUB', 'payment_amount': 6500, 'extras_variants': [], 'extras': [], 'rate_id': 11859, 'deals': [], 'cancellation_type': 'nonrefundable', 'credit_card': 1, 'bonus': 1300, 'miles': 520, 'min_stay': 1, 'mircashback': 650}]",5000.0,400,249578_101hotels,2025-05-12
2298385,,"Улучшенный семейный с террасой, 2 этаж",4,0,0,1,Четырехместный,34,3,"[{'single': 2, 'sofa': 1}, {'double': 1, 'sofa': 1}]",[],"[{'id': 1026147, 'force_prepayment': 0, 'capacity': 1, 'prepayment': 'FIRST', 'nonrefundable': 1, 'cancellation_period': 0, 'cancellation_fee': 'FIRST', 'breakfast': 0, 'base_price': 5500, 'prices': [5500], 'price': 5500, 'old_price': 5500, 'currency': 'RUB', 'payment_amount': 5500, 'extras_variants': [], 'extras': [], 'rate_id': 11859, 'deals': [], 'cancellation_type': 'nonrefundable', 'credit_card': 1, 'bonus': 1100, 'miles': 440, 'min_stay': 1, 'mircashback': 550}, {'id': 1026148, 'force_prepayment': 0, 'capacity': 2, 'prepayment': 'FIRST', 'nonrefundable': 1, 'cancellation_period': 0, 'cancellation_fee': 'FIRST', 'breakfast': 0, 'base_price': 5500, 'prices': [5500], 'price': 5500, 'old_price': 5500, 'currency': 'RUB', 'payment_amount': 5500, 'extras_variants': [], 'extras': [], 'rate_id': 11859, 'deals': [], 'cancellation_type': 'nonrefundable', 'credit_card': 1, 'bonus': 1100, 'miles': 440, 'min_stay': 1, 'mircashback': 550}, {'id': 1026156, 'force_prepayment': 0, 'capacity': 3, 'prepayment': 'FIRST', 'nonrefundable': 1, 'cancellation_period': 0, 'cancellation_fee': 'FIRST', 'breakfast': 0, 'base_price': 6000, 'prices': [6000], 'price': 6000, 'old_price': 6000, 'currency': 'RUB', 'payment_amount': 6000, 'extras_variants': [], 'extras': [], 'rate_id': 11859, 'deals': [], 'cancellation_type': 'nonrefundable', 'credit_card': 1, 'bonus': 1200, 'miles': 480, 'min_stay': 1, 'mircashback': 600}, {'id': 1026157, 'force_prepayment': 0, 'capacity': 4, 'prepayment': 'FIRST', 'nonrefundable': 1, 'cancellation_period': 0, 'cancellation_fee': 'FIRST', 'breakfast': 0, 'base_price': 6500, 'prices': [6500], 'price': 6500, 'old_price': 6500, 'currency': 'RUB', 'payment_amount': 6500, 'extras_variants': [], 'extras': [], 'rate_id': 11859, 'deals': [], 'cancellation_type': 'nonrefundable', 'credit_card': 1, 'bonus': 1300, 'miles': 520, 'min_stay': 1, 'mircashback': 650}]",5500.0,440,249578_101hotels,2025-05-12
2298386,,Комфорт Семейный,4,0,0,1,Четырехместный,34,5,"[{'single': 2, 'sofa': 1}, {'double': 1, 'sofa': 1}]",[],"[{'id': 1026150, 'force_prepayment': 0, 'capacity': 1, 'prepayment': 'FIRST', 'nonrefundable': 1, 'cancellation_period': 0, 'cancellation_fee': 'FIRST', 'breakfast': 0, 'base_price': 5500, 'prices': [5500], 'price': 5500, 'old_price': 5500, 'currency': 'RUB', 'payment_amount': 5500, 'extras_variants': [], 'extras': [], 'rate_id': 11859, 'deals': [], 'cancellation_type': 'nonrefundable', 'credit_card': 1, 'bonus': 1100, 'miles': 440, 'min_stay': 1, 'mircashback': 550}, {'id': 1026151, 'force_prepayment': 0, 'capacity': 2, 'prepayment': 'FIRST', 'nonrefundable': 1, 'cancellation_period': 0, 'cancellation_fee': 'FIRST', 'breakfast': 0, 'base_price': 5500, 'prices': [5500], 'price': 5500, 'old_price': 5500, 'currency': 'RUB', 'payment_amount': 5500, 'extras_variants': [], 'extras': [], 'rate_id': 11859, 'deals': [], 'cancellation_type': 'nonrefundable', 'credit_card': 1, 'bonus': 1100, 'miles': 440, 'min_stay': 1, 'mircashback': 550}, {'id': 1026154, 'force_prepayment': 0, 'capacity': 3, 'prepayment': 'FIRST', 'nonrefundable': 1, 'cancellation_period': 0, 'cancellation_fee': 'FIRST', 'breakfast': 0, 'base_price': 6000, 'prices': [6000], 'price': 6000, 'old_price': 6000, 'currency': 'RUB', 'payment_amount': 6000, 'extras_variants': [], 'extras': [], 'rate_id': 11859, 'deals': [], 'cancellation_type': 'nonrefundable', 'credit_card': 1, 'bonus': 1200, 'miles': 480, 'min_stay': 1, 'mircashback': 600}, {'id': 1026155, 'force_prepayment': 0, 'capacity': 4, 'prepayment': 'FIRST', 'nonrefundable': 1, 'cancellation_period': 0, 'cancellation_fee': 'FIRST', 'breakfast': 0, 'base_price': 6500, 'prices': [6500], 'price': 6500, 'old_price': 6500, 'currency': 'RUB', 'payment_amount': 6500, 'extras_variants': [], 'extras': [], 'rate_id': 11859, 'deals': [], 'cancellation_type': 'nonrefundable', 'credit_card': 1, 'bonus': 1300, 'miles': 520, 'min_stay': 1, 'mircashback': 650}]",5500.0,440,249578_101hotels,2025-05-12
1465386,,Стандарт+,2,1,0,1,Двухместный,2,4,[{'double': 1}],[],"[{'id': 330372, 'force_prepayment': 0, 'capacity': 1, 'prepayment': 'FIRST', 'nonrefundable': 1, 'cancellation_period': 0, 'cancellation_fee': 'FIRST', 'breakfast': 1, 'base_price': 16000, 'prices': [16000], 'price': 16000, 'old_price': 16000, 'currency': 'RUB', 'payment_amount': 16000, 'extras_variants': [], 'extras': [], 'rate_id': 3781, 'deals': [], 'cancellation_type': 'nonrefundable', 'credit_card': 1, 'bonus': 3200, 'miles': 1280, 'min_stay': 1, 'mircashback': 1600}, {'id': 330373, 'force_prepayment': 0, 'capacity': 2, 'prepayment': 'FIRST', 'nonrefundable': 1, 'cancellation_period': 0, 'cancellation_fee': 'FIRST', 'breakfast': 1, 'base_price': 16000, 'prices': [16000], 'price': 16000, 'old_price': 16000, 'currency': 'RUB', 'payment_amount': 16000, 'extras_variants': [], 'extras': [], 'rate_id': 3781, 'deals': [], 'cancellation_type': 'nonrefundable', 'credit_card': 1, 'bonus': 3200, 'miles': 1280, 'min_stay': 1, 'mircashback': 1600}]",16000.0,1280,458938_101hotels,2025-05-12
1465387,,Стандартный мансардный  номер с 1 кроватью,2,1,0,1,Двухместный,2,8,[{'double': 1}],[],"[{'id': 330370, 'force_prepayment': 0, 'capacity': 1, 'prepayment': 'FIRST', 'nonrefundable': 1, 'cancellation_period': 0, 'cancellation_fee': 'FIRST', 'breakfast': 1, 'base_price': 14000, 'prices': [14000], 'price': 14000, 'old_price': 14000, 'currency': 'RUB', 'payment_amount': 14000, 'extras_variants': [], 'extras': [], 'rate_id': 3781, 'deals': [], 'cancellation_type': 'nonrefundable', 'credit_card': 1, 'bonus': 2800, 'miles': 1120, 'min_stay': 1, 'mircashback': 1400}, {'id': 330371, 'force_prepayment': 0, 'capacity': 2, 'prepayment': 'FIRST', 'nonrefundable': 1, 'cancellation_period': 0, 'cancellation_fee': 'FIRST', 'breakfast': 1, 'base_price': 14000, 'prices': [14000], 'price': 14000, 'old_price': 14000, 'currency': 'RUB', 'payment_amount': 14000, 'extras_variants': [], 'extras': [], 'rate_id': 3781, 'deals': [], 'cancellation_type': 'nonrefundable', 'credit_card': 1, 'bonus': 2800, 'miles': 1120, 'min_stay': 1, 'mircashback': 1400}]",14000.0,1120,458938_101hotels,2025-05-12
1465391,,Улучшенный номер,3,2,0,1,Семейный,44,1,"[{'single': 1, 'double': 1}]",[],"[{'id': 330352, 'force_prepayment': 0, 'capacity': 1, 'prepayment': 'FIRST', 'nonrefundable': 1, 'cancellation_period': 0, 'cancellation_fee': 'FIRST', 'breakfast': 1, 'base_price': 23000, 'prices': [23000], 'price': 23000, 'old_price': 23000, 'currency': 'RUB', 'payment_amount': 23000, 'extras_variants': [], 'extras': [], 'rate_id': 3781, 'deals': [], 'cancellation_type': 'nonrefundable', 'credit_card': 1, 'bonus': 4600, 'miles': 1840, 'min_stay': 1, 'mircashback': 2300}, {'id': 330353, 'force_prepayment': 0, 'capacity': 2, 'prepayment': 'FIRST', 'nonrefundable': 1, 'cancellation_period': 0, 'cancellation_fee': 'FIRST', 'breakfast': 1, 'base_price': 23000, 'prices': [23000], 'price': 23000, 'old_price': 23000, 'currency': 'RUB', 'payment_amount': 23000, 'extras_variants': [], 'extras': [], 'rate_id': 3781, 'deals': [], 'cancellation_type': 'nonrefundable', 'credit_card': 1, 'bonus': 4600, 'miles': 1840, 'min_stay': 1, 'mircashback': 2300}, {'id': 330354, 'force_prepayment': 0, 'capacity': 3, 'prepayment': 'FIRST', 'nonrefundable': 1, 'cancellation_period': 0, 'cancellation_fee': 'FIRST', 'breakfast': 1, 'base_price': 23000, 'prices': [23000], 'price': 23000, 'old_price': 23000, 'currency': 'RUB', 'payment_amount': 23000, 'extras_variants': [], 'extras': [], 'rate_id': 3781, 'deals': [], 'cancellation_type': 'nonrefundable', 'credit_card': 1, 'bonus': 4600, 'miles': 1840, 'min_stay': 1, 'mircashback': 2300}]",23000.0,1840,458938_101hotels,2025-05-12
2214278,,Стандартный номер с 2 отдельными кроватями,2,1,0,1,Двухместный,2,13,[{'single': 2}],[],"[{'id': 330368, 'force_prepayment': 0, 'capacity': 1, 'prepayment': 'FIRST', 'nonrefundable': 1, 'cancellation_period': 0, 'cancellation_fee': 'FIRST', 'breakfast': 1, 'base_price': 14000, 'prices': [14000], 'price': 14000, 'old_price': 14000, 'currency': 'RUB', 'payment_amount': 14000, 'extras_variants': [], 'extras': [], 'rate_id': 3781, 'deals': [], 'cancellation_type': 'nonrefundable', 'credit_card': 1, 'bonus': 2800, 'miles': 1120, 'min_stay': 1, 'mircashback': 1400}, {'id': 330369, 'force_prepayment': 0, 'capacity': 2, 'prepayment': 'FIRST', 'nonrefundable': 1, 'cancellation_period': 0, 'cancellation_fee': 'FIRST', 'breakfast': 1, 'base_price': 14000, 'prices': [14000], 'price': 14000, 'old_price': 14000, 'currency': 'RUB', 'payment_amount': 14000, 'extras_variants': [], 'extras': [], 'rate_id': 3781, 'deals': [], 'cancellation_type': 'nonrefundable', 'credit_card': 1, 'bonus': 2800, 'miles': 1120, 'min_stay': 1, 'mircashback': 1400}]",14000.0,1120,458938_101hotels,2025-05-12
2214280,,,6,3,0,1,Апартаменты,14,1,"[{'double': 2}, {'single': 2}]",[],"[{'id': 330360, 'force_prepayment': 0, 'capacity': 1, 'prepayment': 'FIRST', 'nonrefundable': 1, 'cancellation_period': 0, 'cancellation_fee': 'FIRST', 'breakfast': 1, 'base_price': 72000, 'prices': [72000], 'price': 72000, 'old_price': 72000, 'currency': 'RUB', 'payment_amount': 72000, 'extras_variants': [], 'extras': [], 'rate_id': 3781, 'deals': [], 'cancellation_type': 'nonrefundable', 'credit_card': 1, 'bonus': 14400, 'miles': 5760, 'min_stay': 1, 'mircashback': 7200}, {'id': 330361, 'force_prepayment': 0, 'capacity': 2, 'prepayment': 'FIRST', 'nonrefundable': 1, 'cancellation_period': 0, 'cancellation_fee': 'FIRST', 'breakfast': 1, 'base_price': 72000, 'prices': [72000], 'price': 72000, 'old_price': 72000, 'currency': 'RUB', 'payment_amount': 72000, 'extras_variants': [], 'extras': [], 'rate_id': 3781, 'deals': [], 'cancellation_type': 'nonrefundable', 'credit_card': 1, 'bonus': 14400, 'miles': 5760, 'min_stay': 1, 'mircashback': 7200}, {'id': 330362, 'force_prepayment': 0, 'capacity': 3, 'prepayment': 'FIRST', 'nonrefundable': 1, 'cancellation_period': 0, 'cancellation_fee': 'FIRST', 'breakfast': 1, 'base_price': 72000, 'prices': [72000], 'price': 72000, 'old_price': 72000, 'currency': 'RUB', 'payment_amount': 72000, 'extras_variants': [], 'extras': [], 'rate_id': 3781, 'deals': [], 'cancellation_type': 'nonrefundable', 'credit_card': 1, 'bonus': 14400, 'miles': 5760, 'min_stay': 1, 'mircashback': 7200}, {'id': 330363, 'force_prepayment': 0, 'capacity': 4, 'prepayment': 'FIRST', 'nonrefundable': 1, 'cancellation_period': 0, 'cancellation_fee': 'FIRST', 'breakfast': 1, 'base_price': 72000, 'prices': [72000], 'price': 72000, 'old_price': 72000, 'currency': 'RUB', 'payment_amount': 72000, 'extras_variants': [], 'extras': [], 'rate_id': 3781, 'deals': [], 'cancellation_type': 'nonrefundable', 'credit_card': 1, 'bonus': 14400, 'miles': 5760, 'min_stay': 1, 'mircashback': 7200}, {'id': 330364, 'force_prepayment': 0, 'capacity': 5, 'prepayment': 'FIRST', 'nonrefundable': 1, 'cancellation_period': 0, 'cancellation_fee': 'FIRST', 'breakfast': 1, 'base_price': 72000, 'prices': [72000], 'price': 72000, 'old_price': 72000, 'currency': 'RUB', 'payment_amount': 72000, 'extras_variants': [], 'extras': [], 'rate_id': 3781, 'deals': [], 'cancellation_type': 'nonrefundable', 'credit_card': 1, 'bonus': 14400, 'miles': 5760, 'min_stay': 1, 'mircashback': 7200}, {'id': 330365, 'force_prepayment': 0, 'capacity': 6, 'prepayment': 'FIRST', 'nonrefundable': 1, 'cancellation_period': 0, 'cancellation_fee': 'FIRST', 'breakfast': 1, 'base_price': 72000, 'prices': [72000], 'price': 72000, 'old_price': 72000, 'currency': 'RUB', 'payment_amount': 72000, 'extras_variants': [], 'extras': [], 'rate_id': 3781, 'deals': [], 'cancellation_type': 'nonrefundable', 'credit_card': 1, 'bonus': 14400, 'miles': 5760, 'min_stay': 1, 'mircashback': 7200}]",72000.0,5760,458938_101hotels,2025-05-12
2224127,,Арт-номер с двухспальной кроватью,2,1,0,1,Двухместный,2,5,[{'double': 1}],[],"[{'id': 394930, 'force_prepayment': 0, 'capacity': 1, 'prepayment': 'FIRST', 'nonrefundable': 1, 'cancellation_period': 0, 'cancellation_fee': 'FIRST', 'breakfast': 1, 'base_price': 18000, 'prices': [18000], 'price': 18000, 'old_price': 18000, 'currency': 'RUB', 'payment_amount': 18000, 'extras_variants': [], 'extras': [], 'rate_id': 3781, 'deals': [], 'cancellation_type': 'nonrefundable', 'credit_card': 1, 'bonus': 3600, 'miles': 1440, 'min_stay': 1, 'mircashback': 1800}, {'id': 394931, 'force_prepayment': 0, 'capacity': 2, 'prepayment': 'FIRST', 'nonrefundable': 1, 'cancellation_period': 0, 'cancellation_fee': 'FIRST', 'breakfast': 1, 'base_price': 18000, 'prices': [18000], 'price': 18000, 'old_price': 18000, 'currency': 'RUB', 'payment_amount': 18000, 'extras_variants': [], 'extras': [], 'rate_id': 3781, 'deals': [], 'cancellation_type': 'nonrefundable', 'credit_card': 1, 'bonus': 3600, 'miles': 1440, 'min_stay': 1, 'mircashback': 1800}]",18000.0,1440,458938_101hotels,2025-05-12
2228781,,Арт-номер с раздельными кроватями,2,1,0,1,Двухместный,2,2,[{'single': 2}],[],"[{'id': 394932, 'force_prepayment': 0, 'capacity': 1, 'prepayment': 'FIRST', 'nonrefundable': 1, 'cancellation_period': 0, 'cancellation_fee': 'FIRST', 'breakfast': 1, 'base_price': 18000, 'prices': [18000], 'price': 18000, 'old_price': 18000, 'currency': 'RUB', 'payment_amount': 18000, 'extras_variants': [], 'extras': [], 'rate_id': 3781, 'deals': [], 'cancellation_type': 'nonrefundable', 'credit_card': 1, 'bonus': 3600, 'miles': 1440, 'min_stay': 1, 'mircashback': 1800}, {'id': 394933, 'force_prepayment': 0, 'capacity': 2, 'prepayment': 'FIRST', 'nonrefundable': 1, 'cancellation_period': 0, 'cancellation_fee': 'FIRST', 'breakfast': 1, 'base_price': 18000, 'prices': [18000], 'price': 18000, 'old_price': 18000, 'currency': 'RUB', 'payment_amount': 18000, 'extras_variants': [], 'extras': [], 'rate_id': 3781, 'deals': [], 'cancellation_type': 'nonrefundable', 'credit_card': 1, 'bonus': 3600, 'miles': 1440, 'min_stay': 1, 'mircashback': 1800}]",18000.0,1440,458938_101hotels,2025-05-12
78442,,Номер с 2 отдельными кроватями и видом на озеро,2,1,0,1,Двухместный,2,23,[{'single': 2}],[],"[{'id': 522551, 'force_prepayment': 0, 'capacity': 1, 'prepayment': 'FIRST', 'nonrefundable': 1, 'cancellation_period': 0, 'cancellation_fee': 'FIRST', 'breakfast': 1, 'base_price': 13000, 'prices': [13000], 'price': 13000, 'old_price': 13000, 'currency': 'RUB', 'payment_amount': 13000, 'extras_variants': [], 'extras': [], 'rate_id': 15854, 'deals': [], 'cancellation_type': 'nonrefundable', 'credit_card': 1, 'bonus': 2600, 'miles': 1040, 'min_stay': 1, 'mircashback': 1300}, {'id': 522552, 'force_prepayment': 0, 'capacity': 2, 'prepayment': 'FIRST', 'nonrefundable': 1, 'cancellation_period': 0, 'cancellation_fee': 'FIRST', 'breakfast': 1, 'base_price': 13000, 'prices': [13000], 'price': 13000, 'old_price': 13000, 'currency': 'RUB', 'payment_amount': 13000, 'extras_variants': [], 'extras': [], 'rate_id': 15854, 'deals': [], 'cancellation_type': 'nonrefundable', 'credit_card': 1, 'bonus': 2600, 'miles': 1040, 'min_stay': 1, 'mircashback': 1300}]",13000.0,1040,15206_101hotels,2025-05-12
78443,,Номер с 1 кроватью и видом на озеро,2,1,0,1,Двухместный,2,6,[{'double': 1}],[],"[{'id': 522553, 'force_prepayment': 0, 'capacity': 1, 'prepayment': 'FIRST', 'nonrefundable': 1, 'cancellation_period': 0, 'cancellation_fee': 'FIRST', 'breakfast': 1, 'base_price': 13000, 'prices': [13000], 'price': 13000, 'old_price': 13000, 'currency': 'RUB', 'payment_amount': 13000, 'extras_variants': [], 'extras': [], 'rate_id': 15854, 'deals': [], 'cancellation_type': 'nonrefundable', 'credit_card': 1, 'bonus': 2600, 'miles': 1040, 'min_stay': 1, 'mircashback': 1300}, {'id': 522554, 'force_prepayment': 0, 'capacity': 2, 'prepayment': 'FIRST', 'nonrefundable': 1, 'cancellation_period': 0, 'cancellation_fee': 'FIRST', 'breakfast': 1, 'base_price': 13000, 'prices': [13000], 'price': 13000, 'old_price': 13000, 'currency': 'RUB', 'payment_amount': 13000, 'extras_variants': [], 'extras': [], 'rate_id': 15854, 'deals': [], 'cancellation_type': 'nonrefundable', 'credit_card': 1, 'bonus': 2600, 'miles': 1040, 'min_stay': 1, 'mircashback': 1300}]",13000.0,1040,15206_101hotels,2025-05-12
2274284,,Номер повышенной категории с двуспальной кроватью,2,1,0,1,Двухместный,2,2,[{'double': 1}],[],"[{'id': 805359, 'force_prepayment': 0, 'capacity': 1, 'prepayment': 'FIRST', 'nonrefundable': 1, 'cancellation_period': 0, 'cancellation_fee': 'FIRST', 'breakfast': 1, 'base_price': 15600, 'prices': [15600], 'price': 15600, 'old_price': 15600, 'currency': 'RUB', 'payment_amount': 15600, 'extras_variants': [], 'extras': [], 'rate_id': 15854, 'deals': [], 'cancellation_type': 'nonrefundable', 'credit_card': 1, 'bonus': 3120, 'miles': 1248, 'min_stay': 1, 'mircashback': 1560}, {'id': 805360, 'force_prepayment': 0, 'capacity': 2, 'prepayment': 'FIRST', 'nonrefundable': 1, 'cancellation_period': 0, 'cancellation_fee': 'FIRST', 'breakfast': 1, 'base_price': 15600, 'prices': [15600], 'price': 15600, 'old_price': 15600, 'currency': 'RUB', 'payment_amount': 15600, 'extras_variants': [], 'extras': [], 'rate_id': 15854, 'deals': [], 'cancellation_type': 'nonrefundable', 'credit_card': 1, 'bonus': 3120, 'miles': 1248, 'min_stay': 1, 'mircashback': 1560}]",15600.0,1248,15206_101hotels,2025-05-12
2274494,,Номер повышенной категории с раздельными кроватями,2,1,0,1,Двухместный,2,2,[{'single': 2}],[],"[{'id': 792327, 'force_prepayment': 0, 'capacity': 1, 'prepayment': 'FIRST', 'nonrefundable': 1, 'cancellation_period': 0, 'cancellation_fee': 'FIRST', 'breakfast': 1, 'base_price': 15600, 'prices': [15600], 'price': 15600, 'old_price': 15600, 'currency': 'RUB', 'payment_amount': 15600, 'extras_variants': [], 'extras': [], 'rate_id': 15854, 'deals': [], 'cancellation_type': 'nonrefundable', 'credit_card': 1, 'bonus': 3120, 'miles': 1248, 'min_stay': 1, 'mircashback': 1560}, {'id': 792328, 'force_prepayment': 0, 'capacity': 2, 'prepayment': 'FIRST', 'nonrefundable': 1, 'cancellation_period': 0, 'cancellation_fee': 'FIRST', 'breakfast': 1, 'base_price': 15600, 'prices': [15600], 'price': 15600, 'old_price': 15600, 'currency': 'RUB', 'payment_amount': 15600, 'extras_variants': [], 'extras': [], 'rate_id': 15854, 'deals': [], 'cancellation_type': 'nonrefundable', 'credit_card': 1, 'bonus': 3120, 'miles': 1248, 'min_stay': 1, 'mircashback': 1560}]",15600.0,1248,15206_101hotels,2025-05-12
2274542,,Номер с удобствами,2,0,0,1,Двухместный,2,2,[{'single': 2}],[],"[{'id': 792620, 'force_prepayment': 0, 'capacity': 1, 'prepayment': 'FIRST', 'nonrefundable': 1, 'cancellation_period': 0, 'cancellation_fee': 'FIRST', 'breakfast': 1, 'base_price': 6500, 'prices': [6500], 'price': 6500, 'old_price': 6500, 'currency': 'RUB', 'payment_amount': 6500, 'extras_variants': [], 'extras': [], 'rate_id': 30122, 'deals': [], 'cancellation_type': 'nonrefundable', 'credit_card': 1, 'bonus': 1300, 'miles': 520, 'min_stay': 1, 'mircashback': 650}, {'id': 792622, 'force_prepayment': 0, 'capacity': 1, 'prepayment': 'FIRST', 'nonrefundable': 1, 'cancellation_period': 0, 'cancellation_fee': 'FIRST', 'breakfast': 2, 'base_price': 9000, 'prices': [9000], 'price': 9000, 'old_price': 9000, 'currency': 'RUB', 'payment_amount': 9000, 'extras_variants': [], 'extras': [], 'rate_id': 30123, 'deals': [], 'cancellation_type': 'nonrefundable', 'credit_card': 1, 'bonus': 1800, 'miles': 720, 'min_stay': 1, 'mircashback': 900}, {'id': 792621, 'force_prepayment': 0, 'capacity': 2, 'prepayment': 'FIRST', 'nonrefundable': 1, 'cancellation_period': 0, 'cancellation_fee': 'FIRST', 'breakfast': 1, 'base_price': 6500, 'prices': [6500], 'price': 6500, 'old_price': 6500, 'currency': 'RUB', 'payment_amount': 6500, 'extras_variants': [], 'extras': [], 'rate_id': 30122, 'deals': [], 'cancellation_type': 'nonrefundable', 'credit_card': 1, 'bonus': 1300, 'miles': 520, 'min_stay': 1, 'mircashback': 650}, {'id': 792623, 'force_prepayment': 0, 'capacity': 2, 'prepayment': 'FIRST', 'nonrefundable': 1, 'cancellation_period': 0, 'cancellation_fee': 'FIRST', 'breakfast': 2, 'base_price': 9000, 'prices': [9000], 'price': 9000, 'old_price': 9000, 'currency': 'RUB', 'payment_amount': 9000, 'extras_variants': [], 'extras': [], 'rate_id': 30123, 'deals': [], 'cancellation_type': 'nonrefundable', 'credit_card': 1, 'bonus': 1800, 'miles': 720, 'min_stay': 1, 'mircashback': 900}]",6500.0,520,15210_101hotels,2025-05-12
2220086,,Номер эконом-класса с 2 раздельными кроватями,2,0,0,0,Двухместный,2,4,[{'double': 1}],"[{'number': '2', 'min_age': '0', 'max_age': '3', 'is_extra_bed': '0', 'extra_bed_type_id': '0'}]","[{'id': 306139, 'force_prepayment': 0, 'capacity': 1, 'prepayment': 'FULL', 'nonrefundable': 1, 'cancellation_period': 0, 'cancellation_fee': 'FIRST', 'breakfast': 0, 'base_price': 5050, 'prices': [5050], 'price': 5050, 'old_price': 5050, 'currency': 'RUB', 'payment_amount': 5050, 'extras_variants': [], 'extras': [], 'rate_id': 2662, 'deals': [], 'cancellation_type': 'nonrefundable', 'credit_card': 1, 'bonus': 1010, 'miles': 404, 'min_stay': 1, 'mircashback': 505}, {'id': 306140, 'force_prepayment': 0, 'capacity': 2, 'prepayment': 'FULL', 'nonrefundable': 1, 'cancellation_period': 0, 'cancellation_fee': 'FIRST', 'breakfast': 0, 'base_price': 5050, 'prices': [5050], 'price': 5050, 'old_price': 5050, 'currency': 'RUB', 'payment_amount': 5050, 'extras_variants': [], 'extras': [], 'rate_id': 2662, 'deals': [], 'cancellation_type': 'nonrefundable', 'credit_card': 1, 'bonus': 1010, 'miles': 404, 'min_stay': 1, 'mircashback': 505}]",5050.0,404,650956_101hotels,2025-05-12
2220114,,Номер эконом-класса с одной двуспальной кроватью,2,0,0,0,Двухместный,2,2,[{'double': 1}],"[{'number': '2', 'min_age': '0', 'max_age': '3', 'is_extra_bed': '0', 'extra_bed_type_id': '0'}]","[{'id': 306141, 'force_prepayment': 0, 'capacity': 1, 'prepayment': 'FULL', 'nonrefundable': 1, 'cancellation_period': 0, 'cancellation_fee': 'FIRST', 'breakfast': 0, 'base_price': 5050, 'prices': [5050], 'price': 5050, 'old_price': 5050, 'currency': 'RUB', 'payment_amount': 5050, 'extras_variants': [], 'extras': [], 'rate_id': 2662, 'deals': [], 'cancellation_type': 'nonrefundable', 'credit_card': 1, 'bonus': 1010, 'miles': 404, 'min_stay': 1, 'mircashback': 505}, {'id': 306142, 'force_prepayment': 0, 'capacity': 2, 'prepayment': 'FULL', 'nonrefundable': 1, 'cancellation_period': 0, 'cancellation_fee': 'FIRST', 'breakfast': 0, 'base_price': 5050, 'prices': [5050], 'price': 5050, 'old_price': 5050, 'currency': 'RUB', 'payment_amount': 5050, 'extras_variants': [], 'extras': [], 'rate_id': 2662, 'deals': [], 'cancellation_type': 'nonrefundable', 'credit_card': 1, 'bonus': 1010, 'miles': 404, 'min_stay': 1, 'mircashback': 505}]",5050.0,404,650956_101hotels,2025-05-12
2220122,,Номер эконом-класса с 3 раздельными кроватями,3,0,0,0,Трехместный,37,5,[{'single': 3}],"[{'number': '3', 'min_age': '0', 'max_age': '3', 'is_extra_bed': '0', 'extra_bed_type_id': '0'}]","[{'id': 306156, 'force_prepayment': 0, 'capacity': 1, 'prepayment': 'FULL', 'nonrefundable': 1, 'cancellation_period': 0, 'cancellation_fee': 'FIRST', 'breakfast': 0, 'base_price': 5050, 'prices': [5050], 'price': 5050, 'old_price': 5050, 'currency': 'RUB', 'payment_amount': 5050, 'extras_variants': [], 'extras': [], 'rate_id': 2662, 'deals': [], 'cancellation_type': 'nonrefundable', 'credit_card': 1, 'bonus': 1010, 'miles': 404, 'min_stay': 1, 'mircashback': 505}, {'id': 306157, 'force_prepayment': 0, 'capacity': 2, 'prepayment': 'FULL', 'nonrefundable': 1, 'cancellation_period': 0, 'cancellation_fee': 'FIRST', 'breakfast': 0, 'base_price': 5050, 'prices': [5050], 'price': 5050, 'old_price': 5050, 'currency': 'RUB', 'payment_amount': 5050, 'extras_variants': [], 'extras': [], 'rate_id': 2662, 'deals': [], 'cancellation_type': 'nonrefundable', 'credit_card': 1, 'bonus': 1010, 'miles': 404, 'min_stay': 1, 'mircashback': 505}, {'id': 306158, 'force_prepayment': 0, 'capacity': 3, 'prepayment': 'FULL', 'nonrefundable': 1, 'cancellation_period': 0, 'cancellation_fee': 'FIRST', 'breakfast': 0, 'base_price': 5050, 'prices': [5050], 'price': 5050, 'old_price': 5050, 'currency': 'RUB', 'payment_amount': 5050, 'extras_variants': [], 'extras': [], 'rate_id': 2662, 'deals': [], 'cancellation_type': 'nonrefundable', 'credit_card': 1, 'bonus': 1010, 'miles': 404, 'min_stay': 1, 'mircashback': 505}]",5050.0,404,650956_101hotels,2025-05-12
2220131,,Номер эконом-класса,2,3,0,0,Семейный,44,2,"[{'double': 1, 'sofa': 2}]","[{'number': '2', 'min_age': '0', 'max_age': '3', 'is_extra_bed': '0', 'extra_bed_type_id': '0'}]","[{'id': 306159, 'force_prepayment': 0, 'capacity': 1, 'prepayment': 'FULL', 'nonrefundable': 1, 'cancellation_period': 0, 'cancellation_fee': 'FIRST', 'breakfast': 0, 'base_price': 5650, 'prices': [5650], 'price': 5650, 'old_price': 5650, 'currency': 'RUB', 'payment_amount': 5650, 'extras_variants': [], 'extras': [], 'rate_id': 2662, 'deals': [], 'cancellation_type': 'nonrefundable', 'credit_card': 1, 'bonus': 1130, 'miles': 452, 'min_stay': 1, 'mircashback': 565}, {'id': 306160, 'force_prepayment': 0, 'capacity': 2, 'prepayment': 'FULL', 'nonrefundable': 1, 'cancellation_period': 0, 'cancellation_fee': 'FIRST', 'breakfast': 0, 'base_price': 5650, 'prices': [5650], 'price': 5650, 'old_price': 5650, 'currency': 'RUB', 'payment_amount': 5650, 'extras_variants': [], 'extras': [], 'rate_id': 2662, 'deals': [], 'cancellation_type': 'nonrefundable', 'credit_card': 1, 'bonus': 1130, 'miles': 452, 'min_stay': 1, 'mircashback': 565}]",5650.0,452,650956_101hotels,2025-05-12
2220139,,Номер категории Стандарт с 2 раздельными кроватями,2,2,0,1,Двухместный,2,11,"[{'single': 2, 'sofa': 1}]","[{'number': '2', 'min_age': '0', 'max_age': '3', 'is_extra_bed': '0', 'extra_bed_type_id': '0'}]","[{'id': 306143, 'force_prepayment': 0, 'capacity': 1, 'prepayment': 'FULL', 'nonrefundable': 1, 'cancellation_period': 0, 'cancellation_fee': 'FIRST', 'breakfast': 0, 'base_price': 7550, 'prices': [7550], 'price': 7550, 'old_price': 7550, 'currency': 'RUB', 'payment_amount': 7550, 'extras_variants': [], 'extras': [], 'rate_id': 2662, 'deals': [], 'cancellation_type': 'nonrefundable', 'credit_card': 1, 'bonus': 1510, 'miles': 604, 'min_stay': 1, 'mircashback': 755}, {'id': 306144, 'force_prepayment': 0, 'capacity': 2, 'prepayment': 'FULL', 'nonrefundable': 1, 'cancellation_period': 0, 'cancellation_fee': 'FIRST', 'breakfast': 0, 'base_price': 7550, 'prices': [7550], 'price': 7550, 'old_price': 7550, 'currency': 'RUB', 'payment_amount': 7550, 'extras_variants': [], 'extras': [], 'rate_id': 2662, 'deals': [], 'cancellation_type': 'nonrefundable', 'credit_card': 1, 'bonus': 1510, 'miles': 604, 'min_stay': 1, 'mircashback': 755}]",7550.0,604,650956_101hotels,2025-05-12
2220145,,Номер категории Стандарт с одной двуспальной кроватью,2,2,0,1,Двухместный,2,5,"[{'double': 1, 'sofa': 1}]","[{'number': '2', 'min_age': '0', 'max_age': '3', 'is_extra_bed': '0', 'extra_bed_type_id': '0'}]","[{'id': 306145, 'force_prepayment': 0, 'capacity': 1, 'prepayment': 'FULL', 'nonrefundable': 1, 'cancellation_period': 0, 'cancellation_fee': 'FIRST', 'breakfast': 0, 'base_price': 7550, 'prices': [7550], 'price': 7550, 'old_price': 7550, 'currency': 'RUB', 'payment_amount': 7550, 'extras_variants': [], 'extras': [], 'rate_id': 2662, 'deals': [], 'cancellation_type': 'nonrefundable', 'credit_card': 1, 'bonus': 1510, 'miles': 604, 'min_stay': 1, 'mircashback': 755}, {'id': 306146, 'force_prepayment': 0, 'capacity': 2, 'prepayment': 'FULL', 'nonrefundable': 1, 'cancellation_period': 0, 'cancellation_fee': 'FIRST', 'breakfast': 0, 'base_price': 7550, 'prices': [7550], 'price': 7550, 'old_price': 7550, 'currency': 'RUB', 'payment_amount': 7550, 'extras_variants': [], 'extras': [], 'rate_id': 2662, 'deals': [], 'cancellation_type': 'nonrefundable', 'credit_card': 1, 'bonus': 1510, 'miles': 604, 'min_stay': 1, 'mircashback': 755}]",7550.0,604,650956_101hotels,2025-05-12
1867840,,с 1 кроватью или 2 отдельными кроватями и собственной ванной комнатой,2,0,0,1,Двухместный,2,36,"[{'single': 2, 'double': 1}]",[],"[{'id': 363371, 'force_prepayment': 0, 'capacity': 1, 'prepayment': 'FIRST', 'nonrefundable': 0, 'cancellation_period': 20, 'cancellation_fee': 'FIRST', 'breakfast': 1, 'base_price': 7500, 'prices': [7500], 'price': 7500, 'old_price': 7500, 'currency': 'RUB', 'payment_amount': 7500, 'extras_variants': [], 'extras': [], 'rate_id': 5539, 'deals': [], 'cancellation_type': 'special', 'credit_card': 1, 'bonus': 1500, 'miles': 600, 'min_stay': 1, 'mircashback': 750}, {'id': 363372, 'force_prepayment': 0, 'capacity': 2, 'prepayment': 'FIRST', 'nonrefundable': 0, 'cancellation_period': 20, 'cancellation_fee': 'FIRST', 'breakfast': 1, 'base_price': 8000, 'prices': [8000], 'price': 8000, 'old_price': 8000, 'currency': 'RUB', 'payment_amount': 8000, 'extras_variants': [], 'extras': [], 'rate_id': 5539, 'deals': [], 'cancellation_type': 'special', 'credit_card': 1, 'bonus': 1600, 'miles': 640, 'min_stay': 1, 'mircashback': 800}]",7500.0,600,559466_101hotels,2025-05-12
1867841,,Семейный номер,3,1,0,1,De Luxe,29,8,"[{'double': 1, 'sofa': 1}]","[{'number': '1', 'min_age': '0', 'max_age': '5', 'is_extra_bed': '0', 'extra_bed_type_id': '0'}]","[{'id': 363376, 'force_prepayment': 0, 'capacity': 1, 'prepayment': 'FIRST', 'nonrefundable': 0, 'cancellation_period': 20, 'cancellation_fee': 'FIRST', 'breakfast': 1, 'base_price': 13500, 'prices': [13500], 'price': 13500, 'old_price': 13500, 'currency': 'RUB', 'payment_amount': 13500, 'extras_variants': [], 'extras': [], 'rate_id': 5539, 'deals': [], 'cancellation_type': 'special', 'credit_card': 1, 'bonus': 2700, 'miles': 1080, 'min_stay': 1, 'mircashback': 1350}, {'id': 363377, 'force_prepayment': 0, 'capacity': 2, 'prepayment': 'FIRST', 'nonrefundable': 0, 'cancellation_period': 20, 'cancellation_fee': 'FIRST', 'breakfast': 1, 'base_price': 14000, 'prices': [14000], 'price': 14000, 'old_price': 14000, 'currency': 'RUB', 'payment_amount': 14000, 'extras_variants': [], 'extras': [], 'rate_id': 5539, 'deals': [], 'cancellation_type': 'special', 'credit_card': 1, 'bonus': 2800, 'miles': 1120, 'min_stay': 1, 'mircashback': 1400}, {'id': 363378, 'force_prepayment': 0, 'capacity': 3, 'prepayment': 'FIRST', 'nonrefundable': 0, 'cancellation_period': 20, 'cancellation_fee': 'FIRST', 'breakfast': 1, 'base_price': 15000, 'prices': [15000], 'price': 15000, 'old_price': 15000, 'currency': 'RUB', 'payment_amount': 15000, 'extras_variants': [], 'extras': [], 'rate_id': 5539, 'deals': [], 'cancellation_type': 'special', 'credit_card': 1, 'bonus': 3000, 'miles': 1200, 'min_stay': 1, 'mircashback': 1500}]",13500.0,1080,559466_101hotels,2025-05-12
1867842,,с собственной ванной комнатой,3,0,0,1,Трехместный,37,8,[{'single': 3}],[],"[{'id': 363373, 'force_prepayment': 0, 'capacity': 1, 'prepayment': 'FIRST', 'nonrefundable': 0, 'cancellation_period': 20, 'cancellation_fee': 'FIRST', 'breakfast': 1, 'base_price': 7500, 'prices': [7500], 'price': 7500, 'old_price': 7500, 'currency': 'RUB', 'payment_amount': 7500, 'extras_variants': [], 'extras': [], 'rate_id': 5539, 'deals': [], 'cancellation_type': 'special', 'credit_card': 1, 'bonus': 1500, 'miles': 600, 'min_stay': 1, 'mircashback': 750}, {'id': 363374, 'force_prepayment': 0, 'capacity': 2, 'prepayment': 'FIRST', 'nonrefundable': 0, 'cancellation_period': 20, 'cancellation_fee': 'FIRST', 'breakfast': 1, 'base_price': 8000, 'prices': [8000], 'price': 8000, 'old_price': 8000, 'currency': 'RUB', 'payment_amount': 8000, 'extras_variants': [], 'extras': [], 'rate_id': 5539, 'deals': [], 'cancellation_type': 'special', 'credit_card': 1, 'bonus': 1600, 'miles': 640, 'min_stay': 1, 'mircashback': 800}, {'id': 363375, 'force_prepayment': 0, 'capacity': 3, 'prepayment': 'FIRST', 'nonrefundable': 0, 'cancellation_period': 20, 'cancellation_fee': 'FIRST', 'breakfast': 1, 'base_price': 12000, 'prices': [12000], 'price': 12000, 'old_price': 12000, 'currency': 'RUB', 'payment_amount': 12000, 'extras_variants': [], 'extras': [], 'rate_id': 5539, 'deals': [], 'cancellation_type': 'special', 'credit_card': 1, 'bonus': 2400, 'miles': 960, 'min_stay': 1, 'mircashback': 1200}]",7500.0,600,559466_101hotels,2025-05-12
2234065,,Благоустроенный номер,3,0,0,1,Трехместный,37,2,[{'single': 3}],[],"[{'id': 427444, 'force_prepayment': 0, 'capacity': 1, 'prepayment': 'FULL', 'nonrefundable': 0, 'cancellation_period': 3, 'cancellation_fee': 'FIRST', 'breakfast': 1, 'base_price': 8000, 'prices': [8000], 'price': 8000, 'old_price': 8000, 'currency': 'RUB', 'payment_amount': 8000, 'extras_variants': [], 'extras': [], 'rate_id': 9269, 'deals': [], 'cancellation_type': 'special', 'credit_card': 1, 'bonus': 1600, 'miles': 640, 'min_stay': 1, 'mircashback': 800}, {'id': 427445, 'force_prepayment': 0, 'capacity': 2, 'prepayment': 'FULL', 'nonrefundable': 0, 'cancellation_period': 3, 'cancellation_fee': 'FIRST', 'breakfast': 1, 'base_price': 8000, 'prices': [8000], 'price': 8000, 'old_price': 8000, 'currency': 'RUB', 'payment_amount': 8000, 'extras_variants': [], 'extras': [], 'rate_id': 9269, 'deals': [], 'cancellation_type': 'special', 'credit_card': 1, 'bonus': 1600, 'miles': 640, 'min_stay': 1, 'mircashback': 800}, {'id': 427446, 'force_prepayment': 0, 'capacity': 3, 'prepayment': 'FULL', 'nonrefundable': 0, 'cancellation_period': 3, 'cancellation_fee': 'FIRST', 'breakfast': 1, 'base_price': 8000, 'prices': [8000], 'price': 8000, 'old_price': 8000, 'currency': 'RUB', 'payment_amount': 8000, 'extras_variants': [], 'extras': [], 'rate_id': 9269, 'deals': [], 'cancellation_type': 'special', 'credit_card': 1, 'bonus': 1600, 'miles': 640, 'min_stay': 1, 'mircashback': 800}]",8000.0,640,570584_101hotels,2025-05-12
2234067,,Благоустроенный номер,4,0,0,1,Четырехместный,34,2,[{'single': 4}],[],"[{'id': 427447, 'force_prepayment': 0, 'capacity': 1, 'prepayment': 'FULL', 'nonrefundable': 0, 'cancellation_period': 3, 'cancellation_fee': 'FIRST', 'breakfast': 1, 'base_price': 10000, 'prices': [10000], 'price': 10000, 'old_price': 10000, 'currency': 'RUB', 'payment_amount': 10000, 'extras_variants': [], 'extras': [], 'rate_id': 9269, 'deals': [], 'cancellation_type': 'special', 'credit_card': 1, 'bonus': 2000, 'miles': 800, 'min_stay': 1, 'mircashback': 1000}, {'id': 427448, 'force_prepayment': 0, 'capacity': 2, 'prepayment': 'FULL', 'nonrefundable': 0, 'cancellation_period': 3, 'cancellation_fee': 'FIRST', 'breakfast': 1, 'base_price': 10000, 'prices': [10000], 'price': 10000, 'old_price': 10000, 'currency': 'RUB', 'payment_amount': 10000, 'extras_variants': [], 'extras': [], 'rate_id': 9269, 'deals': [], 'cancellation_type': 'special', 'credit_card': 1, 'bonus': 2000, 'miles': 800, 'min_stay': 1, 'mircashback': 1000}, {'id': 427449, 'force_prepayment': 0, 'capacity': 3, 'prepayment': 'FULL', 'nonrefundable': 0, 'cancellation_period': 3, 'cancellation_fee': 'FIRST', 'breakfast': 1, 'base_price': 10000, 'prices': [10000], 'price': 10000, 'old_price': 10000, 'currency': 'RUB', 'payment_amount': 10000, 'extras_variants': [], 'extras': [], 'rate_id': 9269, 'deals': [], 'cancellation_type': 'special', 'credit_card': 1, 'bonus': 2000, 'miles': 800, 'min_stay': 1, 'mircashback': 1000}, {'id': 427450, 'force_prepayment': 0, 'capacity': 4, 'prepayment': 'FULL', 'nonrefundable': 0, 'cancellation_period': 3, 'cancellation_fee': 'FIRST', 'breakfast': 1, 'base_price': 10000, 'prices': [10000], 'price': 10000, 'old_price': 10000, 'currency': 'RUB', 'payment_amount': 10000, 'extras_variants': [], 'extras': [], 'rate_id': 9269, 'deals': [], 'cancellation_type': 'special', 'credit_card': 1, 'bonus': 2000, 'miles': 800, 'min_stay': 1, 'mircashback': 1000}]",10000.0,800,570584_101hotels,2025-05-12
2254818,,С западной стороны дома,3,0,0,1,Апартаменты,14,1,"[{'double': 1, 'sofa': 1}]","[{'number': '1', 'min_age': '0', 'max_age': '3', 'is_extra_bed': '0', 'extra_bed_type_id': '0'}]","[{'id': 642057, 'force_prepayment': 0, 'capacity': 1, 'prepayment': 'FULL', 'nonrefundable': 0, 'cancellation_period': 14, 'cancellation_fee': 'FIRST', 'breakfast': 0, 'base_price': 11000, 'prices': [5500, 5500], 'price': 10175, 'old_price': 11000, 'currency': 'RUB', 'payment_amount': 11000, 'extras_variants': [], 'extras': [], 'rate_id': 7681, 'deals': ['LAST_MINUTE'], 'cancellation_type': 'special', 'credit_card': 1, 'bonus': 2035, 'miles': 812, 'min_stay': 2, 'mircashback': 1018}, {'id': 642058, 'force_prepayment': 0, 'capacity': 2, 'prepayment': 'FULL', 'nonrefundable': 0, 'cancellation_period': 14, 'cancellation_fee': 'FIRST', 'breakfast': 0, 'base_price': 13000, 'prices': [6500, 6500], 'price': 12025, 'old_price': 13000, 'currency': 'RUB', 'payment_amount': 13000, 'extras_variants': [], 'extras': [], 'rate_id': 7681, 'deals': ['LAST_MINUTE'], 'cancellation_type': 'special', 'credit_card': 1, 'bonus': 2405, 'miles': 960, 'min_stay': 2, 'mircashback': 1203}, {'id': 642059, 'force_prepayment': 0, 'capacity': 3, 'prepayment': 'FULL', 'nonrefundable': 0, 'cancellation_period': 14, 'cancellation_fee': 'FIRST', 'breakfast': 0, 'base_price': 15000, 'prices': [7500, 7500], 'price': 13875, 'old_price': 15000, 'currency': 'RUB', 'payment_amount': 15000, 'extras_variants': [], 'extras': [], 'rate_id': 7681, 'deals': ['LAST_MINUTE'], 'cancellation_type': 'special', 'credit_card': 1, 'bonus': 2775, 'miles': 1108, 'min_stay': 2, 'mircashback': 1388}]",10175.0,812,609196_101hotels,2025-05-12
2276967,,Двухкомнатное семейное шале с террасой,6,0,0,1,Дом,56,1,"[{'single': 2, 'double': 1, 'sofa': 1}]","[{'number': '1', 'min_age': '0', 'max_age': '3', 'is_extra_bed': '0', 'extra_bed_type_id': '0'}]","[{'id': 810722, 'force_prepayment': 0, 'capacity': 1, 'prepayment': 'FULL', 'nonrefundable': 0, 'cancellation_period': 14, 'cancellation_fee': 'FIRST', 'breakfast': 0, 'base_price': 28000, 'prices': [14000, 14000], 'price': 25900, 'old_price': 28000, 'currency': 'RUB', 'payment_amount': 28000, 'extras_variants': [], 'extras': [], 'rate_id': 7681, 'deals': ['LAST_MINUTE'], 'cancellation_type': 'special', 'credit_card': 1, 'bonus': 5180, 'miles': 2072, 'min_stay': 2, 'mircashback': 2590}, {'id': 810723, 'force_prepayment': 0, 'capacity': 2, 'prepayment': 'FULL', 'nonrefundable': 0, 'cancellation_period': 14, 'cancellation_fee': 'FIRST', 'breakfast': 0, 'base_price': 28000, 'prices': [14000, 14000], 'price': 25900, 'old_price': 28000, 'currency': 'RUB', 'payment_amount': 28000, 'extras_variants': [], 'extras': [], 'rate_id': 7681, 'deals': ['LAST_MINUTE'], 'cancellation_type': 'special', 'credit_card': 1, 'bonus': 5180, 'miles': 2072, 'min_stay': 2, 'mircashback': 2590}, {'id': 810724, 'force_prepayment': 0, 'capacity': 3, 'prepayment': 'FULL', 'nonrefundable': 0, 'cancellation_period': 14, 'cancellation_fee': 'FIRST', 'breakfast': 0, 'base_price': 32000, 'prices': [16000, 16000], 'price': 29600, 'old_price': 32000, 'currency': 'RUB', 'payment_amount': 32000, 'extras_variants': [], 'extras': [], 'rate_id': 7681, 'deals': ['LAST_MINUTE'], 'cancellation_type': 'special', 'credit_card': 1, 'bonus': 5920, 'miles': 2368, 'min_stay': 2, 'mircashback': 2960}, {'id': 810725, 'force_prepayment': 0, 'capacity': 4, 'prepayment': 'FULL', 'nonrefundable': 0, 'cancellation_period': 14, 'cancellation_fee': 'FIRST', 'breakfast': 0, 'base_price': 32000, 'prices': [16000, 16000], 'price': 29600, 'old_price': 32000, 'currency': 'RUB', 'payment_amount': 32000, 'extras_variants': [], 'extras': [], 'rate_id': 7681, 'deals': ['LAST_MINUTE'], 'cancellation_type': 'special', 'credit_card': 1, 'bonus': 5920, 'miles': 2368, 'min_stay': 2, 'mircashback': 2960}, {'id': 1024662, 'force_prepayment': 0, 'capacity': 5, 'prepayment': 'FULL', 'nonrefundable': 0, 'cancellation_period': 14, 'cancellation_fee': 'FIRST', 'breakfast': 0, 'base_price': 36000, 'prices': [18000, 18000], 'price': 36000, 'old_price': 36000, 'currency': 'RUB', 'payment_amount': 36000, 'extras_variants': [], 'extras': [], 'rate_id': 7681, 'deals': [], 'cancellation_type': 'special', 'credit_card': 1, 'bonus': 7200, 'miles': 2880, 'min_stay': 2, 'mircashback': 3600}, {'id': 1024663, 'force_prepayment': 0, 'capacity': 6, 'prepayment': 'FULL', 'nonrefundable': 0, 'cancellation_period': 14, 'cancellation_fee': 'FIRST', 'breakfast': 0, 'base_price': 36000, 'prices': [18000, 18000], 'price': 36000, 'old_price': 36000, 'currency': 'RUB', 'payment_amount': 36000, 'extras_variants': [], 'extras': [], 'rate_id': 7681, 'deals': [], 'cancellation_type': 'special', 'credit_card': 1, 'bonus': 7200, 'miles': 2880, 'min_stay': 2, 'mircashback': 3600}]",25900.0,2072,609196_101hotels,2025-05-12
2298158,,Двухкомнатное семейное с террасой и видом на горы,6,0,0,1,Шале,55,1,"[{'single': 2, 'double': 1, 'sofa': 1}]","[{'number': '1', 'min_age': '0', 'max_age': '3', 'is_extra_bed': '0', 'extra_bed_type_id': '0'}]","[{'id': 1024548, 'force_prepayment': 0, 'capacity': 1, 'prepayment': 'FULL', 'nonrefundable': 0, 'cancellation_period': 14, 'cancellation_fee': 'FIRST', 'breakfast': 0, 'base_price': 28000, 'prices': [14000, 14000], 'price': 25900, 'old_price': 28000, 'currency': 'RUB', 'payment_amount': 28000, 'extras_variants': [], 'extras': [], 'rate_id': 7681, 'deals': ['LAST_MINUTE'], 'cancellation_type': 'special', 'credit_card': 1, 'bonus': 5180, 'miles': 2072, 'min_stay': 2, 'mircashback': 2590}, {'id': 1024549, 'force_prepayment': 0, 'capacity': 2, 'prepayment': 'FULL', 'nonrefundable': 0, 'cancellation_period': 14, 'cancellation_fee': 'FIRST', 'breakfast': 0, 'base_price': 28000, 'prices': [14000, 14000], 'price': 25900, 'old_price': 28000, 'currency': 'RUB', 'payment_amount': 28000, 'extras_variants': [], 'extras': [], 'rate_id': 7681, 'deals': ['LAST_MINUTE'], 'cancellation_type': 'special', 'credit_card': 1, 'bonus': 5180, 'miles': 2072, 'min_stay': 2, 'mircashback': 2590}, {'id': 1024550, 'force_prepayment': 0, 'capacity': 3, 'prepayment': 'FULL', 'nonrefundable': 0, 'cancellation_period': 14, 'cancellation_fee': 'FIRST', 'breakfast': 0, 'base_price': 32000, 'prices': [16000, 16000], 'price': 29600, 'old_price': 32000, 'currency': 'RUB', 'payment_amount': 32000, 'extras_variants': [], 'extras': [], 'rate_id': 7681, 'deals': ['LAST_MINUTE'], 'cancellation_type': 'special', 'credit_card': 1, 'bonus': 5920, 'miles': 2368, 'min_stay': 2, 'mircashback': 2960}, {'id': 1024551, 'force_prepayment': 0, 'capacity': 4, 'prepayment': 'FULL', 'nonrefundable': 0, 'cancellation_period': 14, 'cancellation_fee': 'FIRST', 'breakfast': 0, 'base_price': 32000, 'prices': [16000, 16000], 'price': 29600, 'old_price': 32000, 'currency': 'RUB', 'payment_amount': 32000, 'extras_variants': [], 'extras': [], 'rate_id': 7681, 'deals': ['LAST_MINUTE'], 'cancellation_type': 'special', 'credit_card': 1, 'bonus': 5920, 'miles': 2368, 'min_stay': 2, 'mircashback': 2960}, {'id': 1024664, 'force_prepayment': 0, 'capacity': 5, 'prepayment': 'FULL', 'nonrefundable': 0, 'cancellation_period': 14, 'cancellation_fee': 'FIRST', 'breakfast': 0, 'base_price': 36000, 'prices': [18000, 18000], 'price': 36000, 'old_price': 36000, 'currency': 'RUB', 'payment_amount': 36000, 'extras_variants': [], 'extras': [], 'rate_id': 7681, 'deals': [], 'cancellation_type': 'special', 'credit_card': 1, 'bonus': 7200, 'miles': 2880, 'min_stay': 2, 'mircashback': 3600}, {'id': 1024665, 'force_prepayment': 0, 'capacity': 6, 'prepayment': 'FULL', 'nonrefundable': 0, 'cancellation_period': 14, 'cancellation_fee': 'FIRST', 'breakfast': 0, 'base_price': 36000, 'prices': [18000, 18000], 'price': 36000, 'old_price': 36000, 'currency': 'RUB', 'payment_amount': 36000, 'extras_variants': [], 'extras': [], 'rate_id': 7681, 'deals': [], 'cancellation_type': 'special', 'credit_card': 1, 'bonus': 7200, 'miles': 2880, 'min_stay': 2, 'mircashback': 3600}]",25900.0,2072,609196_101hotels,2025-05-12
1988542,,С двумя отдельными кроватями и собственной ванной комнатой,2,0,0,1,Двухместный,2,2,[{'single': 2}],[],"[{'id': 376933, 'force_prepayment': 0, 'capacity': 1, 'prepayment': 'NO', 'nonrefundable': 0, 'cancellation_period': 0, 'cancellation_fee': 'NO', 'breakfast': 1, 'base_price': 4350, 'prices': [4350], 'price': 4350, 'old_price': 4350, 'currency': 'RUB', 'payment_amount': 0, 'extras_variants': [], 'extras': [], 'rate_id': 6169, 'deals': [], 'cancellation_type': 'free', 'credit_card': 0, 'bonus': 870, 'miles': 348, 'min_stay': 1, 'mircashback': 435}, {'id': 376934, 'force_prepayment': 0, 'capacity': 2, 'prepayment': 'NO', 'nonrefundable': 0, 'cancellation_period': 0, 'cancellation_fee': 'NO', 'breakfast': 1, 'base_price': 4950, 'prices': [4950], 'price': 4950, 'old_price': 4950, 'currency': 'RUB', 'payment_amount': 0, 'extras_variants': [], 'extras': [], 'rate_id': 6169, 'deals': [], 'cancellation_type': 'free', 'credit_card': 0, 'bonus': 990, 'miles': 396, 'min_stay': 1, 'mircashback': 495}]",4350.0,348,609203_101hotels,2025-05-12
2227391,,,2,0,0,1,Шале,55,2,[{'single': 2}],[],"[{'id': 376931, 'force_prepayment': 0, 'capacity': 1, 'prepayment': 'NO', 'nonrefundable': 0, 'cancellation_period': 0, 'cancellation_fee': 'NO', 'breakfast': 1, 'base_price': 6350, 'prices': [6350], 'price': 6350, 'old_price': 6350, 'currency': 'RUB', 'payment_amount': 0, 'extras_variants': [], 'extras': [], 'rate_id': 6169, 'deals': [], 'cancellation_type': 'free', 'credit_card': 0, 'bonus': 1270, 'miles': 508, 'min_stay': 1, 'mircashback': 635}, {'id': 376932, 'force_prepayment': 0, 'capacity': 2, 'prepayment': 'NO', 'nonrefundable': 0, 'cancellation_period': 0, 'cancellation_fee': 'NO', 'breakfast': 1, 'base_price': 6950, 'prices': [6950], 'price': 6950, 'old_price': 6950, 'currency': 'RUB', 'payment_amount': 0, 'extras_variants': [], 'extras': [], 'rate_id': 6169, 'deals': [], 'cancellation_type': 'free', 'credit_card': 0, 'bonus': 1390, 'miles': 556, 'min_stay': 1, 'mircashback': 695}]",6350.0,508,609203_101hotels,2025-05-12
2227395,,Семейный,3,0,0,1,Шале,55,1,"[{'single': 1, 'double': 1}]",[],"[{'id': 376936, 'force_prepayment': 0, 'capacity': 1, 'prepayment': 'NO', 'nonrefundable': 0, 'cancellation_period': 0, 'cancellation_fee': 'NO', 'breakfast': 1, 'base_price': 8350, 'prices': [8350], 'price': 8350, 'old_price': 8350, 'currency': 'RUB', 'payment_amount': 0, 'extras_variants': [], 'extras': [], 'rate_id': 6169, 'deals': [], 'cancellation_type': 'free', 'credit_card': 0, 'bonus': 1670, 'miles': 668, 'min_stay': 1, 'mircashback': 835}, {'id': 376937, 'force_prepayment': 0, 'capacity': 2, 'prepayment': 'NO', 'nonrefundable': 0, 'cancellation_period': 0, 'cancellation_fee': 'NO', 'breakfast': 1, 'base_price': 8350, 'prices': [8350], 'price': 8350, 'old_price': 8350, 'currency': 'RUB', 'payment_amount': 0, 'extras_variants': [], 'extras': [], 'rate_id': 6169, 'deals': [], 'cancellation_type': 'free', 'credit_card': 0, 'bonus': 1670, 'miles': 668, 'min_stay': 1, 'mircashback': 835}, {'id': 376938, 'force_prepayment': 0, 'capacity': 3, 'prepayment': 'NO', 'nonrefundable': 0, 'cancellation_period': 0, 'cancellation_fee': 'NO', 'breakfast': 1, 'base_price': 8950, 'prices': [8950], 'price': 8950, 'old_price': 8950, 'currency': 'RUB', 'payment_amount': 0, 'extras_variants': [], 'extras': [], 'rate_id': 6169, 'deals': [], 'cancellation_type': 'free', 'credit_card': 0, 'bonus': 1790, 'miles': 716, 'min_stay': 1, 'mircashback': 895}]",8350.0,668,609203_101hotels,2025-05-12
2232454,,Бюджетный,2,1,0,1,Двухместный,2,16,"[{'single': 2}, {'double': 1}, {'single': 3}]","[{'number': '1', 'min_age': '6', 'max_age': '18', 'is_extra_bed': '1', 'extra_bed_type_id': '4'}]","[{'id': 415912, 'force_prepayment': 0, 'capacity': 1, 'prepayment': 'FULL', 'nonrefundable': 0, 'cancellation_period': 14, 'cancellation_fee': 'FIRST', 'breakfast': 1, 'base_price': 6000, 'prices': [6000], 'price': 6000, 'old_price': 6000, 'currency': 'RUB', 'payment_amount': 6000, 'extras_variants': [], 'extras': [], 'rate_id': 8485, 'deals': [], 'cancellation_type': 'special', 'credit_card': 1, 'bonus': 1200, 'miles': 480, 'min_stay': 1, 'mircashback': 600}, {'id': 415913, 'force_prepayment': 0, 'capacity': 2, 'prepayment': 'FULL', 'nonrefundable': 0, 'cancellation_period': 14, 'cancellation_fee': 'FIRST', 'breakfast': 1, 'base_price': 6000, 'prices': [6000], 'price': 6000, 'old_price': 6000, 'currency': 'RUB', 'payment_amount': 6000, 'extras_variants': [], 'extras': [], 'rate_id': 8485, 'deals': [], 'cancellation_type': 'special', 'credit_card': 1, 'bonus': 1200, 'miles': 480, 'min_stay': 1, 'mircashback': 600}]",6000.0,480,653669_101hotels,2025-05-12
78394,,"Номер ""Премиум"" с 2 спальнями",4,0,0,1,Сьюит,27,2,"[{'double': 1}, {'double': 1}]",[],"[{'id': 316492, 'force_prepayment': 0, 'capacity': 1, 'prepayment': 'FIRST', 'nonrefundable': 0, 'cancellation_period': 20, 'cancellation_fee': 'FIRST', 'breakfast': 6, 'base_price': 20345, 'prices': [20345], 'price': 20345, 'old_price': 20345, 'currency': 'RUB', 'payment_amount': 20345, 'extras_variants': [], 'extras': [], 'rate_id': 3119, 'deals': [], 'cancellation_type': 'special', 'credit_card': 1, 'bonus': 4069, 'miles': 1624, 'min_stay': 1, 'mircashback': 2035}, {'id': 525774, 'force_prepayment': 0, 'capacity': 1, 'prepayment': 'FIRST', 'nonrefundable': 0, 'cancellation_period': 30, 'cancellation_fee': 'FIRST', 'breakfast': 1, 'base_price': 20345, 'prices': [20345], 'price': 20345, 'old_price': 20345, 'currency': 'RUB', 'payment_amount': 20345, 'extras_variants': [], 'extras': [], 'rate_id': 16033, 'deals': [], 'cancellation_type': 'special', 'credit_card': 1, 'bonus': 4069, 'miles': 1624, 'min_stay': 1, 'mircashback': 2035}, {'id': 316493, 'force_prepayment': 0, 'capacity': 2, 'prepayment': 'FIRST', 'nonrefundable': 0, 'cancellation_period': 20, 'cancellation_fee': 'FIRST', 'breakfast': 6, 'base_price': 20345, 'prices': [20345], 'price': 20345, 'old_price': 20345, 'currency': 'RUB', 'payment_amount': 20345, 'extras_variants': [], 'extras': [], 'rate_id': 3119, 'deals': [], 'cancellation_type': 'special', 'credit_card': 1, 'bonus': 4069, 'miles': 1624, 'min_stay': 1, 'mircashback': 2035}, {'id': 525775, 'force_prepayment': 0, 'capacity': 2, 'prepayment': 'FIRST', 'nonrefundable': 0, 'cancellation_period': 30, 'cancellation_fee': 'FIRST', 'breakfast': 1, 'base_price': 20345, 'prices': [20345], 'price': 20345, 'old_price': 20345, 'currency': 'RUB', 'payment_amount': 20345, 'extras_variants': [], 'extras': [], 'rate_id': 16033, 'deals': [], 'cancellation_type': 'special', 'credit_card': 1, 'bonus': 4069, 'miles': 1624, 'min_stay': 1, 'mircashback': 2035}, {'id': 316494, 'force_prepayment': 0, 'capacity': 3, 'prepayment': 'FIRST', 'nonrefundable': 0, 'cancellation_period': 20, 'cancellation_fee': 'FIRST', 'breakfast': 6, 'base_price': 20345, 'prices': [20345], 'price': 20345, 'old_price': 20345, 'currency': 'RUB', 'payment_amount': 20345, 'extras_variants': [], 'extras': [], 'rate_id': 3119, 'deals': [], 'cancellation_type': 'special', 'credit_card': 1, 'bonus': 4069, 'miles': 1624, 'min_stay': 1, 'mircashback': 2035}, {'id': 525776, 'force_prepayment': 0, 'capacity': 3, 'prepayment': 'FIRST', 'nonrefundable': 0, 'cancellation_period': 30, 'cancellation_fee': 'FIRST', 'breakfast': 1, 'base_price': 20345, 'prices': [20345], 'price': 20345, 'old_price': 20345, 'currency': 'RUB', 'payment_amount': 20345, 'extras_variants': [], 'extras': [], 'rate_id': 16033, 'deals': [], 'cancellation_type': 'special', 'credit_card': 1, 'bonus': 4069, 'miles': 1624, 'min_stay': 1, 'mircashback': 2035}, {'id': 316495, 'force_prepayment': 0, 'capacity': 4, 'prepayment': 'FIRST', 'nonrefundable': 0, 'cancellation_period': 20, 'cancellation_fee': 'FIRST', 'breakfast': 6, 'base_price': 20345, 'prices': [20345], 'price': 20345, 'old_price': 20345, 'currency': 'RUB', 'payment_amount': 20345, 'extras_variants': [], 'extras': [], 'rate_id': 3119, 'deals': [], 'cancellation_type': 'special', 'credit_card': 1, 'bonus': 4069, 'miles': 1624, 'min_stay': 1, 'mircashback': 2035}, {'id': 525777, 'force_prepayment': 0, 'capacity': 4, 'prepayment': 'FIRST', 'nonrefundable': 0, 'cancellation_period': 30, 'cancellation_fee': 'FIRST', 'breakfast': 1, 'base_price': 20345, 'prices': [20345], 'price': 20345, 'old_price': 20345, 'currency': 'RUB', 'payment_amount': 20345, 'extras_variants': [], 'extras': [], 'rate_id': 16033, 'deals': [], 'cancellation_type': 'special', 'credit_card': 1, 'bonus': 4069, 'miles': 1624, 'min_stay': 1, 'mircashback': 2035}]",20345.0,1624,15192_101hotels,2025-05-12
78395,,Комфорт с 1 кроватью или 2 отдельными кроватями,2,0,0,1,Двухместный,2,20,"[{'single': 2}, {'double': 1}]",[],"[{'id': 316488, 'force_prepayment': 0, 'capacity': 1, 'prepayment': 'FIRST', 'nonrefundable': 0, 'cancellation_period': 20, 'cancellation_fee': 'FIRST', 'breakfast': 6, 'base_price': 9295, 'prices': [9295], 'price': 9295, 'old_price': 9295, 'currency': 'RUB', 'payment_amount': 9295, 'extras_variants': [], 'extras': [], 'rate_id': 3119, 'deals': [], 'cancellation_type': 'special', 'credit_card': 1, 'bonus': 1859, 'miles': 740, 'min_stay': 1, 'mircashback': 930}, {'id': 525768, 'force_prepayment': 0, 'capacity': 1, 'prepayment': 'FIRST', 'nonrefundable': 0, 'cancellation_period': 30, 'cancellation_fee': 'FIRST', 'breakfast': 1, 'base_price': 9295, 'prices': [9295], 'price': 9295, 'old_price': 9295, 'currency': 'RUB', 'payment_amount': 9295, 'extras_variants': [], 'extras': [], 'rate_id': 16033, 'deals': [], 'cancellation_type': 'special', 'credit_card': 1, 'bonus': 1859, 'miles': 740, 'min_stay': 1, 'mircashback': 930}, {'id': 316489, 'force_prepayment': 0, 'capacity': 2, 'prepayment': 'FIRST', 'nonrefundable': 0, 'cancellation_period': 20, 'cancellation_fee': 'FIRST', 'breakfast': 6, 'base_price': 9815, 'prices': [9815], 'price': 9815, 'old_price': 9815, 'currency': 'RUB', 'payment_amount': 9815, 'extras_variants': [], 'extras': [], 'rate_id': 3119, 'deals': [], 'cancellation_type': 'special', 'credit_card': 1, 'bonus': 1963, 'miles': 784, 'min_stay': 1, 'mircashback': 982}, {'id': 525769, 'force_prepayment': 0, 'capacity': 2, 'prepayment': 'FIRST', 'nonrefundable': 0, 'cancellation_period': 30, 'cancellation_fee': 'FIRST', 'breakfast': 1, 'base_price': 9815, 'prices': [9815], 'price': 9815, 'old_price': 9815, 'currency': 'RUB', 'payment_amount': 9815, 'extras_variants': [], 'extras': [], 'rate_id': 16033, 'deals': [], 'cancellation_type': 'special', 'credit_card': 1, 'bonus': 1963, 'miles': 784, 'min_stay': 1, 'mircashback': 982}]",9295.0,740,15192_101hotels,2025-05-12
2214121,,Улучшенный номер с 1 кроватью или 2 отдельными кроватями,2,0,0,1,Двухместный,2,10,"[{'single': 2}, {'double': 1}]",[],"[{'id': 316490, 'force_prepayment': 0, 'capacity': 1, 'prepayment': 'FIRST', 'nonrefundable': 0, 'cancellation_period': 20, 'cancellation_fee': 'FIRST', 'breakfast': 6, 'base_price': 8255, 'prices': [8255], 'price': 8255, 'old_price': 8255, 'currency': 'RUB', 'payment_amount': 8255, 'extras_variants': [], 'extras': [], 'rate_id': 3119, 'deals': [], 'cancellation_type': 'special', 'credit_card': 1, 'bonus': 1651, 'miles': 660, 'min_stay': 1, 'mircashback': 826}, {'id': 525770, 'force_prepayment': 0, 'capacity': 1, 'prepayment': 'FIRST', 'nonrefundable': 0, 'cancellation_period': 30, 'cancellation_fee': 'FIRST', 'breakfast': 1, 'base_price': 8255, 'prices': [8255], 'price': 8255, 'old_price': 8255, 'currency': 'RUB', 'payment_amount': 8255, 'extras_variants': [], 'extras': [], 'rate_id': 16033, 'deals': [], 'cancellation_type': 'special', 'credit_card': 1, 'bonus': 1651, 'miles': 660, 'min_stay': 1, 'mircashback': 826}, {'id': 316491, 'force_prepayment': 0, 'capacity': 2, 'prepayment': 'FIRST', 'nonrefundable': 0, 'cancellation_period': 20, 'cancellation_fee': 'FIRST', 'breakfast': 6, 'base_price': 8840, 'prices': [8840], 'price': 8840, 'old_price': 8840, 'currency': 'RUB', 'payment_amount': 8840, 'extras_variants': [], 'extras': [], 'rate_id': 3119, 'deals': [], 'cancellation_type': 'special', 'credit_card': 1, 'bonus': 1768, 'miles': 704, 'min_stay': 1, 'mircashback': 884}, {'id': 525771, 'force_prepayment': 0, 'capacity': 2, 'prepayment': 'FIRST', 'nonrefundable': 0, 'cancellation_period': 30, 'cancellation_fee': 'FIRST', 'breakfast': 1, 'base_price': 8840, 'prices': [8840], 'price': 8840, 'old_price': 8840, 'currency': 'RUB', 'payment_amount': 8840, 'extras_variants': [], 'extras': [], 'rate_id': 16033, 'deals': [], 'cancellation_type': 'special', 'credit_card': 1, 'bonus': 1768, 'miles': 704, 'min_stay': 1, 'mircashback': 884}]",8255.0,660,15192_101hotels,2025-05-12
2298229,,Гостевой,2,0,0,1,Двухместный,2,10,[{'single': 2}],[],"[{'id': 1025873, 'force_prepayment': 0, 'capacity': 1, 'prepayment': 'FULL', 'nonrefundable': 0, 'cancellation_period': 0, 'cancellation_fee': 'NO', 'breakfast': 0, 'base_price': 4400, 'prices': [4400], 'price': 4400, 'old_price': 4400, 'currency': 'RUB', 'payment_amount': 4400, 'extras_variants': [], 'extras': [], 'rate_id': 49542, 'deals': [], 'cancellation_type': 'free', 'credit_card': 1, 'bonus': 880, 'miles': 352, 'min_stay': 1, 'mircashback': 440}, {'id': 1025874, 'force_prepayment': 0, 'capacity': 2, 'prepayment': 'FULL', 'nonrefundable': 0, 'cancellation_period': 0, 'cancellation_fee': 'NO', 'breakfast': 0, 'base_price': 4400, 'prices': [4400], 'price': 4400, 'old_price': 4400, 'currency': 'RUB', 'payment_amount': 4400, 'extras_variants': [], 'extras': [], 'rate_id': 49542, 'deals': [], 'cancellation_type': 'free', 'credit_card': 1, 'bonus': 880, 'miles': 352, 'min_stay': 1, 'mircashback': 440}]",4400.0,352,514123_101hotels,2025-05-12
2298230,,Стандарт,2,1,0,1,Трехместный,37,17,[{'single': 1}],[],"[{'id': 1025879, 'force_prepayment': 0, 'capacity': 1, 'prepayment': 'FULL', 'nonrefundable': 0, 'cancellation_period': 0, 'cancellation_fee': 'NO', 'breakfast': 0, 'base_price': 4500, 'prices': [4500], 'price': 4500, 'old_price': 4500, 'currency': 'RUB', 'payment_amount': 4500, 'extras_variants': [], 'extras': [], 'rate_id': 49542, 'deals': [], 'cancellation_type': 'free', 'credit_card': 1, 'bonus': 900, 'miles': 360, 'min_stay': 1, 'mircashback': 450}, {'id': 1025880, 'force_prepayment': 0, 'capacity': 2, 'prepayment': 'FULL', 'nonrefundable': 0, 'cancellation_period': 0, 'cancellation_fee': 'NO', 'breakfast': 0, 'base_price': 4500, 'prices': [4500], 'price': 4500, 'old_price': 4500, 'currency': 'RUB', 'payment_amount': 4500, 'extras_variants': [], 'extras': [], 'rate_id': 49542, 'deals': [], 'cancellation_type': 'free', 'credit_card': 1, 'bonus': 900, 'miles': 360, 'min_stay': 1, 'mircashback': 450}]",4500.0,360,514123_101hotels,2025-05-12
2298231,,Комфорт,2,2,0,1,Трёхместный и более,3,4,"[{'double': 1, 'sofa': 1}]","[{'number': '1', 'min_age': '1', 'max_age': '7', 'is_extra_bed': '1', 'extra_bed_type_id': '4'}]","[{'id': 1025875, 'force_prepayment': 0, 'capacity': 1, 'prepayment': 'FULL', 'nonrefundable': 0, 'cancellation_period': 0, 'cancellation_fee': 'NO', 'breakfast': 0, 'base_price': 5000, 'prices': [5000], 'price': 5000, 'old_price': 5000, 'currency': 'RUB', 'payment_amount': 5000, 'extras_variants': [], 'extras': [], 'rate_id': 49542, 'deals': [], 'cancellation_type': 'free', 'credit_card': 1, 'bonus': 1000, 'miles': 400, 'min_stay': 1, 'mircashback': 500}, {'id': 1025876, 'force_prepayment': 0, 'capacity': 2, 'prepayment': 'FULL', 'nonrefundable': 0, 'cancellation_period': 0, 'cancellation_fee': 'NO', 'breakfast': 0, 'base_price': 5000, 'prices': [5000], 'price': 5000, 'old_price': 5000, 'currency': 'RUB', 'payment_amount': 5000, 'extras_variants': [], 'extras': [], 'rate_id': 49542, 'deals': [], 'cancellation_type': 'free', 'credit_card': 1, 'bonus': 1000, 'miles': 400, 'min_stay': 1, 'mircashback': 500}]",5000.0,400,514123_101hotels,2025-05-12
2298232,,Улучшенный,2,1,0,1,Бунгало,30,9,"[{'single': 1, 'double': 1}]","[{'number': '1', 'min_age': '1', 'max_age': '7', 'is_extra_bed': '1', 'extra_bed_type_id': '4'}]","[{'id': 1025877, 'force_prepayment': 0, 'capacity': 1, 'prepayment': 'FULL', 'nonrefundable': 0, 'cancellation_period': 0, 'cancellation_fee': 'NO', 'breakfast': 0, 'base_price': 4600, 'prices': [4600], 'price': 4600, 'old_price': 4600, 'currency': 'RUB', 'payment_amount': 4600, 'extras_variants': [], 'extras': [], 'rate_id': 49542, 'deals': [], 'cancellation_type': 'free', 'credit_card': 1, 'bonus': 920, 'miles': 368, 'min_stay': 1, 'mircashback': 460}, {'id': 1025878, 'force_prepayment': 0, 'capacity': 2, 'prepayment': 'FULL', 'nonrefundable': 0, 'cancellation_period': 0, 'cancellation_fee': 'NO', 'breakfast': 0, 'base_price': 4600, 'prices': [4600], 'price': 4600, 'old_price': 4600, 'currency': 'RUB', 'payment_amount': 4600, 'extras_variants': [], 'extras': [], 'rate_id': 49542, 'deals': [], 'cancellation_type': 'free', 'credit_card': 1, 'bonus': 920, 'miles': 368, 'min_stay': 1, 'mircashback': 460}]",4600.0,368,514123_101hotels,2025-05-12
2295348,,Номер Люкс с видом на Байкал,6,2,0,1,Шестиместный,36,1,"[{'single': 1, 'double': 2, 'sofa': 1, 'f-chair': 1}]",[],"[{'id': 1023036, 'force_prepayment': 0, 'capacity': 1, 'prepayment': 'FULL', 'nonrefundable': 0, 'cancellation_period': 0, 'cancellation_fee': 'NO', 'breakfast': 0, 'base_price': 12000, 'prices': [12000], 'price': 10200, 'old_price': 12000, 'currency': 'RUB', 'payment_amount': 12000, 'extras_variants': [], 'extras': [], 'rate_id': 49391, 'deals': ['BASE'], 'cancellation_type': 'free', 'credit_card': 1, 'bonus': 2040, 'miles': 816, 'min_stay': 1, 'mircashback': 1020}, {'id': 1023037, 'force_prepayment': 0, 'capacity': 2, 'prepayment': 'FULL', 'nonrefundable': 0, 'cancellation_period': 0, 'cancellation_fee': 'NO', 'breakfast': 0, 'base_price': 12000, 'prices': [12000], 'price': 10200, 'old_price': 12000, 'currency': 'RUB', 'payment_amount': 12000, 'extras_variants': [], 'extras': [], 'rate_id': 49391, 'deals': ['BASE'], 'cancellation_type': 'free', 'credit_card': 1, 'bonus': 2040, 'miles': 816, 'min_stay': 1, 'mircashback': 1020}, {'id': 1023038, 'force_prepayment': 0, 'capacity': 3, 'prepayment': 'FULL', 'nonrefundable': 0, 'cancellation_period': 0, 'cancellation_fee': 'NO', 'breakfast': 0, 'base_price': 12000, 'prices': [12000], 'price': 10200, 'old_price': 12000, 'currency': 'RUB', 'payment_amount': 12000, 'extras_variants': [], 'extras': [], 'rate_id': 49391, 'deals': ['BASE'], 'cancellation_type': 'free', 'credit_card': 1, 'bonus': 2040, 'miles': 816, 'min_stay': 1, 'mircashback': 1020}, {'id': 1023039, 'force_prepayment': 0, 'capacity': 4, 'prepayment': 'FULL', 'nonrefundable': 0, 'cancellation_period': 0, 'cancellation_fee': 'NO', 'breakfast': 0, 'base_price': 12000, 'prices': [12000], 'price': 10200, 'old_price': 12000, 'currency': 'RUB', 'payment_amount': 12000, 'extras_variants': [], 'extras': [], 'rate_id': 49391, 'deals': ['BASE'], 'cancellation_type': 'free', 'credit_card': 1, 'bonus': 2040, 'miles': 816, 'min_stay': 1, 'mircashback': 1020}, {'id': 1023040, 'force_prepayment': 0, 'capacity': 5, 'prepayment': 'FULL', 'nonrefundable': 0, 'cancellation_period': 0, 'cancellation_fee': 'NO', 'breakfast': 0, 'base_price': 12000, 'prices': [12000], 'price': 10200, 'old_price': 12000, 'currency': 'RUB', 'payment_amount': 12000, 'extras_variants': [], 'extras': [], 'rate_id': 49391, 'deals': ['BASE'], 'cancellation_type': 'free', 'credit_card': 1, 'bonus': 2040, 'miles': 816, 'min_stay': 1, 'mircashback': 1020}, {'id': 1023041, 'force_prepayment': 0, 'capacity': 6, 'prepayment': 'FULL', 'nonrefundable': 0, 'cancellation_period': 0, 'cancellation_fee': 'NO', 'breakfast': 0, 'base_price': 12000, 'prices': [12000], 'price': 10200, 'old_price': 12000, 'currency': 'RUB', 'payment_amount': 12000, 'extras_variants': [], 'extras': [], 'rate_id': 49391, 'deals': ['BASE'], 'cancellation_type': 'free', 'credit_card': 1, 'bonus': 2040, 'miles': 816, 'min_stay': 1, 'mircashback': 1020}]",10200.0,816,671803_101hotels,2025-05-12
2298912,,Дом Люкс с видом на Байкал,12,1,0,0,Двенадцатиместный,40,1,"[{'single': 4, 'double': 3, '2-tier': 1, 'sofa': 1}]",[],"[{'id': 1030716, 'force_prepayment': 0, 'capacity': 1, 'prepayment': 'FULL', 'nonrefundable': 0, 'cancellation_period': 0, 'cancellation_fee': 'NO', 'breakfast': 0, 'base_price': 27500, 'prices': [27500], 'price': 27500, 'old_price': 27500, 'currency': 'RUB', 'payment_amount': 27500, 'extras_variants': [], 'extras': [], 'rate_id': 49391, 'deals': [], 'cancellation_type': 'free', 'credit_card': 1, 'bonus': 5500, 'miles': 2200, 'min_stay': 1, 'mircashback': 2750}, {'id': 1030717, 'force_prepayment': 0, 'capacity': 2, 'prepayment': 'FULL', 'nonrefundable': 0, 'cancellation_period': 0, 'cancellation_fee': 'NO', 'breakfast': 0, 'base_price': 27500, 'prices': [27500], 'price': 27500, 'old_price': 27500, 'currency': 'RUB', 'payment_amount': 27500, 'extras_variants': [], 'extras': [], 'rate_id': 49391, 'deals': [], 'cancellation_type': 'free', 'credit_card': 1, 'bonus': 5500, 'miles': 2200, 'min_stay': 1, 'mircashback': 2750}, {'id': 1030718, 'force_prepayment': 0, 'capacity': 3, 'prepayment': 'FULL', 'nonrefundable': 0, 'cancellation_period': 0, 'cancellation_fee': 'NO', 'breakfast': 0, 'base_price': 27500, 'prices': [27500], 'price': 27500, 'old_price': 27500, 'currency': 'RUB', 'payment_amount': 27500, 'extras_variants': [], 'extras': [], 'rate_id': 49391, 'deals': [], 'cancellation_type': 'free', 'credit_card': 1, 'bonus': 5500, 'miles': 2200, 'min_stay': 1, 'mircashback': 2750}, {'id': 1030719, 'force_prepayment': 0, 'capacity': 4, 'prepayment': 'FULL', 'nonrefundable': 0, 'cancellation_period': 0, 'cancellation_fee': 'NO', 'breakfast': 0, 'base_price': 27500, 'prices': [27500], 'price': 27500, 'old_price': 27500, 'currency': 'RUB', 'payment_amount': 27500, 'extras_variants': [], 'extras': [], 'rate_id': 49391, 'deals': [], 'cancellation_type': 'free', 'credit_card': 1, 'bonus': 5500, 'miles': 2200, 'min_stay': 1, 'mircashback': 2750}, {'id': 1030720, 'force_prepayment': 0, 'capacity': 5, 'prepayment': 'FULL', 'nonrefundable': 0, 'cancellation_period': 0, 'cancellation_fee': 'NO', 'breakfast': 0, 'base_price': 27500, 'prices': [27500], 'price': 27500, 'old_price': 27500, 'currency': 'RUB', 'payment_amount': 27500, 'extras_variants': [], 'extras': [], 'rate_id': 49391, 'deals': [], 'cancellation_type': 'free', 'credit_card': 1, 'bonus': 5500, 'miles': 2200, 'min_stay': 1, 'mircashback': 2750}, {'id': 1030721, 'force_prepayment': 0, 'capacity': 6, 'prepayment': 'FULL', 'nonrefundable': 0, 'cancellation_period': 0, 'cancellation_fee': 'NO', 'breakfast': 0, 'base_price': 27500, 'prices': [27500], 'price': 27500, 'old_price': 27500, 'currency': 'RUB', 'payment_amount': 27500, 'extras_variants': [], 'extras': [], 'rate_id': 49391, 'deals': [], 'cancellation_type': 'free', 'credit_card': 1, 'bonus': 5500, 'miles': 2200, 'min_stay': 1, 'mircashback': 2750}, {'id': 1030722, 'force_prepayment': 0, 'capacity': 7, 'prepayment': 'FULL', 'nonrefundable': 0, 'cancellation_period': 0, 'cancellation_fee': 'NO', 'breakfast': 0, 'base_price': 27500, 'prices': [27500], 'price': 27500, 'old_price': 27500, 'currency': 'RUB', 'payment_amount': 27500, 'extras_variants': [], 'extras': [], 'rate_id': 49391, 'deals': [], 'cancellation_type': 'free', 'credit_card': 1, 'bonus': 5500, 'miles': 2200, 'min_stay': 1, 'mircashback': 2750}, {'id': 1030723, 'force_prepayment': 0, 'capacity': 8, 'prepayment': 'FULL', 'nonrefundable': 0, 'cancellation_period': 0, 'cancellation_fee': 'NO', 'breakfast': 0, 'base_price': 27500, 'prices': [27500], 'price': 27500, 'old_price': 27500, 'currency': 'RUB', 'payment_amount': 27500, 'extras_variants': [], 'extras': [], 'rate_id': 49391, 'deals': [], 'cancellation_type': 'free', 'credit_card': 1, 'bonus': 5500, 'miles': 2200, 'min_stay': 1, 'mircashback': 2750}, {'id': 1030724, 'force_prepayment': 0, 'capacity': 9, 'prepayment': 'FULL', 'nonrefundable': 0, 'cancellation_period': 0, 'cancellation_fee': 'NO', 'breakfast': 0, 'base_price': 27500, 'prices': [27500], 'price': 27500, 'old_price': 27500, 'currency': 'RUB', 'payment_amount': 27500, 'extras_variants': [], 'extras': [], 'rate_id': 49391, 'deals': [], 'cancellation_type': 'free', 'credit_card': 1, 'bonus': 5500, 'miles': 2200, 'min_stay': 1, 'mircashback': 2750}, {'id': 1030725, 'force_prepayment': 0, 'capacity': 10, 'prepayment': 'FULL', 'nonrefundable': 0, 'cancellation_period': 0, 'cancellation_fee': 'NO', 'breakfast': 0, 'base_price': 27500, 'prices': [27500], 'price': 27500, 'old_price': 27500, 'currency': 'RUB', 'payment_amount': 27500, 'extras_variants': [], 'extras': [], 'rate_id': 49391, 'deals': [], 'cancellation_type': 'free', 'credit_card': 1, 'bonus': 5500, 'miles': 2200, 'min_stay': 1, 'mircashback': 2750}, {'id': 1030726, 'force_prepayment': 0, 'capacity': 11, 'prepayment': 'FULL', 'nonrefundable': 0, 'cancellation_period': 0, 'cancellation_fee': 'NO', 'breakfast': 0, 'base_price': 27500, 'prices': [27500], 'price': 27500, 'old_price': 27500, 'currency': 'RUB', 'payment_amount': 27500, 'extras_variants': [], 'extras': [], 'rate_id': 49391, 'deals': [], 'cancellation_type': 'free', 'credit_card': 1, 'bonus': 5500, 'miles': 2200, 'min_stay': 1, 'mircashback': 2750}, {'id': 1030727, 'force_prepayment': 0, 'capacity': 12, 'prepayment': 'FULL', 'nonrefundable': 0, 'cancellation_period': 0, 'cancellation_fee': 'NO', 'breakfast': 0, 'base_price': 27500, 'prices': [27500], 'price': 27500, 'old_price': 27500, 'currency': 'RUB', 'payment_amount': 27500, 'extras_variants': [], 'extras': [], 'rate_id': 49391, 'deals': [], 'cancellation_type': 'free', 'credit_card': 1, 'bonus': 5500, 'miles': 2200, 'min_stay': 1, 'mircashback': 2750}]",27500.0,2200,671803_101hotels,2025-05-12
70526,,Номер с террасой,4,0,0,1,Семейный,44,3,"[{'double': 1, 'sofa': 1}]",[],"[{'id': 146332, 'force_prepayment': 0, 'capacity': 4, 'prepayment': 'FIRST', 'nonrefundable': 0, 'cancellation_period': 30, 'cancellation_fee': 'FIRST', 'breakfast': 0, 'base_price': 11000, 'prices': [5500, 5500], 'price': 11000, 'old_price': 11000, 'currency': 'RUB', 'payment_amount': 5500, 'extras_variants': [], 'extras': [], 'rate_id': 0, 'deals': [], 'cancellation_type': 'special', 'credit_card': 1, 'bonus': 2200, 'miles': 880, 'min_stay': 1, 'mircashback': 1100}]",11000.0,880,13175_101hotels,2025-05-12
2208248,,Номер с видом на озеро,3,0,0,1,Семейный,44,1,[{'single': 1}],[],"[{'id': 288824, 'force_prepayment': 0, 'capacity': 3, 'prepayment': 'FIRST', 'nonrefundable': 0, 'cancellation_period': 30, 'cancellation_fee': 'FIRST', 'breakfast': 0, 'base_price': 8000, 'prices': [4000, 4000], 'price': 8000, 'old_price': 8000, 'currency': 'RUB', 'payment_amount': 4000, 'extras_variants': [], 'extras': [], 'rate_id': 0, 'deals': [], 'cancellation_type': 'special', 'credit_card': 1, 'bonus': 1600, 'miles': 640, 'min_stay': 1, 'mircashback': 800}]",8000.0,640,13175_101hotels,2025-05-12
70530,,Люкс с видом на горы,2,1,0,1,Сьюит,27,2,"[{'single': 1, 'double': 1}]",[],"[{'id': 389037, 'force_prepayment': 0, 'capacity': 1, 'prepayment': 'FIRST', 'nonrefundable': 1, 'cancellation_period': 0, 'cancellation_fee': 'FIRST', 'breakfast': 1, 'base_price': 5000, 'prices': [5000], 'price': 5000, 'old_price': 5000, 'currency': 'RUB', 'payment_amount': 5000, 'extras_variants': [], 'extras': [], 'rate_id': 6783, 'deals': [], 'cancellation_type': 'nonrefundable', 'credit_card': 1, 'bonus': 1000, 'miles': 400, 'min_stay': 1, 'mircashback': 500}, {'id': 389038, 'force_prepayment': 0, 'capacity': 2, 'prepayment': 'FIRST', 'nonrefundable': 1, 'cancellation_period': 0, 'cancellation_fee': 'FIRST', 'breakfast': 1, 'base_price': 5000, 'prices': [5000], 'price': 5000, 'old_price': 5000, 'currency': 'RUB', 'payment_amount': 5000, 'extras_variants': [], 'extras': [], 'rate_id': 6783, 'deals': [], 'cancellation_type': 'nonrefundable', 'credit_card': 1, 'bonus': 1000, 'miles': 400, 'min_stay': 1, 'mircashback': 500}]",5000.0,400,13176_101hotels,2025-05-12
2229199,,Комфорт,2,0,0,1,Двухместный,2,3,[{'double': 1}],[],"[{'id': 389445, 'force_prepayment': 0, 'capacity': 1, 'prepayment': 'FIRST', 'nonrefundable': 1, 'cancellation_period': 0, 'cancellation_fee': 'FIRST', 'breakfast': 1, 'base_price': 5000, 'prices': [5000], 'price': 5000, 'old_price': 5000, 'currency': 'RUB', 'payment_amount': 5000, 'extras_variants': [], 'extras': [], 'rate_id': 6783, 'deals': [], 'cancellation_type': 'nonrefundable', 'credit_card': 1, 'bonus': 1000, 'miles': 400, 'min_stay': 1, 'mircashback': 500}, {'id': 389446, 'force_prepayment': 0, 'capacity': 2, 'prepayment': 'FIRST', 'nonrefundable': 1, 'cancellation_period': 0, 'cancellation_fee': 'FIRST', 'breakfast': 1, 'base_price': 5000, 'prices': [5000], 'price': 5000, 'old_price': 5000, 'currency': 'RUB', 'payment_amount': 5000, 'extras_variants': [], 'extras': [], 'rate_id': 6783, 'deals': [], 'cancellation_type': 'nonrefundable', 'credit_card': 1, 'bonus': 1000, 'miles': 400, 'min_stay': 1, 'mircashback': 500}]",5000.0,400,13176_101hotels,2025-05-12
2229204,,Двухместный номер,2,1,0,1,Люкс,6,1,[{'double': 1}],[],"[{'id': 389451, 'force_prepayment': 0, 'capacity': 1, 'prepayment': 'FIRST', 'nonrefundable': 1, 'cancellation_period': 0, 'cancellation_fee': 'FIRST', 'breakfast': 1, 'base_price': 5000, 'prices': [5000], 'price': 5000, 'old_price': 5000, 'currency': 'RUB', 'payment_amount': 5000, 'extras_variants': [], 'extras': [], 'rate_id': 6783, 'deals': [], 'cancellation_type': 'nonrefundable', 'credit_card': 1, 'bonus': 1000, 'miles': 400, 'min_stay': 1, 'mircashback': 500}, {'id': 389452, 'force_prepayment': 0, 'capacity': 2, 'prepayment': 'FIRST', 'nonrefundable': 1, 'cancellation_period': 0, 'cancellation_fee': 'FIRST', 'breakfast': 1, 'base_price': 5000, 'prices': [5000], 'price': 5000, 'old_price': 5000, 'currency': 'RUB', 'payment_amount': 5000, 'extras_variants': [], 'extras': [], 'rate_id': 6783, 'deals': [], 'cancellation_type': 'nonrefundable', 'credit_card': 1, 'bonus': 1000, 'miles': 400, 'min_stay': 1, 'mircashback': 500}]",5000.0,400,13176_101hotels,2025-05-12
2229207,,С видом на море,2,1,0,1,Двухместный,2,1,[{'double': 1}],[],"[{'id': 389447, 'force_prepayment': 0, 'capacity': 1, 'prepayment': 'FIRST', 'nonrefundable': 1, 'cancellation_period': 0, 'cancellation_fee': 'FIRST', 'breakfast': 1, 'base_price': 6000, 'prices': [6000], 'price': 6000, 'old_price': 6000, 'currency': 'RUB', 'payment_amount': 6000, 'extras_variants': [], 'extras': [], 'rate_id': 6783, 'deals': [], 'cancellation_type': 'nonrefundable', 'credit_card': 1, 'bonus': 1200, 'miles': 480, 'min_stay': 1, 'mircashback': 600}, {'id': 389448, 'force_prepayment': 0, 'capacity': 2, 'prepayment': 'FIRST', 'nonrefundable': 1, 'cancellation_period': 0, 'cancellation_fee': 'FIRST', 'breakfast': 1, 'base_price': 6000, 'prices': [6000], 'price': 6000, 'old_price': 6000, 'currency': 'RUB', 'payment_amount': 6000, 'extras_variants': [], 'extras': [], 'rate_id': 6783, 'deals': [], 'cancellation_type': 'nonrefundable', 'credit_card': 1, 'bonus': 1200, 'miles': 480, 'min_stay': 1, 'mircashback': 600}]",6000.0,480,13176_101hotels,2025-05-12
2229212,,Комфорт с дополнительным местом,2,1,0,1,Двухместный,2,3,"[{'double': 1, 'sofa': 1}]",[],"[{'id': 389449, 'force_prepayment': 0, 'capacity': 1, 'prepayment': 'FIRST', 'nonrefundable': 1, 'cancellation_period': 0, 'cancellation_fee': 'FIRST', 'breakfast': 1, 'base_price': 6000, 'prices': [6000], 'price': 6000, 'old_price': 6000, 'currency': 'RUB', 'payment_amount': 6000, 'extras_variants': [], 'extras': [], 'rate_id': 6783, 'deals': [], 'cancellation_type': 'nonrefundable', 'credit_card': 1, 'bonus': 1200, 'miles': 480, 'min_stay': 1, 'mircashback': 600}, {'id': 389450, 'force_prepayment': 0, 'capacity': 2, 'prepayment': 'FIRST', 'nonrefundable': 1, 'cancellation_period': 0, 'cancellation_fee': 'FIRST', 'breakfast': 1, 'base_price': 6000, 'prices': [6000], 'price': 6000, 'old_price': 6000, 'currency': 'RUB', 'payment_amount': 6000, 'extras_variants': [], 'extras': [], 'rate_id': 6783, 'deals': [], 'cancellation_type': 'nonrefundable', 'credit_card': 1, 'bonus': 1200, 'miles': 480, 'min_stay': 1, 'mircashback': 600}]",6000.0,480,13176_101hotels,2025-05-12
70505,,Стандарт от 5-8,5,3,0,1,Номер,45,1,[{'2-tier': 4}],[],"[{'id': 558418, 'force_prepayment': 0, 'capacity': 1, 'prepayment': 'FIRST', 'nonrefundable': 0, 'cancellation_period': 14, 'cancellation_fee': 'FIRST', 'breakfast': 4, 'base_price': 32000, 'prices': [32000], 'price': 32000, 'old_price': 32000, 'currency': 'RUB', 'payment_amount': 32000, 'extras_variants': [], 'extras': [], 'rate_id': 5499, 'deals': [], 'cancellation_type': 'special', 'credit_card': 1, 'bonus': 6400, 'miles': 2560, 'min_stay': 1, 'mircashback': 3200}, {'id': 558419, 'force_prepayment': 0, 'capacity': 2, 'prepayment': 'FIRST', 'nonrefundable': 0, 'cancellation_period': 14, 'cancellation_fee': 'FIRST', 'breakfast': 4, 'base_price': 32000, 'prices': [32000], 'price': 32000, 'old_price': 32000, 'currency': 'RUB', 'payment_amount': 32000, 'extras_variants': [], 'extras': [], 'rate_id': 5499, 'deals': [], 'cancellation_type': 'special', 'credit_card': 1, 'bonus': 6400, 'miles': 2560, 'min_stay': 1, 'mircashback': 3200}, {'id': 768120, 'force_prepayment': 0, 'capacity': 3, 'prepayment': 'FIRST', 'nonrefundable': 0, 'cancellation_period': 14, 'cancellation_fee': 'FIRST', 'breakfast': 4, 'base_price': 32000, 'prices': [32000], 'price': 32000, 'old_price': 32000, 'currency': 'RUB', 'payment_amount': 32000, 'extras_variants': [], 'extras': [], 'rate_id': 5499, 'deals': [], 'cancellation_type': 'special', 'credit_card': 1, 'bonus': 6400, 'miles': 2560, 'min_stay': 1, 'mircashback': 3200}, {'id': 768121, 'force_prepayment': 0, 'capacity': 4, 'prepayment': 'FIRST', 'nonrefundable': 0, 'cancellation_period': 14, 'cancellation_fee': 'FIRST', 'breakfast': 4, 'base_price': 32000, 'prices': [32000], 'price': 32000, 'old_price': 32000, 'currency': 'RUB', 'payment_amount': 32000, 'extras_variants': [], 'extras': [], 'rate_id': 5499, 'deals': [], 'cancellation_type': 'special', 'credit_card': 1, 'bonus': 6400, 'miles': 2560, 'min_stay': 1, 'mircashback': 3200}, {'id': 768122, 'force_prepayment': 0, 'capacity': 5, 'prepayment': 'FIRST', 'nonrefundable': 0, 'cancellation_period': 14, 'cancellation_fee': 'FIRST', 'breakfast': 4, 'base_price': 32000, 'prices': [32000], 'price': 32000, 'old_price': 32000, 'currency': 'RUB', 'payment_amount': 32000, 'extras_variants': [], 'extras': [], 'rate_id': 5499, 'deals': [], 'cancellation_type': 'special', 'credit_card': 1, 'bonus': 6400, 'miles': 2560, 'min_stay': 1, 'mircashback': 3200}]",32000.0,2560,13170_101hotels,2025-05-12
70506,,Стандарт 6,6,0,0,1,Номер,45,4,[{'2-tier': 3}],[],"[{'id': 558420, 'force_prepayment': 0, 'capacity': 1, 'prepayment': 'FIRST', 'nonrefundable': 0, 'cancellation_period': 14, 'cancellation_fee': 'FIRST', 'breakfast': 4, 'base_price': 24000, 'prices': [24000], 'price': 24000, 'old_price': 24000, 'currency': 'RUB', 'payment_amount': 24000, 'extras_variants': [], 'extras': [], 'rate_id': 5499, 'deals': [], 'cancellation_type': 'special', 'credit_card': 1, 'bonus': 4800, 'miles': 1920, 'min_stay': 1, 'mircashback': 2400}, {'id': 558421, 'force_prepayment': 0, 'capacity': 2, 'prepayment': 'FIRST', 'nonrefundable': 0, 'cancellation_period': 14, 'cancellation_fee': 'FIRST', 'breakfast': 4, 'base_price': 24000, 'prices': [24000], 'price': 24000, 'old_price': 24000, 'currency': 'RUB', 'payment_amount': 24000, 'extras_variants': [], 'extras': [], 'rate_id': 5499, 'deals': [], 'cancellation_type': 'special', 'credit_card': 1, 'bonus': 4800, 'miles': 1920, 'min_stay': 1, 'mircashback': 2400}, {'id': 558422, 'force_prepayment': 0, 'capacity': 3, 'prepayment': 'FIRST', 'nonrefundable': 0, 'cancellation_period': 14, 'cancellation_fee': 'FIRST', 'breakfast': 4, 'base_price': 24000, 'prices': [24000], 'price': 24000, 'old_price': 24000, 'currency': 'RUB', 'payment_amount': 24000, 'extras_variants': [], 'extras': [], 'rate_id': 5499, 'deals': [], 'cancellation_type': 'special', 'credit_card': 1, 'bonus': 4800, 'miles': 1920, 'min_stay': 1, 'mircashback': 2400}, {'id': 768123, 'force_prepayment': 0, 'capacity': 4, 'prepayment': 'FIRST', 'nonrefundable': 0, 'cancellation_period': 14, 'cancellation_fee': 'FIRST', 'breakfast': 4, 'base_price': 24000, 'prices': [24000], 'price': 24000, 'old_price': 24000, 'currency': 'RUB', 'payment_amount': 24000, 'extras_variants': [], 'extras': [], 'rate_id': 5499, 'deals': [], 'cancellation_type': 'special', 'credit_card': 1, 'bonus': 4800, 'miles': 1920, 'min_stay': 1, 'mircashback': 2400}, {'id': 768124, 'force_prepayment': 0, 'capacity': 5, 'prepayment': 'FIRST', 'nonrefundable': 0, 'cancellation_period': 14, 'cancellation_fee': 'FIRST', 'breakfast': 4, 'base_price': 24000, 'prices': [24000], 'price': 24000, 'old_price': 24000, 'currency': 'RUB', 'payment_amount': 24000, 'extras_variants': [], 'extras': [], 'rate_id': 5499, 'deals': [], 'cancellation_type': 'special', 'credit_card': 1, 'bonus': 4800, 'miles': 1920, 'min_stay': 1, 'mircashback': 2400}, {'id': 768125, 'force_prepayment': 0, 'capacity': 6, 'prepayment': 'FIRST', 'nonrefundable': 0, 'cancellation_period': 14, 'cancellation_fee': 'FIRST', 'breakfast': 4, 'base_price': 24000, 'prices': [24000], 'price': 24000, 'old_price': 24000, 'currency': 'RUB', 'payment_amount': 24000, 'extras_variants': [], 'extras': [], 'rate_id': 5499, 'deals': [], 'cancellation_type': 'special', 'credit_card': 1, 'bonus': 4800, 'miles': 1920, 'min_stay': 1, 'mircashback': 2400}]",24000.0,1920,13170_101hotels,2025-05-12
1603644,,Стандарт 3,3,0,0,1,Трехместный,37,2,"[{'single': 1, '2-tier': 1}]",[],"[{'id': 362618, 'force_prepayment': 0, 'capacity': 1, 'prepayment': 'FIRST', 'nonrefundable': 0, 'cancellation_period': 14, 'cancellation_fee': 'FIRST', 'breakfast': 4, 'base_price': 12000, 'prices': [12000], 'price': 12000, 'old_price': 12000, 'currency': 'RUB', 'payment_amount': 12000, 'extras_variants': [], 'extras': [], 'rate_id': 5499, 'deals': [], 'cancellation_type': 'special', 'credit_card': 1, 'bonus': 2400, 'miles': 960, 'min_stay': 1, 'mircashback': 1200}, {'id': 362619, 'force_prepayment': 0, 'capacity': 2, 'prepayment': 'FIRST', 'nonrefundable': 0, 'cancellation_period': 14, 'cancellation_fee': 'FIRST', 'breakfast': 4, 'base_price': 12000, 'prices': [12000], 'price': 12000, 'old_price': 12000, 'currency': 'RUB', 'payment_amount': 12000, 'extras_variants': [], 'extras': [], 'rate_id': 5499, 'deals': [], 'cancellation_type': 'special', 'credit_card': 1, 'bonus': 2400, 'miles': 960, 'min_stay': 1, 'mircashback': 1200}, {'id': 362620, 'force_prepayment': 0, 'capacity': 3, 'prepayment': 'FIRST', 'nonrefundable': 0, 'cancellation_period': 14, 'cancellation_fee': 'FIRST', 'breakfast': 4, 'base_price': 12000, 'prices': [12000], 'price': 12000, 'old_price': 12000, 'currency': 'RUB', 'payment_amount': 12000, 'extras_variants': [], 'extras': [], 'rate_id': 5499, 'deals': [], 'cancellation_type': 'special', 'credit_card': 1, 'bonus': 2400, 'miles': 960, 'min_stay': 1, 'mircashback': 1200}]",12000.0,960,13170_101hotels,2025-05-12
1603647,,Пятиместный номер с кухней,4,1,0,1,Четырехместный,34,3,"[{'single': 3, 'double': 1}, {'single': 1, '2-tier': 2}]",[],"[{'id': 362614, 'force_prepayment': 0, 'capacity': 1, 'prepayment': 'FIRST', 'nonrefundable': 0, 'cancellation_period': 14, 'cancellation_fee': 'FIRST', 'breakfast': 4, 'base_price': 20000, 'prices': [20000], 'price': 20000, 'old_price': 20000, 'currency': 'RUB', 'payment_amount': 20000, 'extras_variants': [], 'extras': [], 'rate_id': 5499, 'deals': [], 'cancellation_type': 'special', 'credit_card': 1, 'bonus': 4000, 'miles': 1600, 'min_stay': 1, 'mircashback': 2000}, {'id': 362615, 'force_prepayment': 0, 'capacity': 2, 'prepayment': 'FIRST', 'nonrefundable': 0, 'cancellation_period': 14, 'cancellation_fee': 'FIRST', 'breakfast': 4, 'base_price': 20000, 'prices': [20000], 'price': 20000, 'old_price': 20000, 'currency': 'RUB', 'payment_amount': 20000, 'extras_variants': [], 'extras': [], 'rate_id': 5499, 'deals': [], 'cancellation_type': 'special', 'credit_card': 1, 'bonus': 4000, 'miles': 1600, 'min_stay': 1, 'mircashback': 2000}, {'id': 362616, 'force_prepayment': 0, 'capacity': 3, 'prepayment': 'FIRST', 'nonrefundable': 0, 'cancellation_period': 14, 'cancellation_fee': 'FIRST', 'breakfast': 4, 'base_price': 20000, 'prices': [20000], 'price': 20000, 'old_price': 20000, 'currency': 'RUB', 'payment_amount': 20000, 'extras_variants': [], 'extras': [], 'rate_id': 5499, 'deals': [], 'cancellation_type': 'special', 'credit_card': 1, 'bonus': 4000, 'miles': 1600, 'min_stay': 1, 'mircashback': 2000}, {'id': 362617, 'force_prepayment': 0, 'capacity': 4, 'prepayment': 'FIRST', 'nonrefundable': 0, 'cancellation_period': 14, 'cancellation_fee': 'FIRST', 'breakfast': 4, 'base_price': 20000, 'prices': [20000], 'price': 20000, 'old_price': 20000, 'currency': 'RUB', 'payment_amount': 20000, 'extras_variants': [], 'extras': [], 'rate_id': 5499, 'deals': [], 'cancellation_type': 'special', 'credit_card': 1, 'bonus': 4000, 'miles': 1600, 'min_stay': 1, 'mircashback': 2000}]",20000.0,1600,13170_101hotels,2025-05-12
1603650,,Дом восьмиместный с кухней,6,3,0,1,Номер,45,3,"[{'single': 4, '2-tier': 2}, {'2-tier': 4}]",[],"[{'id': 362624, 'force_prepayment': 0, 'capacity': 1, 'prepayment': 'FIRST', 'nonrefundable': 0, 'cancellation_period': 14, 'cancellation_fee': 'FIRST', 'breakfast': 4, 'base_price': 32000, 'prices': [32000], 'price': 32000, 'old_price': 32000, 'currency': 'RUB', 'payment_amount': 32000, 'extras_variants': [], 'extras': [], 'rate_id': 5499, 'deals': [], 'cancellation_type': 'special', 'credit_card': 1, 'bonus': 6400, 'miles': 2560, 'min_stay': 1, 'mircashback': 3200}, {'id': 362625, 'force_prepayment': 0, 'capacity': 2, 'prepayment': 'FIRST', 'nonrefundable': 0, 'cancellation_period': 14, 'cancellation_fee': 'FIRST', 'breakfast': 4, 'base_price': 32000, 'prices': [32000], 'price': 32000, 'old_price': 32000, 'currency': 'RUB', 'payment_amount': 32000, 'extras_variants': [], 'extras': [], 'rate_id': 5499, 'deals': [], 'cancellation_type': 'special', 'credit_card': 1, 'bonus': 6400, 'miles': 2560, 'min_stay': 1, 'mircashback': 3200}, {'id': 362626, 'force_prepayment': 0, 'capacity': 3, 'prepayment': 'FIRST', 'nonrefundable': 0, 'cancellation_period': 14, 'cancellation_fee': 'FIRST', 'breakfast': 4, 'base_price': 32000, 'prices': [32000], 'price': 32000, 'old_price': 32000, 'currency': 'RUB', 'payment_amount': 32000, 'extras_variants': [], 'extras': [], 'rate_id': 5499, 'deals': [], 'cancellation_type': 'special', 'credit_card': 1, 'bonus': 6400, 'miles': 2560, 'min_stay': 1, 'mircashback': 3200}, {'id': 362627, 'force_prepayment': 0, 'capacity': 4, 'prepayment': 'FIRST', 'nonrefundable': 0, 'cancellation_period': 14, 'cancellation_fee': 'FIRST', 'breakfast': 4, 'base_price': 32000, 'prices': [32000], 'price': 32000, 'old_price': 32000, 'currency': 'RUB', 'payment_amount': 32000, 'extras_variants': [], 'extras': [], 'rate_id': 5499, 'deals': [], 'cancellation_type': 'special', 'credit_card': 1, 'bonus': 6400, 'miles': 2560, 'min_stay': 1, 'mircashback': 3200}, {'id': 362628, 'force_prepayment': 0, 'capacity': 5, 'prepayment': 'FIRST', 'nonrefundable': 0, 'cancellation_period': 14, 'cancellation_fee': 'FIRST', 'breakfast': 4, 'base_price': 32000, 'prices': [32000], 'price': 32000, 'old_price': 32000, 'currency': 'RUB', 'payment_amount': 32000, 'extras_variants': [], 'extras': [], 'rate_id': 5499, 'deals': [], 'cancellation_type': 'special', 'credit_card': 1, 'bonus': 6400, 'miles': 2560, 'min_stay': 1, 'mircashback': 3200}, {'id': 362629, 'force_prepayment': 0, 'capacity': 6, 'prepayment': 'FIRST', 'nonrefundable': 0, 'cancellation_period': 14, 'cancellation_fee': 'FIRST', 'breakfast': 4, 'base_price': 32000, 'prices': [32000], 'price': 32000, 'old_price': 32000, 'currency': 'RUB', 'payment_amount': 32000, 'extras_variants': [], 'extras': [], 'rate_id': 5499, 'deals': [], 'cancellation_type': 'special', 'credit_card': 1, 'bonus': 6400, 'miles': 2560, 'min_stay': 1, 'mircashback': 3200}]",32000.0,2560,13170_101hotels,2025-05-12
2224974,,Стандарт 2+1,2,1,0,1,Двухместный,2,5,"[{'double': 1, '2-tier': 1}, {'2-tier': 1, 'f-chair': 1}]",[],"[{'id': 362608, 'force_prepayment': 0, 'capacity': 1, 'prepayment': 'FIRST', 'nonrefundable': 0, 'cancellation_period': 14, 'cancellation_fee': 'FIRST', 'breakfast': 4, 'base_price': 8000, 'prices': [8000], 'price': 8000, 'old_price': 8000, 'currency': 'RUB', 'payment_amount': 8000, 'extras_variants': [], 'extras': [], 'rate_id': 5499, 'deals': [], 'cancellation_type': 'special', 'credit_card': 1, 'bonus': 1600, 'miles': 640, 'min_stay': 1, 'mircashback': 800}, {'id': 362609, 'force_prepayment': 0, 'capacity': 2, 'prepayment': 'FIRST', 'nonrefundable': 0, 'cancellation_period': 14, 'cancellation_fee': 'FIRST', 'breakfast': 4, 'base_price': 8000, 'prices': [8000], 'price': 8000, 'old_price': 8000, 'currency': 'RUB', 'payment_amount': 8000, 'extras_variants': [], 'extras': [], 'rate_id': 5499, 'deals': [], 'cancellation_type': 'special', 'credit_card': 1, 'bonus': 1600, 'miles': 640, 'min_stay': 1, 'mircashback': 800}]",8000.0,640,13170_101hotels,2025-05-12
2283874,,Камень,4,0,0,1,Дом,56,1,"[{'single': 2, '2-tier': 1}]","[{'number': '1', 'min_age': '0', 'max_age': '5', 'is_extra_bed': '0', 'extra_bed_type_id': '0'}]","[{'id': 888980, 'force_prepayment': 0, 'capacity': 1, 'prepayment': 'FIRST', 'nonrefundable': 0, 'cancellation_period': 14, 'cancellation_fee': 'FIRST', 'breakfast': 1, 'base_price': 8050, 'prices': [8050], 'price': 8050, 'old_price': 8050, 'currency': 'RUB', 'payment_amount': 8050, 'extras_variants': [], 'extras': [], 'rate_id': 41000, 'deals': [], 'cancellation_type': 'special', 'credit_card': 1, 'bonus': 1610, 'miles': 644, 'min_stay': 1, 'mircashback': 805}, {'id': 888981, 'force_prepayment': 0, 'capacity': 2, 'prepayment': 'FIRST', 'nonrefundable': 0, 'cancellation_period': 14, 'cancellation_fee': 'FIRST', 'breakfast': 1, 'base_price': 8050, 'prices': [8050], 'price': 8050, 'old_price': 8050, 'currency': 'RUB', 'payment_amount': 8050, 'extras_variants': [], 'extras': [], 'rate_id': 41000, 'deals': [], 'cancellation_type': 'special', 'credit_card': 1, 'bonus': 1610, 'miles': 644, 'min_stay': 1, 'mircashback': 805}, {'id': 888982, 'force_prepayment': 0, 'capacity': 3, 'prepayment': 'FIRST', 'nonrefundable': 0, 'cancellation_period': 14, 'cancellation_fee': 'FIRST', 'breakfast': 1, 'base_price': 9200, 'prices': [9200], 'price': 9200, 'old_price': 9200, 'currency': 'RUB', 'payment_amount': 9200, 'extras_variants': [], 'extras': [], 'rate_id': 41000, 'deals': [], 'cancellation_type': 'special', 'credit_card': 1, 'bonus': 1840, 'miles': 736, 'min_stay': 1, 'mircashback': 920}, {'id': 888983, 'force_prepayment': 0, 'capacity': 4, 'prepayment': 'FIRST', 'nonrefundable': 0, 'cancellation_period': 14, 'cancellation_fee': 'FIRST', 'breakfast': 1, 'base_price': 10350, 'prices': [10350], 'price': 10350, 'old_price': 10350, 'currency': 'RUB', 'payment_amount': 10350, 'extras_variants': [], 'extras': [], 'rate_id': 41000, 'deals': [], 'cancellation_type': 'special', 'credit_card': 1, 'bonus': 2070, 'miles': 828, 'min_stay': 1, 'mircashback': 1035}]",8050.0,644,79583_101hotels,2025-05-12
2283877,,Рыбака,4,0,0,1,Дом,56,1,"[{'single': 2, '2-tier': 1}]","[{'number': '1', 'min_age': '0', 'max_age': '5', 'is_extra_bed': '0', 'extra_bed_type_id': '0'}]","[{'id': 888989, 'force_prepayment': 0, 'capacity': 1, 'prepayment': 'FIRST', 'nonrefundable': 0, 'cancellation_period': 14, 'cancellation_fee': 'FIRST', 'breakfast': 1, 'base_price': 8050, 'prices': [8050], 'price': 8050, 'old_price': 8050, 'currency': 'RUB', 'payment_amount': 8050, 'extras_variants': [], 'extras': [], 'rate_id': 41000, 'deals': [], 'cancellation_type': 'special', 'credit_card': 1, 'bonus': 1610, 'miles': 644, 'min_stay': 1, 'mircashback': 805}, {'id': 888990, 'force_prepayment': 0, 'capacity': 2, 'prepayment': 'FIRST', 'nonrefundable': 0, 'cancellation_period': 14, 'cancellation_fee': 'FIRST', 'breakfast': 1, 'base_price': 8050, 'prices': [8050], 'price': 8050, 'old_price': 8050, 'currency': 'RUB', 'payment_amount': 8050, 'extras_variants': [], 'extras': [], 'rate_id': 41000, 'deals': [], 'cancellation_type': 'special', 'credit_card': 1, 'bonus': 1610, 'miles': 644, 'min_stay': 1, 'mircashback': 805}, {'id': 888991, 'force_prepayment': 0, 'capacity': 3, 'prepayment': 'FIRST', 'nonrefundable': 0, 'cancellation_period': 14, 'cancellation_fee': 'FIRST', 'breakfast': 1, 'base_price': 9200, 'prices': [9200], 'price': 9200, 'old_price': 9200, 'currency': 'RUB', 'payment_amount': 9200, 'extras_variants': [], 'extras': [], 'rate_id': 41000, 'deals': [], 'cancellation_type': 'special', 'credit_card': 1, 'bonus': 1840, 'miles': 736, 'min_stay': 1, 'mircashback': 920}, {'id': 888992, 'force_prepayment': 0, 'capacity': 4, 'prepayment': 'FIRST', 'nonrefundable': 0, 'cancellation_period': 14, 'cancellation_fee': 'FIRST', 'breakfast': 1, 'base_price': 10350, 'prices': [10350], 'price': 10350, 'old_price': 10350, 'currency': 'RUB', 'payment_amount': 10350, 'extras_variants': [], 'extras': [], 'rate_id': 41000, 'deals': [], 'cancellation_type': 'special', 'credit_card': 1, 'bonus': 2070, 'miles': 828, 'min_stay': 1, 'mircashback': 1035}]",8050.0,644,79583_101hotels,2025-05-12
2283879,,Море,4,0,0,1,Дом,56,1,"[{'single': 2, '2-tier': 1}]","[{'number': '1', 'min_age': '0', 'max_age': '5', 'is_extra_bed': '0', 'extra_bed_type_id': '0'}]","[{'id': 888997, 'force_prepayment': 0, 'capacity': 1, 'prepayment': 'FIRST', 'nonrefundable': 0, 'cancellation_period': 14, 'cancellation_fee': 'FIRST', 'breakfast': 1, 'base_price': 8050, 'prices': [8050], 'price': 8050, 'old_price': 8050, 'currency': 'RUB', 'payment_amount': 8050, 'extras_variants': [], 'extras': [], 'rate_id': 41000, 'deals': [], 'cancellation_type': 'special', 'credit_card': 1, 'bonus': 1610, 'miles': 644, 'min_stay': 1, 'mircashback': 805}, {'id': 888998, 'force_prepayment': 0, 'capacity': 2, 'prepayment': 'FIRST', 'nonrefundable': 0, 'cancellation_period': 14, 'cancellation_fee': 'FIRST', 'breakfast': 1, 'base_price': 8050, 'prices': [8050], 'price': 8050, 'old_price': 8050, 'currency': 'RUB', 'payment_amount': 8050, 'extras_variants': [], 'extras': [], 'rate_id': 41000, 'deals': [], 'cancellation_type': 'special', 'credit_card': 1, 'bonus': 1610, 'miles': 644, 'min_stay': 1, 'mircashback': 805}, {'id': 888999, 'force_prepayment': 0, 'capacity': 3, 'prepayment': 'FIRST', 'nonrefundable': 0, 'cancellation_period': 14, 'cancellation_fee': 'FIRST', 'breakfast': 1, 'base_price': 9200, 'prices': [9200], 'price': 9200, 'old_price': 9200, 'currency': 'RUB', 'payment_amount': 9200, 'extras_variants': [], 'extras': [], 'rate_id': 41000, 'deals': [], 'cancellation_type': 'special', 'credit_card': 1, 'bonus': 1840, 'miles': 736, 'min_stay': 1, 'mircashback': 920}, {'id': 889000, 'force_prepayment': 0, 'capacity': 4, 'prepayment': 'FIRST', 'nonrefundable': 0, 'cancellation_period': 14, 'cancellation_fee': 'FIRST', 'breakfast': 1, 'base_price': 10350, 'prices': [10350], 'price': 10350, 'old_price': 10350, 'currency': 'RUB', 'payment_amount': 10350, 'extras_variants': [], 'extras': [], 'rate_id': 41000, 'deals': [], 'cancellation_type': 'special', 'credit_card': 1, 'bonus': 2070, 'miles': 828, 'min_stay': 1, 'mircashback': 1035}]",8050.0,644,79583_101hotels,2025-05-12
2283880,,"Дом ""Скала""",6,2,0,1,Семейный,44,1,"[{'single': 4, 'double': 1, 'sofa': 1, 'f-chair': 1}]","[{'number': '2', 'min_age': '0', 'max_age': '5', 'is_extra_bed': '0', 'extra_bed_type_id': '0'}]","[{'id': 889011, 'force_prepayment': 0, 'capacity': 1, 'prepayment': 'FIRST', 'nonrefundable': 0, 'cancellation_period': 14, 'cancellation_fee': 'FIRST', 'breakfast': 1, 'base_price': 16100, 'prices': [16100], 'price': 16100, 'old_price': 16100, 'currency': 'RUB', 'payment_amount': 16100, 'extras_variants': [], 'extras': [], 'rate_id': 41000, 'deals': [], 'cancellation_type': 'special', 'credit_card': 1, 'bonus': 3220, 'miles': 1288, 'min_stay': 1, 'mircashback': 1610}, {'id': 889012, 'force_prepayment': 0, 'capacity': 2, 'prepayment': 'FIRST', 'nonrefundable': 0, 'cancellation_period': 14, 'cancellation_fee': 'FIRST', 'breakfast': 1, 'base_price': 16100, 'prices': [16100], 'price': 16100, 'old_price': 16100, 'currency': 'RUB', 'payment_amount': 16100, 'extras_variants': [], 'extras': [], 'rate_id': 41000, 'deals': [], 'cancellation_type': 'special', 'credit_card': 1, 'bonus': 3220, 'miles': 1288, 'min_stay': 1, 'mircashback': 1610}, {'id': 889013, 'force_prepayment': 0, 'capacity': 3, 'prepayment': 'FIRST', 'nonrefundable': 0, 'cancellation_period': 14, 'cancellation_fee': 'FIRST', 'breakfast': 1, 'base_price': 16100, 'prices': [16100], 'price': 16100, 'old_price': 16100, 'currency': 'RUB', 'payment_amount': 16100, 'extras_variants': [], 'extras': [], 'rate_id': 41000, 'deals': [], 'cancellation_type': 'special', 'credit_card': 1, 'bonus': 3220, 'miles': 1288, 'min_stay': 1, 'mircashback': 1610}, {'id': 889014, 'force_prepayment': 0, 'capacity': 4, 'prepayment': 'FIRST', 'nonrefundable': 0, 'cancellation_period': 14, 'cancellation_fee': 'FIRST', 'breakfast': 1, 'base_price': 16100, 'prices': [16100], 'price': 16100, 'old_price': 16100, 'currency': 'RUB', 'payment_amount': 16100, 'extras_variants': [], 'extras': [], 'rate_id': 41000, 'deals': [], 'cancellation_type': 'special', 'credit_card': 1, 'bonus': 3220, 'miles': 1288, 'min_stay': 1, 'mircashback': 1610}, {'id': 889015, 'force_prepayment': 0, 'capacity': 5, 'prepayment': 'FIRST', 'nonrefundable': 0, 'cancellation_period': 14, 'cancellation_fee': 'FIRST', 'breakfast': 1, 'base_price': 16100, 'prices': [16100], 'price': 16100, 'old_price': 16100, 'currency': 'RUB', 'payment_amount': 16100, 'extras_variants': [], 'extras': [], 'rate_id': 41000, 'deals': [], 'cancellation_type': 'special', 'credit_card': 1, 'bonus': 3220, 'miles': 1288, 'min_stay': 1, 'mircashback': 1610}, {'id': 889016, 'force_prepayment': 0, 'capacity': 6, 'prepayment': 'FIRST', 'nonrefundable': 0, 'cancellation_period': 14, 'cancellation_fee': 'FIRST', 'breakfast': 1, 'base_price': 16100, 'prices': [16100], 'price': 16100, 'old_price': 16100, 'currency': 'RUB', 'payment_amount': 16100, 'extras_variants': [], 'extras': [], 'rate_id': 41000, 'deals': [], 'cancellation_type': 'special', 'credit_card': 1, 'bonus': 3220, 'miles': 1288, 'min_stay': 1, 'mircashback': 1610}]",16100.0,1288,79583_101hotels,2025-05-12
44077,,Стандарт с видом на озеро,2,0,0,1,Двухместный,2,2,"[{'single': 2}, {'double': 1}]",[],"[{'id': 619664, 'force_prepayment': 0, 'capacity': 1, 'prepayment': 'FIRST', 'nonrefundable': 0, 'cancellation_period': 10, 'cancellation_fee': 'FIRST', 'breakfast': 1, 'base_price': 9900, 'prices': [9900], 'price': 9900, 'old_price': 9900, 'currency': 'RUB', 'payment_amount': 9900, 'extras_variants': [], 'extras': [], 'rate_id': 22635, 'deals': [], 'cancellation_type': 'special', 'credit_card': 1, 'bonus': 1980, 'miles': 792, 'min_stay': 1, 'mircashback': 990}, {'id': 619665, 'force_prepayment': 0, 'capacity': 2, 'prepayment': 'FIRST', 'nonrefundable': 0, 'cancellation_period': 10, 'cancellation_fee': 'FIRST', 'breakfast': 1, 'base_price': 9900, 'prices': [9900], 'price': 9900, 'old_price': 9900, 'currency': 'RUB', 'payment_amount': 9900, 'extras_variants': [], 'extras': [], 'rate_id': 22635, 'deals': [], 'cancellation_type': 'special', 'credit_card': 1, 'bonus': 1980, 'miles': 792, 'min_stay': 1, 'mircashback': 990}]",9900.0,792,9002_101hotels,2025-05-12
44079,,Семейный номер,4,1,0,1,Люкс,6,2,"[{'single': 2, 'double': 1}]",[],"[{'id': 619672, 'force_prepayment': 0, 'capacity': 1, 'prepayment': 'FIRST', 'nonrefundable': 0, 'cancellation_period': 10, 'cancellation_fee': 'FIRST', 'breakfast': 1, 'base_price': 15400, 'prices': [15400], 'price': 15400, 'old_price': 15400, 'currency': 'RUB', 'payment_amount': 15400, 'extras_variants': [], 'extras': [], 'rate_id': 22635, 'deals': [], 'cancellation_type': 'special', 'credit_card': 1, 'bonus': 3080, 'miles': 1232, 'min_stay': 1, 'mircashback': 1540}, {'id': 619673, 'force_prepayment': 0, 'capacity': 2, 'prepayment': 'FIRST', 'nonrefundable': 0, 'cancellation_period': 10, 'cancellation_fee': 'FIRST', 'breakfast': 1, 'base_price': 15400, 'prices': [15400], 'price': 15400, 'old_price': 15400, 'currency': 'RUB', 'payment_amount': 15400, 'extras_variants': [], 'extras': [], 'rate_id': 22635, 'deals': [], 'cancellation_type': 'special', 'credit_card': 1, 'bonus': 3080, 'miles': 1232, 'min_stay': 1, 'mircashback': 1540}, {'id': 619674, 'force_prepayment': 0, 'capacity': 3, 'prepayment': 'FIRST', 'nonrefundable': 0, 'cancellation_period': 10, 'cancellation_fee': 'FIRST', 'breakfast': 1, 'base_price': 15400, 'prices': [15400], 'price': 15400, 'old_price': 15400, 'currency': 'RUB', 'payment_amount': 15400, 'extras_variants': [], 'extras': [], 'rate_id': 22635, 'deals': [], 'cancellation_type': 'special', 'credit_card': 1, 'bonus': 3080, 'miles': 1232, 'min_stay': 1, 'mircashback': 1540}, {'id': 619675, 'force_prepayment': 0, 'capacity': 4, 'prepayment': 'FIRST', 'nonrefundable': 0, 'cancellation_period': 10, 'cancellation_fee': 'FIRST', 'breakfast': 1, 'base_price': 15400, 'prices': [15400], 'price': 15400, 'old_price': 15400, 'currency': 'RUB', 'payment_amount': 15400, 'extras_variants': [], 'extras': [], 'rate_id': 22635, 'deals': [], 'cancellation_type': 'special', 'credit_card': 1, 'bonus': 3080, 'miles': 1232, 'min_stay': 1, 'mircashback': 1540}]",15400.0,1232,9002_101hotels,2025-05-12
44080,,De Luxe в 4 корпусе,2,1,0,1,Апартаменты,14,2,"[{'single': 2}, {'double': 1}]",[],"[{'id': 619676, 'force_prepayment': 0, 'capacity': 1, 'prepayment': 'FIRST', 'nonrefundable': 0, 'cancellation_period': 10, 'cancellation_fee': 'FIRST', 'breakfast': 1, 'base_price': 13200, 'prices': [13200], 'price': 13200, 'old_price': 13200, 'currency': 'RUB', 'payment_amount': 13200, 'extras_variants': [], 'extras': [], 'rate_id': 22635, 'deals': [], 'cancellation_type': 'special', 'credit_card': 1, 'bonus': 2640, 'miles': 1056, 'min_stay': 1, 'mircashback': 1320}, {'id': 619677, 'force_prepayment': 0, 'capacity': 2, 'prepayment': 'FIRST', 'nonrefundable': 0, 'cancellation_period': 10, 'cancellation_fee': 'FIRST', 'breakfast': 1, 'base_price': 13200, 'prices': [13200], 'price': 13200, 'old_price': 13200, 'currency': 'RUB', 'payment_amount': 13200, 'extras_variants': [], 'extras': [], 'rate_id': 22635, 'deals': [], 'cancellation_type': 'special', 'credit_card': 1, 'bonus': 2640, 'miles': 1056, 'min_stay': 1, 'mircashback': 1320}]",13200.0,1056,9002_101hotels,2025-05-12
98417,,Люкс,2,2,0,1,Студио,5,2,[{'double': 1}],[],"[{'id': 619670, 'force_prepayment': 0, 'capacity': 1, 'prepayment': 'FIRST', 'nonrefundable': 0, 'cancellation_period': 10, 'cancellation_fee': 'FIRST', 'breakfast': 1, 'base_price': 18700, 'prices': [18700], 'price': 18700, 'old_price': 18700, 'currency': 'RUB', 'payment_amount': 18700, 'extras_variants': [], 'extras': [], 'rate_id': 22635, 'deals': [], 'cancellation_type': 'special', 'credit_card': 1, 'bonus': 3740, 'miles': 1496, 'min_stay': 1, 'mircashback': 1870}, {'id': 619671, 'force_prepayment': 0, 'capacity': 2, 'prepayment': 'FIRST', 'nonrefundable': 0, 'cancellation_period': 10, 'cancellation_fee': 'FIRST', 'breakfast': 1, 'base_price': 18700, 'prices': [18700], 'price': 18700, 'old_price': 18700, 'currency': 'RUB', 'payment_amount': 18700, 'extras_variants': [], 'extras': [], 'rate_id': 22635, 'deals': [], 'cancellation_type': 'special', 'credit_card': 1, 'bonus': 3740, 'miles': 1496, 'min_stay': 1, 'mircashback': 1870}]",18700.0,1496,9002_101hotels,2025-05-12
1778183,,De Luxe в 1 корпусе,2,1,0,1,De Luxe,29,2,"[{'double': 1, 'sofa': 1}]",[],"[{'id': 619678, 'force_prepayment': 0, 'capacity': 1, 'prepayment': 'FIRST', 'nonrefundable': 0, 'cancellation_period': 10, 'cancellation_fee': 'FIRST', 'breakfast': 1, 'base_price': 13200, 'prices': [13200], 'price': 13200, 'old_price': 13200, 'currency': 'RUB', 'payment_amount': 13200, 'extras_variants': [], 'extras': [], 'rate_id': 22635, 'deals': [], 'cancellation_type': 'special', 'credit_card': 1, 'bonus': 2640, 'miles': 1056, 'min_stay': 1, 'mircashback': 1320}, {'id': 619679, 'force_prepayment': 0, 'capacity': 2, 'prepayment': 'FIRST', 'nonrefundable': 0, 'cancellation_period': 10, 'cancellation_fee': 'FIRST', 'breakfast': 1, 'base_price': 13200, 'prices': [13200], 'price': 13200, 'old_price': 13200, 'currency': 'RUB', 'payment_amount': 13200, 'extras_variants': [], 'extras': [], 'rate_id': 22635, 'deals': [], 'cancellation_type': 'special', 'credit_card': 1, 'bonus': 2640, 'miles': 1056, 'min_stay': 1, 'mircashback': 1320}]",13200.0,1056,9002_101hotels,2025-05-12
1778184,,Стандарт с видом на лес,2,0,0,1,Двухместный,2,2,"[{'single': 2}, {'double': 1}]",[],"[{'id': 619668, 'force_prepayment': 0, 'capacity': 1, 'prepayment': 'FIRST', 'nonrefundable': 0, 'cancellation_period': 10, 'cancellation_fee': 'FIRST', 'breakfast': 1, 'base_price': 8800, 'prices': [8800], 'price': 8800, 'old_price': 8800, 'currency': 'RUB', 'payment_amount': 8800, 'extras_variants': [], 'extras': [], 'rate_id': 22635, 'deals': [], 'cancellation_type': 'special', 'credit_card': 1, 'bonus': 1760, 'miles': 704, 'min_stay': 1, 'mircashback': 880}, {'id': 619669, 'force_prepayment': 0, 'capacity': 2, 'prepayment': 'FIRST', 'nonrefundable': 0, 'cancellation_period': 10, 'cancellation_fee': 'FIRST', 'breakfast': 1, 'base_price': 8800, 'prices': [8800], 'price': 8800, 'old_price': 8800, 'currency': 'RUB', 'payment_amount': 8800, 'extras_variants': [], 'extras': [], 'rate_id': 22635, 'deals': [], 'cancellation_type': 'special', 'credit_card': 1, 'bonus': 1760, 'miles': 704, 'min_stay': 1, 'mircashback': 880}]",8800.0,704,9002_101hotels,2025-05-12
1867679,,,4,0,0,0,Четырехместный,34,2,"[{'double': 1, '2-tier': 1}]",[],"[{'id': 431974, 'force_prepayment': 0, 'capacity': 1, 'prepayment': 'FIRST', 'nonrefundable': 0, 'cancellation_period': 7, 'cancellation_fee': 'FIRST', 'breakfast': 0, 'base_price': 10000, 'prices': [5000, 5000], 'price': 10000, 'old_price': 10000, 'currency': 'RUB', 'payment_amount': 5000, 'extras_variants': [], 'extras': [], 'rate_id': 9401, 'deals': [], 'cancellation_type': 'special', 'credit_card': 1, 'bonus': 2000, 'miles': 800, 'min_stay': 2, 'mircashback': 1000}, {'id': 431975, 'force_prepayment': 0, 'capacity': 2, 'prepayment': 'FIRST', 'nonrefundable': 0, 'cancellation_period': 7, 'cancellation_fee': 'FIRST', 'breakfast': 0, 'base_price': 10000, 'prices': [5000, 5000], 'price': 10000, 'old_price': 10000, 'currency': 'RUB', 'payment_amount': 5000, 'extras_variants': [], 'extras': [], 'rate_id': 9401, 'deals': [], 'cancellation_type': 'special', 'credit_card': 1, 'bonus': 2000, 'miles': 800, 'min_stay': 2, 'mircashback': 1000}, {'id': 431976, 'force_prepayment': 0, 'capacity': 3, 'prepayment': 'FIRST', 'nonrefundable': 0, 'cancellation_period': 7, 'cancellation_fee': 'FIRST', 'breakfast': 0, 'base_price': 10000, 'prices': [5000, 5000], 'price': 10000, 'old_price': 10000, 'currency': 'RUB', 'payment_amount': 5000, 'extras_variants': [], 'extras': [], 'rate_id': 9401, 'deals': [], 'cancellation_type': 'special', 'credit_card': 1, 'bonus': 2000, 'miles': 800, 'min_stay': 2, 'mircashback': 1000}, {'id': 431977, 'force_prepayment': 0, 'capacity': 4, 'prepayment': 'FIRST', 'nonrefundable': 0, 'cancellation_period': 7, 'cancellation_fee': 'FIRST', 'breakfast': 0, 'base_price': 10000, 'prices': [5000, 5000], 'price': 10000, 'old_price': 10000, 'currency': 'RUB', 'payment_amount': 5000, 'extras_variants': [], 'extras': [], 'rate_id': 9401, 'deals': [], 'cancellation_type': 'special', 'credit_card': 1, 'bonus': 2000, 'miles': 800, 'min_stay': 2, 'mircashback': 1000}]",10000.0,800,559427_101hotels,2025-05-12
1867681,,С 1 кроватью,2,0,0,0,Двухместный,2,1,[{'double': 1}],[],"[{'id': 429033, 'force_prepayment': 0, 'capacity': 1, 'prepayment': 'FIRST', 'nonrefundable': 0, 'cancellation_period': 7, 'cancellation_fee': 'FIRST', 'breakfast': 0, 'base_price': 8000, 'prices': [4000, 4000], 'price': 8000, 'old_price': 8000, 'currency': 'RUB', 'payment_amount': 4000, 'extras_variants': [], 'extras': [], 'rate_id': 9401, 'deals': [], 'cancellation_type': 'special', 'credit_card': 1, 'bonus': 1600, 'miles': 640, 'min_stay': 2, 'mircashback': 800}, {'id': 429034, 'force_prepayment': 0, 'capacity': 2, 'prepayment': 'FIRST', 'nonrefundable': 0, 'cancellation_period': 7, 'cancellation_fee': 'FIRST', 'breakfast': 0, 'base_price': 8000, 'prices': [4000, 4000], 'price': 8000, 'old_price': 8000, 'currency': 'RUB', 'payment_amount': 4000, 'extras_variants': [], 'extras': [], 'rate_id': 9401, 'deals': [], 'cancellation_type': 'special', 'credit_card': 1, 'bonus': 1600, 'miles': 640, 'min_stay': 2, 'mircashback': 800}]",8000.0,640,559427_101hotels,2025-05-12
1867685,,"Бюджетный, С 2 отдельными кроватями",2,0,0,0,Двухместный,2,2,[{'single': 2}],[],"[{'id': 429035, 'force_prepayment': 0, 'capacity': 1, 'prepayment': 'FIRST', 'nonrefundable': 0, 'cancellation_period': 7, 'cancellation_fee': 'FIRST', 'breakfast': 0, 'base_price': 8000, 'prices': [4000, 4000], 'price': 8000, 'old_price': 8000, 'currency': 'RUB', 'payment_amount': 4000, 'extras_variants': [], 'extras': [], 'rate_id': 9401, 'deals': [], 'cancellation_type': 'special', 'credit_card': 1, 'bonus': 1600, 'miles': 640, 'min_stay': 2, 'mircashback': 800}, {'id': 429036, 'force_prepayment': 0, 'capacity': 2, 'prepayment': 'FIRST', 'nonrefundable': 0, 'cancellation_period': 7, 'cancellation_fee': 'FIRST', 'breakfast': 0, 'base_price': 8000, 'prices': [4000, 4000], 'price': 8000, 'old_price': 8000, 'currency': 'RUB', 'payment_amount': 4000, 'extras_variants': [], 'extras': [], 'rate_id': 9401, 'deals': [], 'cancellation_type': 'special', 'credit_card': 1, 'bonus': 1600, 'miles': 640, 'min_stay': 2, 'mircashback': 800}]",8000.0,640,559427_101hotels,2025-05-12
1867686,,Эконом-класса,4,0,0,0,Четырехместный,34,2,"[{'single': 2, '2-tier': 1}, {'2-tier': 2}]",[],"[{'id': 431982, 'force_prepayment': 0, 'capacity': 1, 'prepayment': 'FIRST', 'nonrefundable': 0, 'cancellation_period': 7, 'cancellation_fee': 'FIRST', 'breakfast': 0, 'base_price': 10000, 'prices': [5000, 5000], 'price': 10000, 'old_price': 10000, 'currency': 'RUB', 'payment_amount': 5000, 'extras_variants': [], 'extras': [], 'rate_id': 9401, 'deals': [], 'cancellation_type': 'special', 'credit_card': 1, 'bonus': 2000, 'miles': 800, 'min_stay': 2, 'mircashback': 1000}, {'id': 431983, 'force_prepayment': 0, 'capacity': 2, 'prepayment': 'FIRST', 'nonrefundable': 0, 'cancellation_period': 7, 'cancellation_fee': 'FIRST', 'breakfast': 0, 'base_price': 10000, 'prices': [5000, 5000], 'price': 10000, 'old_price': 10000, 'currency': 'RUB', 'payment_amount': 5000, 'extras_variants': [], 'extras': [], 'rate_id': 9401, 'deals': [], 'cancellation_type': 'special', 'credit_card': 1, 'bonus': 2000, 'miles': 800, 'min_stay': 2, 'mircashback': 1000}, {'id': 431984, 'force_prepayment': 0, 'capacity': 3, 'prepayment': 'FIRST', 'nonrefundable': 0, 'cancellation_period': 7, 'cancellation_fee': 'FIRST', 'breakfast': 0, 'base_price': 10000, 'prices': [5000, 5000], 'price': 10000, 'old_price': 10000, 'currency': 'RUB', 'payment_amount': 5000, 'extras_variants': [], 'extras': [], 'rate_id': 9401, 'deals': [], 'cancellation_type': 'special', 'credit_card': 1, 'bonus': 2000, 'miles': 800, 'min_stay': 2, 'mircashback': 1000}, {'id': 431985, 'force_prepayment': 0, 'capacity': 4, 'prepayment': 'FIRST', 'nonrefundable': 0, 'cancellation_period': 7, 'cancellation_fee': 'FIRST', 'breakfast': 0, 'base_price': 10000, 'prices': [5000, 5000], 'price': 10000, 'old_price': 10000, 'currency': 'RUB', 'payment_amount': 5000, 'extras_variants': [], 'extras': [], 'rate_id': 9401, 'deals': [], 'cancellation_type': 'special', 'credit_card': 1, 'bonus': 2000, 'miles': 800, 'min_stay': 2, 'mircashback': 1000}]",10000.0,800,559427_101hotels,2025-05-12
1988743,,С общей ванной комнатой,3,0,0,1,Семейный,44,1,"[{'double': 1, 's-sofa': 1}]",[],"[{'id': 927022, 'force_prepayment': 0, 'details': [{'day': '12.05.2025', 'base_price': 3125, 'price': 3125, 'discount': 0, 'deal_id': 0, 'deal_ids': [], 'deals': []}], 'capacity': 1, 'prepayment': 'FULL', 'nonrefundable': 0, 'cancellation_period': 0, 'cancellation_fee': 'NO', 'breakfast': 0, 'base_price': 3125, 'prices': [3125], 'price': 3125, 'old_price': 3125, 'currency': 'RUB', 'payment_amount': 3125, 'extras_variants': [], 'extras': [], 'rate_id': 42732, 'deals': [], 'cancellation_type': 'free', 'credit_card': 1, 'bonus': 625, 'miles': 248, 'min_stay': 1, 'mircashback': 313}, {'id': 927023, 'force_prepayment': 0, 'details': [{'day': '12.05.2025', 'base_price': 4000, 'price': 4000, 'discount': 0, 'deal_id': 0, 'deal_ids': [], 'deals': []}], 'capacity': 2, 'prepayment': 'FULL', 'nonrefundable': 0, 'cancellation_period': 0, 'cancellation_fee': 'NO', 'breakfast': 0, 'base_price': 4000, 'prices': [4000], 'price': 4000, 'old_price': 4000, 'currency': 'RUB', 'payment_amount': 4000, 'extras_variants': [], 'extras': [], 'rate_id': 42732, 'deals': [], 'cancellation_type': 'free', 'credit_card': 1, 'bonus': 800, 'miles': 320, 'min_stay': 1, 'mircashback': 400}, {'id': 927024, 'force_prepayment': 0, 'details': [{'day': '12.05.2025', 'base_price': 4875, 'price': 4875, 'discount': 0, 'deal_id': 0, 'deal_ids': [], 'deals': []}], 'capacity': 3, 'prepayment': 'FULL', 'nonrefundable': 0, 'cancellation_period': 0, 'cancellation_fee': 'NO', 'breakfast': 0, 'base_price': 4875, 'prices': [4875], 'price': 4875, 'old_price': 4875, 'currency': 'RUB', 'payment_amount': 4875, 'extras_variants': [], 'extras': [], 'rate_id': 42732, 'deals': [], 'cancellation_type': 'free', 'credit_card': 1, 'bonus': 975, 'miles': 388, 'min_stay': 1, 'mircashback': 488}]",3125.0,248,609283_101hotels,2025-05-12
1988745,,Номер эконом-класса,4,0,0,0,Четырехместный,34,1,[{'2-tier': 2}],[],"[{'id': 927014, 'force_prepayment': 0, 'details': [{'day': '12.05.2025', 'base_price': 3000, 'price': 3000, 'discount': 0, 'deal_id': 0, 'deal_ids': [], 'deals': []}], 'capacity': 1, 'prepayment': 'FULL', 'nonrefundable': 0, 'cancellation_period': 0, 'cancellation_fee': 'NO', 'breakfast': 0, 'base_price': 3000, 'prices': [3000], 'price': 3000, 'old_price': 3000, 'currency': 'RUB', 'payment_amount': 3000, 'extras_variants': [], 'extras': [], 'rate_id': 42732, 'deals': [], 'cancellation_type': 'free', 'credit_card': 1, 'bonus': 600, 'miles': 240, 'min_stay': 1, 'mircashback': 300}, {'id': 927015, 'force_prepayment': 0, 'details': [{'day': '12.05.2025', 'base_price': 3750, 'price': 3750, 'discount': 0, 'deal_id': 0, 'deal_ids': [], 'deals': []}], 'capacity': 2, 'prepayment': 'FULL', 'nonrefundable': 0, 'cancellation_period': 0, 'cancellation_fee': 'NO', 'breakfast': 0, 'base_price': 3750, 'prices': [3750], 'price': 3750, 'old_price': 3750, 'currency': 'RUB', 'payment_amount': 3750, 'extras_variants': [], 'extras': [], 'rate_id': 42732, 'deals': [], 'cancellation_type': 'free', 'credit_card': 1, 'bonus': 750, 'miles': 300, 'min_stay': 1, 'mircashback': 375}, {'id': 927016, 'force_prepayment': 0, 'details': [{'day': '12.05.2025', 'base_price': 4500, 'price': 4500, 'discount': 0, 'deal_id': 0, 'deal_ids': [], 'deals': []}], 'capacity': 3, 'prepayment': 'FULL', 'nonrefundable': 0, 'cancellation_period': 0, 'cancellation_fee': 'NO', 'breakfast': 0, 'base_price': 4500, 'prices': [4500], 'price': 4500, 'old_price': 4500, 'currency': 'RUB', 'payment_amount': 4500, 'extras_variants': [], 'extras': [], 'rate_id': 42732, 'deals': [], 'cancellation_type': 'free', 'credit_card': 1, 'bonus': 900, 'miles': 360, 'min_stay': 1, 'mircashback': 450}, {'id': 927017, 'force_prepayment': 0, 'details': [{'day': '12.05.2025', 'base_price': 5250, 'price': 5250, 'discount': 0, 'deal_id': 0, 'deal_ids': [], 'deals': []}], 'capacity': 4, 'prepayment': 'FULL', 'nonrefundable': 0, 'cancellation_period': 0, 'cancellation_fee': 'NO', 'breakfast': 0, 'base_price': 5250, 'prices': [5250], 'price': 5250, 'old_price': 5250, 'currency': 'RUB', 'payment_amount': 5250, 'extras_variants': [], 'extras': [], 'rate_id': 42732, 'deals': [], 'cancellation_type': 'free', 'credit_card': 1, 'bonus': 1050, 'miles': 420, 'min_stay': 1, 'mircashback': 525}]",3000.0,240,609283_101hotels,2025-05-12
1988748,,Комфорт,4,0,0,0,Четырехместный,34,1,[{'single': 4}],[],"[{'id': 927018, 'force_prepayment': 0, 'details': [{'day': '12.05.2025', 'base_price': 3250, 'price': 3250, 'discount': 0, 'deal_id': 0, 'deal_ids': [], 'deals': []}], 'capacity': 1, 'prepayment': 'FULL', 'nonrefundable': 0, 'cancellation_period': 0, 'cancellation_fee': 'NO', 'breakfast': 0, 'base_price': 3250, 'prices': [3250], 'price': 3250, 'old_price': 3250, 'currency': 'RUB', 'payment_amount': 3250, 'extras_variants': [], 'extras': [], 'rate_id': 42732, 'deals': [], 'cancellation_type': 'free', 'credit_card': 1, 'bonus': 650, 'miles': 260, 'min_stay': 1, 'mircashback': 325}, {'id': 927019, 'force_prepayment': 0, 'details': [{'day': '12.05.2025', 'base_price': 4125, 'price': 4125, 'discount': 0, 'deal_id': 0, 'deal_ids': [], 'deals': []}], 'capacity': 2, 'prepayment': 'FULL', 'nonrefundable': 0, 'cancellation_period': 0, 'cancellation_fee': 'NO', 'breakfast': 0, 'base_price': 4125, 'prices': [4125], 'price': 4125, 'old_price': 4125, 'currency': 'RUB', 'payment_amount': 4125, 'extras_variants': [], 'extras': [], 'rate_id': 42732, 'deals': [], 'cancellation_type': 'free', 'credit_card': 1, 'bonus': 825, 'miles': 328, 'min_stay': 1, 'mircashback': 413}, {'id': 927020, 'force_prepayment': 0, 'details': [{'day': '12.05.2025', 'base_price': 5000, 'price': 5000, 'discount': 0, 'deal_id': 0, 'deal_ids': [], 'deals': []}], 'capacity': 3, 'prepayment': 'FULL', 'nonrefundable': 0, 'cancellation_period': 0, 'cancellation_fee': 'NO', 'breakfast': 0, 'base_price': 5000, 'prices': [5000], 'price': 5000, 'old_price': 5000, 'currency': 'RUB', 'payment_amount': 5000, 'extras_variants': [], 'extras': [], 'rate_id': 42732, 'deals': [], 'cancellation_type': 'free', 'credit_card': 1, 'bonus': 1000, 'miles': 400, 'min_stay': 1, 'mircashback': 500}, {'id': 927021, 'force_prepayment': 0, 'details': [{'day': '12.05.2025', 'base_price': 5875, 'price': 5875, 'discount': 0, 'deal_id': 0, 'deal_ids': [], 'deals': []}], 'capacity': 4, 'prepayment': 'FULL', 'nonrefundable': 0, 'cancellation_period': 0, 'cancellation_fee': 'NO', 'breakfast': 0, 'base_price': 5875, 'prices': [5875], 'price': 5875, 'old_price': 5875, 'currency': 'RUB', 'payment_amount': 5875, 'extras_variants': [], 'extras': [], 'rate_id': 42732, 'deals': [], 'cancellation_type': 'free', 'credit_card': 1, 'bonus': 1175, 'miles': 468, 'min_stay': 1, 'mircashback': 588}]",3250.0,260,609283_101hotels,2025-05-12
1988757,,Улучшенный номер,4,0,0,1,Семейный,44,1,"[{'double': 1, 'sofa': 1}]",[],"[{'id': 927025, 'force_prepayment': 0, 'details': [{'day': '12.05.2025', 'base_price': 3500, 'price': 3500, 'discount': 0, 'deal_id': 0, 'deal_ids': [], 'deals': []}], 'capacity': 1, 'prepayment': 'FULL', 'nonrefundable': 0, 'cancellation_period': 0, 'cancellation_fee': 'NO', 'breakfast': 0, 'base_price': 3500, 'prices': [3500], 'price': 3500, 'old_price': 3500, 'currency': 'RUB', 'payment_amount': 3500, 'extras_variants': [], 'extras': [], 'rate_id': 42732, 'deals': [], 'cancellation_type': 'free', 'credit_card': 1, 'bonus': 700, 'miles': 280, 'min_stay': 1, 'mircashback': 350}, {'id': 927026, 'force_prepayment': 0, 'details': [{'day': '12.05.2025', 'base_price': 4500, 'price': 4500, 'discount': 0, 'deal_id': 0, 'deal_ids': [], 'deals': []}], 'capacity': 2, 'prepayment': 'FULL', 'nonrefundable': 0, 'cancellation_period': 0, 'cancellation_fee': 'NO', 'breakfast': 0, 'base_price': 4500, 'prices': [4500], 'price': 4500, 'old_price': 4500, 'currency': 'RUB', 'payment_amount': 4500, 'extras_variants': [], 'extras': [], 'rate_id': 42732, 'deals': [], 'cancellation_type': 'free', 'credit_card': 1, 'bonus': 900, 'miles': 360, 'min_stay': 1, 'mircashback': 450}, {'id': 927027, 'force_prepayment': 0, 'details': [{'day': '12.05.2025', 'base_price': 5500, 'price': 5500, 'discount': 0, 'deal_id': 0, 'deal_ids': [], 'deals': []}], 'capacity': 3, 'prepayment': 'FULL', 'nonrefundable': 0, 'cancellation_period': 0, 'cancellation_fee': 'NO', 'breakfast': 0, 'base_price': 5500, 'prices': [5500], 'price': 5500, 'old_price': 5500, 'currency': 'RUB', 'payment_amount': 5500, 'extras_variants': [], 'extras': [], 'rate_id': 42732, 'deals': [], 'cancellation_type': 'free', 'credit_card': 1, 'bonus': 1100, 'miles': 440, 'min_stay': 1, 'mircashback': 550}, {'id': 927028, 'force_prepayment': 0, 'details': [{'day': '12.05.2025', 'base_price': 6500, 'price': 6500, 'discount': 0, 'deal_id': 0, 'deal_ids': [], 'deals': []}], 'capacity': 4, 'prepayment': 'FULL', 'nonrefundable': 0, 'cancellation_period': 0, 'cancellation_fee': 'NO', 'breakfast': 0, 'base_price': 6500, 'prices': [6500], 'price': 6500, 'old_price': 6500, 'currency': 'RUB', 'payment_amount': 6500, 'extras_variants': [], 'extras': [], 'rate_id': 42732, 'deals': [], 'cancellation_type': 'free', 'credit_card': 1, 'bonus': 1300, 'miles': 520, 'min_stay': 1, 'mircashback': 650}]",3500.0,280,609283_101hotels,2025-05-12
238139,,В Коттедже,2,0,0,0,Двухместный,2,2,[{'single': 2}],[],"[{'id': 316307, 'force_prepayment': 0, 'details': [{'day': '12.05.2025', 'base_price': 6800, 'price': 6800, 'discount': 0, 'deal_id': 0, 'deal_ids': [], 'deals': []}], 'capacity': 1, 'prepayment': 'FULL', 'nonrefundable': 1, 'cancellation_period': 0, 'cancellation_fee': 'FIRST', 'breakfast': 0, 'base_price': 6800, 'prices': [6800], 'price': 6800, 'old_price': 6800, 'currency': 'RUB', 'payment_amount': 6800, 'extras_variants': [], 'extras': [], 'rate_id': 3108, 'deals': [], 'cancellation_type': 'nonrefundable', 'credit_card': 1, 'bonus': 1360, 'miles': 544, 'min_stay': 1, 'mircashback': 680}, {'id': 316308, 'force_prepayment': 0, 'details': [{'day': '12.05.2025', 'base_price': 6800, 'price': 6800, 'discount': 0, 'deal_id': 0, 'deal_ids': [], 'deals': []}], 'capacity': 2, 'prepayment': 'FULL', 'nonrefundable': 1, 'cancellation_period': 0, 'cancellation_fee': 'FIRST', 'breakfast': 0, 'base_price': 6800, 'prices': [6800], 'price': 6800, 'old_price': 6800, 'currency': 'RUB', 'payment_amount': 6800, 'extras_variants': [], 'extras': [], 'rate_id': 3108, 'deals': [], 'cancellation_type': 'nonrefundable', 'credit_card': 1, 'bonus': 1360, 'miles': 544, 'min_stay': 1, 'mircashback': 680}]",6800.0,544,64543_101hotels,2025-05-12
238140,,В Коттедже,3,0,0,0,Трехместный,37,1,[{'single': 1}],[],"[{'id': 316326, 'force_prepayment': 0, 'details': [{'day': '12.05.2025', 'base_price': 8300, 'price': 8300, 'discount': 0, 'deal_id': 0, 'deal_ids': [], 'deals': []}], 'capacity': 1, 'prepayment': 'FULL', 'nonrefundable': 1, 'cancellation_period': 0, 'cancellation_fee': 'FIRST', 'breakfast': 0, 'base_price': 8300, 'prices': [8300], 'price': 8300, 'old_price': 8300, 'currency': 'RUB', 'payment_amount': 8300, 'extras_variants': [], 'extras': [], 'rate_id': 3108, 'deals': [], 'cancellation_type': 'nonrefundable', 'credit_card': 1, 'bonus': 1660, 'miles': 664, 'min_stay': 1, 'mircashback': 830}, {'id': 316327, 'force_prepayment': 0, 'details': [{'day': '12.05.2025', 'base_price': 8300, 'price': 8300, 'discount': 0, 'deal_id': 0, 'deal_ids': [], 'deals': []}], 'capacity': 2, 'prepayment': 'FULL', 'nonrefundable': 1, 'cancellation_period': 0, 'cancellation_fee': 'FIRST', 'breakfast': 0, 'base_price': 8300, 'prices': [8300], 'price': 8300, 'old_price': 8300, 'currency': 'RUB', 'payment_amount': 8300, 'extras_variants': [], 'extras': [], 'rate_id': 3108, 'deals': [], 'cancellation_type': 'nonrefundable', 'credit_card': 1, 'bonus': 1660, 'miles': 664, 'min_stay': 1, 'mircashback': 830}, {'id': 316328, 'force_prepayment': 0, 'details': [{'day': '12.05.2025', 'base_price': 8300, 'price': 8300, 'discount': 0, 'deal_id': 0, 'deal_ids': [], 'deals': []}], 'capacity': 3, 'prepayment': 'FULL', 'nonrefundable': 1, 'cancellation_period': 0, 'cancellation_fee': 'FIRST', 'breakfast': 0, 'base_price': 8300, 'prices': [8300], 'price': 8300, 'old_price': 8300, 'currency': 'RUB', 'payment_amount': 8300, 'extras_variants': [], 'extras': [], 'rate_id': 3108, 'deals': [], 'cancellation_type': 'nonrefundable', 'credit_card': 1, 'bonus': 1660, 'miles': 664, 'min_stay': 1, 'mircashback': 830}]",8300.0,664,64543_101hotels,2025-05-12
238141,,В Коттедже,4,0,0,0,Четырехместный,34,1,[{'single': 4}],[],"[{'id': 316322, 'force_prepayment': 0, 'details': [{'day': '12.05.2025', 'base_price': 10900, 'price': 10900, 'discount': 0, 'deal_id': 0, 'deal_ids': [], 'deals': []}], 'capacity': 1, 'prepayment': 'FULL', 'nonrefundable': 1, 'cancellation_period': 0, 'cancellation_fee': 'FIRST', 'breakfast': 0, 'base_price': 10900, 'prices': [10900], 'price': 10900, 'old_price': 10900, 'currency': 'RUB', 'payment_amount': 10900, 'extras_variants': [], 'extras': [], 'rate_id': 3108, 'deals': [], 'cancellation_type': 'nonrefundable', 'credit_card': 1, 'bonus': 2180, 'miles': 872, 'min_stay': 1, 'mircashback': 1090}, {'id': 316323, 'force_prepayment': 0, 'details': [{'day': '12.05.2025', 'base_price': 10900, 'price': 10900, 'discount': 0, 'deal_id': 0, 'deal_ids': [], 'deals': []}], 'capacity': 2, 'prepayment': 'FULL', 'nonrefundable': 1, 'cancellation_period': 0, 'cancellation_fee': 'FIRST', 'breakfast': 0, 'base_price': 10900, 'prices': [10900], 'price': 10900, 'old_price': 10900, 'currency': 'RUB', 'payment_amount': 10900, 'extras_variants': [], 'extras': [], 'rate_id': 3108, 'deals': [], 'cancellation_type': 'nonrefundable', 'credit_card': 1, 'bonus': 2180, 'miles': 872, 'min_stay': 1, 'mircashback': 1090}, {'id': 316324, 'force_prepayment': 0, 'details': [{'day': '12.05.2025', 'base_price': 10900, 'price': 10900, 'discount': 0, 'deal_id': 0, 'deal_ids': [], 'deals': []}], 'capacity': 3, 'prepayment': 'FULL', 'nonrefundable': 1, 'cancellation_period': 0, 'cancellation_fee': 'FIRST', 'breakfast': 0, 'base_price': 10900, 'prices': [10900], 'price': 10900, 'old_price': 10900, 'currency': 'RUB', 'payment_amount': 10900, 'extras_variants': [], 'extras': [], 'rate_id': 3108, 'deals': [], 'cancellation_type': 'nonrefundable', 'credit_card': 1, 'bonus': 2180, 'miles': 872, 'min_stay': 1, 'mircashback': 1090}, {'id': 316325, 'force_prepayment': 0, 'details': [{'day': '12.05.2025', 'base_price': 10900, 'price': 10900, 'discount': 0, 'deal_id': 0, 'deal_ids': [], 'deals': []}], 'capacity': 4, 'prepayment': 'FULL', 'nonrefundable': 1, 'cancellation_period': 0, 'cancellation_fee': 'FIRST', 'breakfast': 0, 'base_price': 10900, 'prices': [10900], 'price': 10900, 'old_price': 10900, 'currency': 'RUB', 'payment_amount': 10900, 'extras_variants': [], 'extras': [], 'rate_id': 3108, 'deals': [], 'cancellation_type': 'nonrefundable', 'credit_card': 1, 'bonus': 2180, 'miles': 872, 'min_stay': 1, 'mircashback': 1090}]",10900.0,872,64543_101hotels,2025-05-12
2221441,,Гостевой этаж,2,0,0,0,Двухместный,2,2,[{'single': 2}],[],"[{'id': 316309, 'force_prepayment': 0, 'details': [{'day': '12.05.2025', 'base_price': 6200, 'price': 6200, 'discount': 0, 'deal_id': 0, 'deal_ids': [], 'deals': []}], 'capacity': 1, 'prepayment': 'FULL', 'nonrefundable': 1, 'cancellation_period': 0, 'cancellation_fee': 'FIRST', 'breakfast': 0, 'base_price': 6200, 'prices': [6200], 'price': 6200, 'old_price': 6200, 'currency': 'RUB', 'payment_amount': 6200, 'extras_variants': [], 'extras': [], 'rate_id': 3108, 'deals': [], 'cancellation_type': 'nonrefundable', 'credit_card': 1, 'bonus': 1240, 'miles': 496, 'min_stay': 1, 'mircashback': 620}, {'id': 316310, 'force_prepayment': 0, 'details': [{'day': '12.05.2025', 'base_price': 6200, 'price': 6200, 'discount': 0, 'deal_id': 0, 'deal_ids': [], 'deals': []}], 'capacity': 2, 'prepayment': 'FULL', 'nonrefundable': 1, 'cancellation_period': 0, 'cancellation_fee': 'FIRST', 'breakfast': 0, 'base_price': 6200, 'prices': [6200], 'price': 6200, 'old_price': 6200, 'currency': 'RUB', 'payment_amount': 6200, 'extras_variants': [], 'extras': [], 'rate_id': 3108, 'deals': [], 'cancellation_type': 'nonrefundable', 'credit_card': 1, 'bonus': 1240, 'miles': 496, 'min_stay': 1, 'mircashback': 620}]",6200.0,496,64543_101hotels,2025-05-12
2221442,,,11,2,0,0,Коттедж,15,1,[{'single': 2}],[],"[{'id': 316311, 'force_prepayment': 0, 'details': [{'day': '12.05.2025', 'base_price': 29520, 'price': 29520, 'discount': 0, 'deal_id': 0, 'deal_ids': [], 'deals': []}], 'capacity': 1, 'prepayment': 'FULL', 'nonrefundable': 1, 'cancellation_period': 0, 'cancellation_fee': 'FIRST', 'breakfast': 0, 'base_price': 29520, 'prices': [29520], 'price': 29520, 'old_price': 29520, 'currency': 'RUB', 'payment_amount': 29520, 'extras_variants': [], 'extras': [], 'rate_id': 3108, 'deals': [], 'cancellation_type': 'nonrefundable', 'credit_card': 1, 'bonus': 5904, 'miles': 2360, 'min_stay': 1, 'mircashback': 2952}, {'id': 316312, 'force_prepayment': 0, 'details': [{'day': '12.05.2025', 'base_price': 29520, 'price': 29520, 'discount': 0, 'deal_id': 0, 'deal_ids': [], 'deals': []}], 'capacity': 2, 'prepayment': 'FULL', 'nonrefundable': 1, 'cancellation_period': 0, 'cancellation_fee': 'FIRST', 'breakfast': 0, 'base_price': 29520, 'prices': [29520], 'price': 29520, 'old_price': 29520, 'currency': 'RUB', 'payment_amount': 29520, 'extras_variants': [], 'extras': [], 'rate_id': 3108, 'deals': [], 'cancellation_type': 'nonrefundable', 'credit_card': 1, 'bonus': 5904, 'miles': 2360, 'min_stay': 1, 'mircashback': 2952}, {'id': 316313, 'force_prepayment': 0, 'details': [{'day': '12.05.2025', 'base_price': 29520, 'price': 29520, 'discount': 0, 'deal_id': 0, 'deal_ids': [], 'deals': []}], 'capacity': 3, 'prepayment': 'FULL', 'nonrefundable': 1, 'cancellation_period': 0, 'cancellation_fee': 'FIRST', 'breakfast': 0, 'base_price': 29520, 'prices': [29520], 'price': 29520, 'old_price': 29520, 'currency': 'RUB', 'payment_amount': 29520, 'extras_variants': [], 'extras': [], 'rate_id': 3108, 'deals': [], 'cancellation_type': 'nonrefundable', 'credit_card': 1, 'bonus': 5904, 'miles': 2360, 'min_stay': 1, 'mircashback': 2952}, {'id': 316314, 'force_prepayment': 0, 'details': [{'day': '12.05.2025', 'base_price': 29520, 'price': 29520, 'discount': 0, 'deal_id': 0, 'deal_ids': [], 'deals': []}], 'capacity': 4, 'prepayment': 'FULL', 'nonrefundable': 1, 'cancellation_period': 0, 'cancellation_fee': 'FIRST', 'breakfast': 0, 'base_price': 29520, 'prices': [29520], 'price': 29520, 'old_price': 29520, 'currency': 'RUB', 'payment_amount': 29520, 'extras_variants': [], 'extras': [], 'rate_id': 3108, 'deals': [], 'cancellation_type': 'nonrefundable', 'credit_card': 1, 'bonus': 5904, 'miles': 2360, 'min_stay': 1, 'mircashback': 2952}, {'id': 316315, 'force_prepayment': 0, 'details': [{'day': '12.05.2025', 'base_price': 29520, 'price': 29520, 'discount': 0, 'deal_id': 0, 'deal_ids': [], 'deals': []}], 'capacity': 5, 'prepayment': 'FULL', 'nonrefundable': 1, 'cancellation_period': 0, 'cancellation_fee': 'FIRST', 'breakfast': 0, 'base_price': 29520, 'prices': [29520], 'price': 29520, 'old_price': 29520, 'currency': 'RUB', 'payment_amount': 29520, 'extras_variants': [], 'extras': [], 'rate_id': 3108, 'deals': [], 'cancellation_type': 'nonrefundable', 'credit_card': 1, 'bonus': 5904, 'miles': 2360, 'min_stay': 1, 'mircashback': 2952}, {'id': 316316, 'force_prepayment': 0, 'details': [{'day': '12.05.2025', 'base_price': 29520, 'price': 29520, 'discount': 0, 'deal_id': 0, 'deal_ids': [], 'deals': []}], 'capacity': 6, 'prepayment': 'FULL', 'nonrefundable': 1, 'cancellation_period': 0, 'cancellation_fee': 'FIRST', 'breakfast': 0, 'base_price': 29520, 'prices': [29520], 'price': 29520, 'old_price': 29520, 'currency': 'RUB', 'payment_amount': 29520, 'extras_variants': [], 'extras': [], 'rate_id': 3108, 'deals': [], 'cancellation_type': 'nonrefundable', 'credit_card': 1, 'bonus': 5904, 'miles': 2360, 'min_stay': 1, 'mircashback': 2952}, {'id': 316317, 'force_prepayment': 0, 'details': [{'day': '12.05.2025', 'base_price': 29520, 'price': 29520, 'discount': 0, 'deal_id': 0, 'deal_ids': [], 'deals': []}], 'capacity': 7, 'prepayment': 'FULL', 'nonrefundable': 1, 'cancellation_period': 0, 'cancellation_fee': 'FIRST', 'breakfast': 0, 'base_price': 29520, 'prices': [29520], 'price': 29520, 'old_price': 29520, 'currency': 'RUB', 'payment_amount': 29520, 'extras_variants': [], 'extras': [], 'rate_id': 3108, 'deals': [], 'cancellation_type': 'nonrefundable', 'credit_card': 1, 'bonus': 5904, 'miles': 2360, 'min_stay': 1, 'mircashback': 2952}, {'id': 316318, 'force_prepayment': 0, 'details': [{'day': '12.05.2025', 'base_price': 29520, 'price': 29520, 'discount': 0, 'deal_id': 0, 'deal_ids': [], 'deals': []}], 'capacity': 8, 'prepayment': 'FULL', 'nonrefundable': 1, 'cancellation_period': 0, 'cancellation_fee': 'FIRST', 'breakfast': 0, 'base_price': 29520, 'prices': [29520], 'price': 29520, 'old_price': 29520, 'currency': 'RUB', 'payment_amount': 29520, 'extras_variants': [], 'extras': [], 'rate_id': 3108, 'deals': [], 'cancellation_type': 'nonrefundable', 'credit_card': 1, 'bonus': 5904, 'miles': 2360, 'min_stay': 1, 'mircashback': 2952}, {'id': 316319, 'force_prepayment': 0, 'details': [{'day': '12.05.2025', 'base_price': 29520, 'price': 29520, 'discount': 0, 'deal_id': 0, 'deal_ids': [], 'deals': []}], 'capacity': 9, 'prepayment': 'FULL', 'nonrefundable': 1, 'cancellation_period': 0, 'cancellation_fee': 'FIRST', 'breakfast': 0, 'base_price': 29520, 'prices': [29520], 'price': 29520, 'old_price': 29520, 'currency': 'RUB', 'payment_amount': 29520, 'extras_variants': [], 'extras': [], 'rate_id': 3108, 'deals': [], 'cancellation_type': 'nonrefundable', 'credit_card': 1, 'bonus': 5904, 'miles': 2360, 'min_stay': 1, 'mircashback': 2952}, {'id': 316320, 'force_prepayment': 0, 'details': [{'day': '12.05.2025', 'base_price': 29520, 'price': 29520, 'discount': 0, 'deal_id': 0, 'deal_ids': [], 'deals': []}], 'capacity': 10, 'prepayment': 'FULL', 'nonrefundable': 1, 'cancellation_period': 0, 'cancellation_fee': 'FIRST', 'breakfast': 0, 'base_price': 29520, 'prices': [29520], 'price': 29520, 'old_price': 29520, 'currency': 'RUB', 'payment_amount': 29520, 'extras_variants': [], 'extras': [], 'rate_id': 3108, 'deals': [], 'cancellation_type': 'nonrefundable', 'credit_card': 1, 'bonus': 5904, 'miles': 2360, 'min_stay': 1, 'mircashback': 2952}, {'id': 316321, 'force_prepayment': 0, 'details': [{'day': '12.05.2025', 'base_price': 29520, 'price': 29520, 'discount': 0, 'deal_id': 0, 'deal_ids': [], 'deals': []}], 'capacity': 11, 'prepayment': 'FULL', 'nonrefundable': 1, 'cancellation_period': 0, 'cancellation_fee': 'FIRST', 'breakfast': 0, 'base_price': 29520, 'prices': [29520], 'price': 29520, 'old_price': 29520, 'currency': 'RUB', 'payment_amount': 29520, 'extras_variants': [], 'extras': [], 'rate_id': 3108, 'deals': [], 'cancellation_type': 'nonrefundable', 'credit_card': 1, 'bonus': 5904, 'miles': 2360, 'min_stay': 1, 'mircashback': 2952}]",29520.0,2360,64543_101hotels,2025-05-12
2289208,,Стандарт,1,0,1,1,Одноместный,1,2,[{'single': 1}],[],"[{'id': 948523, 'force_prepayment': 1, 'capacity': 1, 'prepayment': 'NO', 'nonrefundable': 0, 'cancellation_period': 0, 'cancellation_fee': 'NO', 'breakfast': 0, 'base_price': 2880, 'prices': [2880], 'price': 2880, 'old_price': 2880, 'currency': 'RUB', 'payment_amount': 0, 'extras_variants': [], 'extras': [], 'rate_id': 39402, 'deals': [], 'cancellation_type': 'free', 'credit_card': 0, 'bonus': 576, 'miles': 228, 'min_stay': 1, 'mircashback': 288}, {'id': '948523P', 'force_prepayment': 1, 'capacity': 1, 'prepayment': 'FULL', 'nonrefundable': 0, 'cancellation_period': 0, 'cancellation_fee': 'NO', 'breakfast': 0, 'base_price': 2880, 'prices': [2880], 'price': 2880, 'old_price': 2880, 'currency': 'RUB', 'payment_amount': 2880, 'extras_variants': [], 'extras': [], 'rate_id': 39402, 'deals': [], 'cancellation_type': 'free', 'credit_card': 0, 'bonus': 576, 'miles': 228, 'min_stay': 1, 'mircashback': 288}]",2880.0,228,651246_101hotels,2025-05-12
2289210,,Стандарт,2,1,0,1,Двухместный,2,2,[{'single': 2}],[],"[{'id': 948550, 'force_prepayment': 1, 'capacity': 1, 'prepayment': 'NO', 'nonrefundable': 0, 'cancellation_period': 0, 'cancellation_fee': 'NO', 'breakfast': 0, 'base_price': 2160, 'prices': [2160], 'price': 2160, 'old_price': 2160, 'currency': 'RUB', 'payment_amount': 0, 'extras_variants': [], 'extras': [], 'rate_id': 39402, 'deals': [], 'cancellation_type': 'free', 'credit_card': 0, 'bonus': 432, 'miles': 172, 'min_stay': 1, 'mircashback': 216}, {'id': 948551, 'force_prepayment': 1, 'capacity': 2, 'prepayment': 'NO', 'nonrefundable': 0, 'cancellation_period': 0, 'cancellation_fee': 'NO', 'breakfast': 0, 'base_price': 4320, 'prices': [4320], 'price': 4320, 'old_price': 4320, 'currency': 'RUB', 'payment_amount': 0, 'extras_variants': [], 'extras': [], 'rate_id': 39402, 'deals': [], 'cancellation_type': 'free', 'credit_card': 0, 'bonus': 864, 'miles': 344, 'min_stay': 1, 'mircashback': 432}, {'id': '948550P', 'force_prepayment': 1, 'capacity': 1, 'prepayment': 'FULL', 'nonrefundable': 0, 'cancellation_period': 0, 'cancellation_fee': 'NO', 'breakfast': 0, 'base_price': 2160, 'prices': [2160], 'price': 2160, 'old_price': 2160, 'currency': 'RUB', 'payment_amount': 2160, 'extras_variants': [], 'extras': [], 'rate_id': 39402, 'deals': [], 'cancellation_type': 'free', 'credit_card': 0, 'bonus': 432, 'miles': 172, 'min_stay': 1, 'mircashback': 216}, {'id': '948551P', 'force_prepayment': 1, 'capacity': 2, 'prepayment': 'FULL', 'nonrefundable': 0, 'cancellation_period': 0, 'cancellation_fee': 'NO', 'breakfast': 0, 'base_price': 4320, 'prices': [4320], 'price': 4320, 'old_price': 4320, 'currency': 'RUB', 'payment_amount': 4320, 'extras_variants': [], 'extras': [], 'rate_id': 39402, 'deals': [], 'cancellation_type': 'free', 'credit_card': 0, 'bonus': 864, 'miles': 344, 'min_stay': 1, 'mircashback': 432}]",2160.0,172,651246_101hotels,2025-05-12
2289211,,,3,1,0,1,Трехместный,37,3,[{'single': 3}],[],"[{'id': 948588, 'force_prepayment': 1, 'capacity': 1, 'prepayment': 'NO', 'nonrefundable': 0, 'cancellation_period': 0, 'cancellation_fee': 'NO', 'breakfast': 0, 'base_price': 1800, 'prices': [1800], 'price': 1800, 'old_price': 1800, 'currency': 'RUB', 'payment_amount': 0, 'extras_variants': [], 'extras': [], 'rate_id': 39402, 'deals': [], 'cancellation_type': 'free', 'credit_card': 0, 'bonus': 360, 'miles': 144, 'min_stay': 1, 'mircashback': 180}, {'id': 948589, 'force_prepayment': 1, 'capacity': 2, 'prepayment': 'NO', 'nonrefundable': 0, 'cancellation_period': 0, 'cancellation_fee': 'NO', 'breakfast': 0, 'base_price': 3600, 'prices': [3600], 'price': 3600, 'old_price': 3600, 'currency': 'RUB', 'payment_amount': 0, 'extras_variants': [], 'extras': [], 'rate_id': 39402, 'deals': [], 'cancellation_type': 'free', 'credit_card': 0, 'bonus': 720, 'miles': 288, 'min_stay': 1, 'mircashback': 360}, {'id': 948590, 'force_prepayment': 1, 'capacity': 3, 'prepayment': 'NO', 'nonrefundable': 0, 'cancellation_period': 0, 'cancellation_fee': 'NO', 'breakfast': 0, 'base_price': 5400, 'prices': [5400], 'price': 5400, 'old_price': 5400, 'currency': 'RUB', 'payment_amount': 0, 'extras_variants': [], 'extras': [], 'rate_id': 39402, 'deals': [], 'cancellation_type': 'free', 'credit_card': 0, 'bonus': 1080, 'miles': 432, 'min_stay': 1, 'mircashback': 540}, {'id': '948588P', 'force_prepayment': 1, 'capacity': 1, 'prepayment': 'FULL', 'nonrefundable': 0, 'cancellation_period': 0, 'cancellation_fee': 'NO', 'breakfast': 0, 'base_price': 1800, 'prices': [1800], 'price': 1800, 'old_price': 1800, 'currency': 'RUB', 'payment_amount': 1800, 'extras_variants': [], 'extras': [], 'rate_id': 39402, 'deals': [], 'cancellation_type': 'free', 'credit_card': 0, 'bonus': 360, 'miles': 144, 'min_stay': 1, 'mircashback': 180}, {'id': '948589P', 'force_prepayment': 1, 'capacity': 2, 'prepayment': 'FULL', 'nonrefundable': 0, 'cancellation_period': 0, 'cancellation_fee': 'NO', 'breakfast': 0, 'base_price': 3600, 'prices': [3600], 'price': 3600, 'old_price': 3600, 'currency': 'RUB', 'payment_amount': 3600, 'extras_variants': [], 'extras': [], 'rate_id': 39402, 'deals': [], 'cancellation_type': 'free', 'credit_card': 0, 'bonus': 720, 'miles': 288, 'min_stay': 1, 'mircashback': 360}, {'id': '948590P', 'force_prepayment': 1, 'capacity': 3, 'prepayment': 'FULL', 'nonrefundable': 0, 'cancellation_period': 0, 'cancellation_fee': 'NO', 'breakfast': 0, 'base_price': 5400, 'prices': [5400], 'price': 5400, 'old_price': 5400, 'currency': 'RUB', 'payment_amount': 5400, 'extras_variants': [], 'extras': [], 'rate_id': 39402, 'deals': [], 'cancellation_type': 'free', 'credit_card': 0, 'bonus': 1080, 'miles': 432, 'min_stay': 1, 'mircashback': 540}]",1800.0,144,651246_101hotels,2025-05-12
2289213,,Двухместный номер,2,0,0,1,Люкс,6,2,[{'double': 1}],[],"[{'id': 949622, 'force_prepayment': 1, 'capacity': 1, 'prepayment': 'NO', 'nonrefundable': 0, 'cancellation_period': 0, 'cancellation_fee': 'NO', 'breakfast': 0, 'base_price': 4800, 'prices': [4800], 'price': 4800, 'old_price': 4800, 'currency': 'RUB', 'payment_amount': 0, 'extras_variants': [], 'extras': [], 'rate_id': 39402, 'deals': [], 'cancellation_type': 'free', 'credit_card': 0, 'bonus': 960, 'miles': 384, 'min_stay': 1, 'mircashback': 480}, {'id': 949623, 'force_prepayment': 1, 'capacity': 2, 'prepayment': 'NO', 'nonrefundable': 0, 'cancellation_period': 0, 'cancellation_fee': 'NO', 'breakfast': 0, 'base_price': 4800, 'prices': [4800], 'price': 4800, 'old_price': 4800, 'currency': 'RUB', 'payment_amount': 0, 'extras_variants': [], 'extras': [], 'rate_id': 39402, 'deals': [], 'cancellation_type': 'free', 'credit_card': 0, 'bonus': 960, 'miles': 384, 'min_stay': 1, 'mircashback': 480}, {'id': '949622P', 'force_prepayment': 1, 'capacity': 1, 'prepayment': 'FULL', 'nonrefundable': 0, 'cancellation_period': 0, 'cancellation_fee': 'NO', 'breakfast': 0, 'base_price': 4800, 'prices': [4800], 'price': 4800, 'old_price': 4800, 'currency': 'RUB', 'payment_amount': 4800, 'extras_variants': [], 'extras': [], 'rate_id': 39402, 'deals': [], 'cancellation_type': 'free', 'credit_card': 0, 'bonus': 960, 'miles': 384, 'min_stay': 1, 'mircashback': 480}, {'id': '949623P', 'force_prepayment': 1, 'capacity': 2, 'prepayment': 'FULL', 'nonrefundable': 0, 'cancellation_period': 0, 'cancellation_fee': 'NO', 'breakfast': 0, 'base_price': 4800, 'prices': [4800], 'price': 4800, 'old_price': 4800, 'currency': 'RUB', 'payment_amount': 4800, 'extras_variants': [], 'extras': [], 'rate_id': 39402, 'deals': [], 'cancellation_type': 'free', 'credit_card': 0, 'bonus': 960, 'miles': 384, 'min_stay': 1, 'mircashback': 480}]",4800.0,384,651246_101hotels,2025-05-12
2289830,,Одноместный,1,0,0,1,Люкс,6,2,[{'single': 1}],[],"[{'id': 981789, 'force_prepayment': 1, 'capacity': 1, 'prepayment': 'NO', 'nonrefundable': 0, 'cancellation_period': 0, 'cancellation_fee': 'NO', 'breakfast': 0, 'base_price': 3360, 'prices': [3360], 'price': 3360, 'old_price': 3360, 'currency': 'RUB', 'payment_amount': 0, 'extras_variants': [], 'extras': [], 'rate_id': 39402, 'deals': [], 'cancellation_type': 'free', 'credit_card': 0, 'bonus': 672, 'miles': 268, 'min_stay': 1, 'mircashback': 336}, {'id': '981789P', 'force_prepayment': 1, 'capacity': 1, 'prepayment': 'FULL', 'nonrefundable': 0, 'cancellation_period': 0, 'cancellation_fee': 'NO', 'breakfast': 0, 'base_price': 3360, 'prices': [3360], 'price': 3360, 'old_price': 3360, 'currency': 'RUB', 'payment_amount': 3360, 'extras_variants': [], 'extras': [], 'rate_id': 39402, 'deals': [], 'cancellation_type': 'free', 'credit_card': 0, 'bonus': 672, 'miles': 268, 'min_stay': 1, 'mircashback': 336}]",3360.0,268,651246_101hotels,2025-05-12
1867753,,Двухместный номер с 1 кроватью и ванной,2,0,0,1,De Luxe,29,1,[{'double': 1}],[],"[{'id': 760679, 'force_prepayment': 0, 'capacity': 1, 'prepayment': 'FIRST', 'nonrefundable': 0, 'cancellation_period': 7, 'cancellation_fee': 'FIRST', 'breakfast': 0, 'base_price': 3600, 'prices': [3600], 'price': 3600, 'old_price': 3600, 'currency': 'RUB', 'payment_amount': 3600, 'extras_variants': [], 'extras': [], 'rate_id': 33389, 'deals': [], 'cancellation_type': 'special', 'credit_card': 1, 'bonus': 720, 'miles': 288, 'min_stay': 1, 'mircashback': 360}, {'id': 760680, 'force_prepayment': 0, 'capacity': 2, 'prepayment': 'FIRST', 'nonrefundable': 0, 'cancellation_period': 7, 'cancellation_fee': 'FIRST', 'breakfast': 0, 'base_price': 3700, 'prices': [3700], 'price': 3700, 'old_price': 3700, 'currency': 'RUB', 'payment_amount': 3700, 'extras_variants': [], 'extras': [], 'rate_id': 33389, 'deals': [], 'cancellation_type': 'special', 'credit_card': 1, 'bonus': 740, 'miles': 296, 'min_stay': 1, 'mircashback': 370}]",3600.0,288,559442_101hotels,2025-05-12
1867754,,с ванной комнатой,4,0,0,1,Четырехместный,34,1,"[{'double': 1, 'sofa': 1}]",[],"[{'id': 760685, 'force_prepayment': 0, 'capacity': 1, 'prepayment': 'FIRST', 'nonrefundable': 0, 'cancellation_period': 7, 'cancellation_fee': 'FIRST', 'breakfast': 0, 'base_price': 4600, 'prices': [4600], 'price': 4600, 'old_price': 4600, 'currency': 'RUB', 'payment_amount': 4600, 'extras_variants': [], 'extras': [], 'rate_id': 33389, 'deals': [], 'cancellation_type': 'special', 'credit_card': 1, 'bonus': 920, 'miles': 368, 'min_stay': 1, 'mircashback': 460}, {'id': 760686, 'force_prepayment': 0, 'capacity': 2, 'prepayment': 'FIRST', 'nonrefundable': 0, 'cancellation_period': 7, 'cancellation_fee': 'FIRST', 'breakfast': 0, 'base_price': 4700, 'prices': [4700], 'price': 4700, 'old_price': 4700, 'currency': 'RUB', 'payment_amount': 4700, 'extras_variants': [], 'extras': [], 'rate_id': 33389, 'deals': [], 'cancellation_type': 'special', 'credit_card': 1, 'bonus': 940, 'miles': 376, 'min_stay': 1, 'mircashback': 470}, {'id': 760687, 'force_prepayment': 0, 'capacity': 3, 'prepayment': 'FIRST', 'nonrefundable': 0, 'cancellation_period': 7, 'cancellation_fee': 'FIRST', 'breakfast': 0, 'base_price': 4700, 'prices': [4700], 'price': 4700, 'old_price': 4700, 'currency': 'RUB', 'payment_amount': 4700, 'extras_variants': [], 'extras': [], 'rate_id': 33389, 'deals': [], 'cancellation_type': 'special', 'credit_card': 1, 'bonus': 940, 'miles': 376, 'min_stay': 1, 'mircashback': 470}, {'id': 760688, 'force_prepayment': 0, 'capacity': 4, 'prepayment': 'FIRST', 'nonrefundable': 0, 'cancellation_period': 7, 'cancellation_fee': 'FIRST', 'breakfast': 0, 'base_price': 4700, 'prices': [4700], 'price': 4700, 'old_price': 4700, 'currency': 'RUB', 'payment_amount': 4700, 'extras_variants': [], 'extras': [], 'rate_id': 33389, 'deals': [], 'cancellation_type': 'special', 'credit_card': 1, 'bonus': 940, 'miles': 376, 'min_stay': 1, 'mircashback': 470}]",4600.0,368,559442_101hotels,2025-05-12
1867760,,с 2 отдельными кроватями,2,0,0,1,Двухместный,2,1,[{'single': 2}],[],"[{'id': 760681, 'force_prepayment': 0, 'capacity': 1, 'prepayment': 'FIRST', 'nonrefundable': 0, 'cancellation_period': 7, 'cancellation_fee': 'FIRST', 'breakfast': 0, 'base_price': 3700, 'prices': [3700], 'price': 3700, 'old_price': 3700, 'currency': 'RUB', 'payment_amount': 3700, 'extras_variants': [], 'extras': [], 'rate_id': 33389, 'deals': [], 'cancellation_type': 'special', 'credit_card': 1, 'bonus': 740, 'miles': 296, 'min_stay': 1, 'mircashback': 370}, {'id': 760682, 'force_prepayment': 0, 'capacity': 2, 'prepayment': 'FIRST', 'nonrefundable': 0, 'cancellation_period': 7, 'cancellation_fee': 'FIRST', 'breakfast': 0, 'base_price': 3700, 'prices': [3700], 'price': 3700, 'old_price': 3700, 'currency': 'RUB', 'payment_amount': 3700, 'extras_variants': [], 'extras': [], 'rate_id': 33389, 'deals': [], 'cancellation_type': 'special', 'credit_card': 1, 'bonus': 740, 'miles': 296, 'min_stay': 1, 'mircashback': 370}]",3700.0,296,559442_101hotels,2025-05-12
1867761,,с ванной комнатой,3,0,0,1,Трехместный,37,3,[{'single': 3}],[],"[{'id': 760689, 'force_prepayment': 0, 'capacity': 1, 'prepayment': 'FIRST', 'nonrefundable': 0, 'cancellation_period': 7, 'cancellation_fee': 'FIRST', 'breakfast': 0, 'base_price': 4800, 'prices': [4800], 'price': 4800, 'old_price': 4800, 'currency': 'RUB', 'payment_amount': 4800, 'extras_variants': [], 'extras': [], 'rate_id': 33389, 'deals': [], 'cancellation_type': 'special', 'credit_card': 1, 'bonus': 960, 'miles': 384, 'min_stay': 1, 'mircashback': 480}, {'id': 760690, 'force_prepayment': 0, 'capacity': 2, 'prepayment': 'FIRST', 'nonrefundable': 0, 'cancellation_period': 7, 'cancellation_fee': 'FIRST', 'breakfast': 0, 'base_price': 4800, 'prices': [4800], 'price': 4800, 'old_price': 4800, 'currency': 'RUB', 'payment_amount': 4800, 'extras_variants': [], 'extras': [], 'rate_id': 33389, 'deals': [], 'cancellation_type': 'special', 'credit_card': 1, 'bonus': 960, 'miles': 384, 'min_stay': 1, 'mircashback': 480}, {'id': 760691, 'force_prepayment': 0, 'capacity': 3, 'prepayment': 'FIRST', 'nonrefundable': 0, 'cancellation_period': 7, 'cancellation_fee': 'FIRST', 'breakfast': 0, 'base_price': 4800, 'prices': [4800], 'price': 4800, 'old_price': 4800, 'currency': 'RUB', 'payment_amount': 4800, 'extras_variants': [], 'extras': [], 'rate_id': 33389, 'deals': [], 'cancellation_type': 'special', 'credit_card': 1, 'bonus': 960, 'miles': 384, 'min_stay': 1, 'mircashback': 480}]",4800.0,384,559442_101hotels,2025-05-12
1867762,,Бюджетный номер с 1 кроватью,2,1,0,0,Двухместный,2,5,"[{'single': 1, 'f-chair': 1}]",[],"[{'id': 760683, 'force_prepayment': 0, 'capacity': 1, 'prepayment': 'FIRST', 'nonrefundable': 0, 'cancellation_period': 7, 'cancellation_fee': 'FIRST', 'breakfast': 0, 'base_price': 1900, 'prices': [1900], 'price': 1900, 'old_price': 1900, 'currency': 'RUB', 'payment_amount': 1900, 'extras_variants': [], 'extras': [], 'rate_id': 33389, 'deals': [], 'cancellation_type': 'special', 'credit_card': 1, 'bonus': 380, 'miles': 152, 'min_stay': 1, 'mircashback': 190}, {'id': 760684, 'force_prepayment': 0, 'capacity': 2, 'prepayment': 'FIRST', 'nonrefundable': 0, 'cancellation_period': 7, 'cancellation_fee': 'FIRST', 'breakfast': 0, 'base_price': 2700, 'prices': [2700], 'price': 2700, 'old_price': 2700, 'currency': 'RUB', 'payment_amount': 2700, 'extras_variants': [], 'extras': [], 'rate_id': 33389, 'deals': [], 'cancellation_type': 'special', 'credit_card': 1, 'bonus': 540, 'miles': 216, 'min_stay': 1, 'mircashback': 270}]",1900.0,152,559442_101hotels,2025-05-12
1867732,,Стандартный номер с двумя раздельными кроватями,2,0,0,0,Двухместный,2,1,[{'single': 2}],[],"[{'id': 543596, 'force_prepayment': 0, 'capacity': 1, 'prepayment': 'FIRST', 'nonrefundable': 0, 'cancellation_period': 30, 'cancellation_fee': 'FIRST', 'breakfast': 0, 'base_price': 3000, 'prices': [3000], 'price': 3000, 'old_price': 3000, 'currency': 'RUB', 'payment_amount': 3000, 'extras_variants': [], 'extras': [], 'rate_id': 17135, 'deals': [], 'cancellation_type': 'special', 'credit_card': 1, 'bonus': 600, 'miles': 240, 'min_stay': 1, 'mircashback': 300}, {'id': 543597, 'force_prepayment': 0, 'capacity': 2, 'prepayment': 'FIRST', 'nonrefundable': 0, 'cancellation_period': 30, 'cancellation_fee': 'FIRST', 'breakfast': 0, 'base_price': 4000, 'prices': [4000], 'price': 4000, 'old_price': 4000, 'currency': 'RUB', 'payment_amount': 4000, 'extras_variants': [], 'extras': [], 'rate_id': 17135, 'deals': [], 'cancellation_type': 'special', 'credit_card': 1, 'bonus': 800, 'miles': 320, 'min_stay': 1, 'mircashback': 400}]",3000.0,240,559429_101hotels,2025-05-12
1867734,,Классический номер с двуспальной кроватью,2,0,0,0,Двухместный,2,1,[{'double': 1}],[],"[{'id': 543598, 'force_prepayment': 0, 'capacity': 1, 'prepayment': 'FIRST', 'nonrefundable': 0, 'cancellation_period': 30, 'cancellation_fee': 'FIRST', 'breakfast': 0, 'base_price': 3000, 'prices': [3000], 'price': 3000, 'old_price': 3000, 'currency': 'RUB', 'payment_amount': 3000, 'extras_variants': [], 'extras': [], 'rate_id': 17135, 'deals': [], 'cancellation_type': 'special', 'credit_card': 1, 'bonus': 600, 'miles': 240, 'min_stay': 1, 'mircashback': 300}, {'id': 543599, 'force_prepayment': 0, 'capacity': 2, 'prepayment': 'FIRST', 'nonrefundable': 0, 'cancellation_period': 30, 'cancellation_fee': 'FIRST', 'breakfast': 0, 'base_price': 4000, 'prices': [4000], 'price': 4000, 'old_price': 4000, 'currency': 'RUB', 'payment_amount': 4000, 'extras_variants': [], 'extras': [], 'rate_id': 17135, 'deals': [], 'cancellation_type': 'special', 'credit_card': 1, 'bonus': 800, 'miles': 320, 'min_stay': 1, 'mircashback': 400}]",3000.0,240,559429_101hotels,2025-05-12
1867737,,Номер улучшенный,3,0,0,1,Трехместный,37,3,[{'single': 3}],[],"[{'id': 543602, 'force_prepayment': 0, 'capacity': 1, 'prepayment': 'FIRST', 'nonrefundable': 0, 'cancellation_period': 30, 'cancellation_fee': 'FIRST', 'breakfast': 0, 'base_price': 4000, 'prices': [4000], 'price': 4000, 'old_price': 4000, 'currency': 'RUB', 'payment_amount': 4000, 'extras_variants': [], 'extras': [], 'rate_id': 17135, 'deals': [], 'cancellation_type': 'special', 'credit_card': 1, 'bonus': 800, 'miles': 320, 'min_stay': 1, 'mircashback': 400}, {'id': 543603, 'force_prepayment': 0, 'capacity': 2, 'prepayment': 'FIRST', 'nonrefundable': 0, 'cancellation_period': 30, 'cancellation_fee': 'FIRST', 'breakfast': 0, 'base_price': 4000, 'prices': [4000], 'price': 4000, 'old_price': 4000, 'currency': 'RUB', 'payment_amount': 4000, 'extras_variants': [], 'extras': [], 'rate_id': 17135, 'deals': [], 'cancellation_type': 'special', 'credit_card': 1, 'bonus': 800, 'miles': 320, 'min_stay': 1, 'mircashback': 400}, {'id': 543604, 'force_prepayment': 0, 'capacity': 3, 'prepayment': 'FIRST', 'nonrefundable': 0, 'cancellation_period': 30, 'cancellation_fee': 'FIRST', 'breakfast': 0, 'base_price': 5500, 'prices': [5500], 'price': 5500, 'old_price': 5500, 'currency': 'RUB', 'payment_amount': 5500, 'extras_variants': [], 'extras': [], 'rate_id': 17135, 'deals': [], 'cancellation_type': 'special', 'credit_card': 1, 'bonus': 1100, 'miles': 440, 'min_stay': 1, 'mircashback': 550}]",4000.0,320,559429_101hotels,2025-05-12
1867738,,с двуспальной кроватью,2,0,0,1,De Luxe,29,1,[{'double': 1}],[],"[{'id': 543600, 'force_prepayment': 0, 'capacity': 1, 'prepayment': 'FIRST', 'nonrefundable': 0, 'cancellation_period': 30, 'cancellation_fee': 'FIRST', 'breakfast': 0, 'base_price': 2990, 'prices': [2990], 'price': 2990, 'old_price': 2990, 'currency': 'RUB', 'payment_amount': 2990, 'extras_variants': [], 'extras': [], 'rate_id': 17135, 'deals': [], 'cancellation_type': 'special', 'credit_card': 1, 'bonus': 598, 'miles': 236, 'min_stay': 1, 'mircashback': 299}, {'id': 543601, 'force_prepayment': 0, 'capacity': 2, 'prepayment': 'FIRST', 'nonrefundable': 0, 'cancellation_period': 30, 'cancellation_fee': 'FIRST', 'breakfast': 0, 'base_price': 3990, 'prices': [3990], 'price': 3990, 'old_price': 3990, 'currency': 'RUB', 'payment_amount': 3990, 'extras_variants': [], 'extras': [], 'rate_id': 17135, 'deals': [], 'cancellation_type': 'special', 'credit_card': 1, 'bonus': 798, 'miles': 316, 'min_stay': 1, 'mircashback': 399}]",2990.0,236,559429_101hotels,2025-05-12
2257053,,"Студия с видом на Байкал ( спальня, кухня, с/у)",2,1,0,1,Студио,5,1,"[{'double': 1, 'sofa': 1}]",[],"[{'id': 662483, 'force_prepayment': 0, 'capacity': 1, 'prepayment': 'FIRST', 'nonrefundable': 0, 'cancellation_period': 30, 'cancellation_fee': 'FIRST', 'breakfast': 0, 'base_price': 5500, 'prices': [5500], 'price': 5500, 'old_price': 5500, 'currency': 'RUB', 'payment_amount': 5500, 'extras_variants': [], 'extras': [], 'rate_id': 17135, 'deals': [], 'cancellation_type': 'special', 'credit_card': 1, 'bonus': 1100, 'miles': 440, 'min_stay': 1, 'mircashback': 550}, {'id': 662484, 'force_prepayment': 0, 'capacity': 2, 'prepayment': 'FIRST', 'nonrefundable': 0, 'cancellation_period': 30, 'cancellation_fee': 'FIRST', 'breakfast': 0, 'base_price': 6000, 'prices': [6000], 'price': 6000, 'old_price': 6000, 'currency': 'RUB', 'payment_amount': 6000, 'extras_variants': [], 'extras': [], 'rate_id': 17135, 'deals': [], 'cancellation_type': 'special', 'credit_card': 1, 'bonus': 1200, 'miles': 480, 'min_stay': 1, 'mircashback': 600}]",5500.0,440,559429_101hotels,2025-05-12
2251004,,Номер с двуспальной кроватью,2,1,0,1,Двухместный,2,1,"[{'double': 1, 'sofa': 1}]","[{'number': '1', 'min_age': '3', 'max_age': '7', 'is_extra_bed': '0', 'extra_bed_type_id': '0'}]","[{'id': 597508, 'force_prepayment': 0, 'capacity': 1, 'prepayment': 'FIRST', 'nonrefundable': 0, 'cancellation_period': 14, 'cancellation_fee': 'FIRST', 'breakfast': 0, 'base_price': 3200, 'prices': [3200], 'price': 3200, 'old_price': 3200, 'currency': 'RUB', 'payment_amount': 3200, 'extras_variants': [], 'extras': [], 'rate_id': 21005, 'deals': [], 'cancellation_type': 'special', 'credit_card': 1, 'bonus': 640, 'miles': 256, 'min_stay': 1, 'mircashback': 320}, {'id': 597509, 'force_prepayment': 0, 'capacity': 2, 'prepayment': 'FIRST', 'nonrefundable': 0, 'cancellation_period': 14, 'cancellation_fee': 'FIRST', 'breakfast': 0, 'base_price': 4000, 'prices': [4000], 'price': 4000, 'old_price': 4000, 'currency': 'RUB', 'payment_amount': 4000, 'extras_variants': [], 'extras': [], 'rate_id': 21005, 'deals': [], 'cancellation_type': 'special', 'credit_card': 1, 'bonus': 800, 'miles': 320, 'min_stay': 1, 'mircashback': 400}]",3200.0,256,658141_101hotels,2025-05-12
2251005,,Номер с двумя односпальными кроватями,2,1,1,0,Двухместный,2,1,"[{'single': 2, 'f-chair': 1}]",[],"[{'id': 597510, 'force_prepayment': 0, 'capacity': 1, 'prepayment': 'FIRST', 'nonrefundable': 0, 'cancellation_period': 14, 'cancellation_fee': 'FIRST', 'breakfast': 0, 'base_price': 2300, 'prices': [2300], 'price': 2300, 'old_price': 2300, 'currency': 'RUB', 'payment_amount': 2300, 'extras_variants': [], 'extras': [], 'rate_id': 21005, 'deals': [], 'cancellation_type': 'special', 'credit_card': 1, 'bonus': 460, 'miles': 184, 'min_stay': 1, 'mircashback': 230}, {'id': 597511, 'force_prepayment': 0, 'capacity': 2, 'prepayment': 'FIRST', 'nonrefundable': 0, 'cancellation_period': 14, 'cancellation_fee': 'FIRST', 'breakfast': 0, 'base_price': 2900, 'prices': [2900], 'price': 2900, 'old_price': 2900, 'currency': 'RUB', 'payment_amount': 2900, 'extras_variants': [], 'extras': [], 'rate_id': 21005, 'deals': [], 'cancellation_type': 'special', 'credit_card': 1, 'bonus': 580, 'miles': 232, 'min_stay': 1, 'mircashback': 290}]",2300.0,184,658141_101hotels,2025-05-12
2251006,,,3,0,0,1,Трехместный,37,1,"[{'single': 1, 'double': 1}]",[],"[{'id': 597512, 'force_prepayment': 0, 'capacity': 1, 'prepayment': 'FIRST', 'nonrefundable': 0, 'cancellation_period': 14, 'cancellation_fee': 'FIRST', 'breakfast': 0, 'base_price': 3600, 'prices': [3600], 'price': 3600, 'old_price': 3600, 'currency': 'RUB', 'payment_amount': 3600, 'extras_variants': [], 'extras': [], 'rate_id': 21005, 'deals': [], 'cancellation_type': 'special', 'credit_card': 1, 'bonus': 720, 'miles': 288, 'min_stay': 1, 'mircashback': 360}, {'id': 597513, 'force_prepayment': 0, 'capacity': 2, 'prepayment': 'FIRST', 'nonrefundable': 0, 'cancellation_period': 14, 'cancellation_fee': 'FIRST', 'breakfast': 0, 'base_price': 4200, 'prices': [4200], 'price': 4200, 'old_price': 4200, 'currency': 'RUB', 'payment_amount': 4200, 'extras_variants': [], 'extras': [], 'rate_id': 21005, 'deals': [], 'cancellation_type': 'special', 'credit_card': 1, 'bonus': 840, 'miles': 336, 'min_stay': 1, 'mircashback': 420}, {'id': 597514, 'force_prepayment': 0, 'capacity': 3, 'prepayment': 'FIRST', 'nonrefundable': 0, 'cancellation_period': 14, 'cancellation_fee': 'FIRST', 'breakfast': 0, 'base_price': 4800, 'prices': [4800], 'price': 4800, 'old_price': 4800, 'currency': 'RUB', 'payment_amount': 4800, 'extras_variants': [], 'extras': [], 'rate_id': 21005, 'deals': [], 'cancellation_type': 'special', 'credit_card': 1, 'bonus': 960, 'miles': 384, 'min_stay': 1, 'mircashback': 480}]",3600.0,288,658141_101hotels,2025-05-12
37236,,Стандарт,1,0,0,1,Одноместный,1,2,[{'single': 1}],[],"[{'id': 834997, 'force_prepayment': 0, 'capacity': 1, 'prepayment': 'FULL', 'nonrefundable': 0, 'cancellation_period': 7, 'cancellation_fee': 'FULL', 'breakfast': 0, 'base_price': 3650, 'prices': [3650], 'price': 3650, 'old_price': 3650, 'currency': 'RUB', 'payment_amount': 3650, 'extras_variants': [], 'extras': [], 'rate_id': 37751, 'deals': [], 'cancellation_type': 'special', 'credit_card': 1, 'bonus': 730, 'miles': 292, 'min_stay': 1, 'mircashback': 365}, {'id': 834992, 'force_prepayment': 0, 'capacity': 1, 'prepayment': 'FULL', 'nonrefundable': 1, 'cancellation_period': 0, 'cancellation_fee': 'FULL', 'breakfast': 1, 'base_price': 4300, 'prices': [4300], 'price': 4300, 'old_price': 4300, 'currency': 'RUB', 'payment_amount': 4300, 'extras_variants': [], 'extras': [], 'rate_id': 37750, 'deals': [], 'cancellation_type': 'nonrefundable', 'credit_card': 1, 'bonus': 860, 'miles': 344, 'min_stay': 1, 'mircashback': 430}]",3650.0,292,7628_101hotels,2025-05-12
37237,,Стандарт,2,1,0,1,Двухместный,2,5,"[{'single': 2, 'double': 1}]",[],"[{'id': 834998, 'force_prepayment': 0, 'capacity': 1, 'prepayment': 'FULL', 'nonrefundable': 0, 'cancellation_period': 7, 'cancellation_fee': 'FULL', 'breakfast': 0, 'base_price': 4850, 'prices': [4850], 'price': 4850, 'old_price': 4850, 'currency': 'RUB', 'payment_amount': 4850, 'extras_variants': [], 'extras': [], 'rate_id': 37751, 'deals': [], 'cancellation_type': 'special', 'credit_card': 1, 'bonus': 970, 'miles': 388, 'min_stay': 1, 'mircashback': 485}, {'id': 834993, 'force_prepayment': 0, 'capacity': 1, 'prepayment': 'FULL', 'nonrefundable': 1, 'cancellation_period': 0, 'cancellation_fee': 'FULL', 'breakfast': 1, 'base_price': 5500, 'prices': [5500], 'price': 5500, 'old_price': 5500, 'currency': 'RUB', 'payment_amount': 5500, 'extras_variants': [], 'extras': [], 'rate_id': 37750, 'deals': [], 'cancellation_type': 'nonrefundable', 'credit_card': 1, 'bonus': 1100, 'miles': 440, 'min_stay': 1, 'mircashback': 550}, {'id': 834999, 'force_prepayment': 0, 'capacity': 2, 'prepayment': 'FULL', 'nonrefundable': 0, 'cancellation_period': 7, 'cancellation_fee': 'FULL', 'breakfast': 0, 'base_price': 5250, 'prices': [5250], 'price': 5250, 'old_price': 5250, 'currency': 'RUB', 'payment_amount': 5250, 'extras_variants': [], 'extras': [], 'rate_id': 37751, 'deals': [], 'cancellation_type': 'special', 'credit_card': 1, 'bonus': 1050, 'miles': 420, 'min_stay': 1, 'mircashback': 525}, {'id': 834994, 'force_prepayment': 0, 'capacity': 2, 'prepayment': 'FULL', 'nonrefundable': 1, 'cancellation_period': 0, 'cancellation_fee': 'FULL', 'breakfast': 1, 'base_price': 6550, 'prices': [6550], 'price': 6550, 'old_price': 6550, 'currency': 'RUB', 'payment_amount': 6550, 'extras_variants': [], 'extras': [], 'rate_id': 37750, 'deals': [], 'cancellation_type': 'nonrefundable', 'credit_card': 1, 'bonus': 1310, 'miles': 524, 'min_stay': 1, 'mircashback': 655}]",4850.0,388,7628_101hotels,2025-05-12
37238,,"Улучшенный, Двухкомнатный",2,1,0,1,Люкс,6,1,"[{'double': 1, 'sofa': 1}]",[],"[{'id': 835000, 'force_prepayment': 0, 'capacity': 1, 'prepayment': 'FULL', 'nonrefundable': 0, 'cancellation_period': 7, 'cancellation_fee': 'FULL', 'breakfast': 0, 'base_price': 8500, 'prices': [8500], 'price': 8500, 'old_price': 8500, 'currency': 'RUB', 'payment_amount': 8500, 'extras_variants': [], 'extras': [], 'rate_id': 37751, 'deals': [], 'cancellation_type': 'special', 'credit_card': 1, 'bonus': 1700, 'miles': 680, 'min_stay': 1, 'mircashback': 850}, {'id': 834995, 'force_prepayment': 0, 'capacity': 1, 'prepayment': 'FULL', 'nonrefundable': 1, 'cancellation_period': 0, 'cancellation_fee': 'FULL', 'breakfast': 1, 'base_price': 9150, 'prices': [9150], 'price': 9150, 'old_price': 9150, 'currency': 'RUB', 'payment_amount': 9150, 'extras_variants': [], 'extras': [], 'rate_id': 37750, 'deals': [], 'cancellation_type': 'nonrefundable', 'credit_card': 1, 'bonus': 1830, 'miles': 732, 'min_stay': 1, 'mircashback': 915}, {'id': 835001, 'force_prepayment': 0, 'capacity': 2, 'prepayment': 'FULL', 'nonrefundable': 0, 'cancellation_period': 7, 'cancellation_fee': 'FULL', 'breakfast': 0, 'base_price': 8900, 'prices': [8900], 'price': 8900, 'old_price': 8900, 'currency': 'RUB', 'payment_amount': 8900, 'extras_variants': [], 'extras': [], 'rate_id': 37751, 'deals': [], 'cancellation_type': 'special', 'credit_card': 1, 'bonus': 1780, 'miles': 712, 'min_stay': 1, 'mircashback': 890}, {'id': 834996, 'force_prepayment': 0, 'capacity': 2, 'prepayment': 'FULL', 'nonrefundable': 1, 'cancellation_period': 0, 'cancellation_fee': 'FULL', 'breakfast': 1, 'base_price': 10200, 'prices': [10200], 'price': 10200, 'old_price': 10200, 'currency': 'RUB', 'payment_amount': 10200, 'extras_variants': [], 'extras': [], 'rate_id': 37750, 'deals': [], 'cancellation_type': 'nonrefundable', 'credit_card': 1, 'bonus': 2040, 'miles': 816, 'min_stay': 1, 'mircashback': 1020}]",8500.0,680,7628_101hotels,2025-05-12
30939,,Улучшенный,1,0,0,1,Одноместный,1,1,[{'single': 1}],[],"[{'id': 834985, 'force_prepayment': 0, 'capacity': 1, 'prepayment': 'FULL', 'nonrefundable': 0, 'cancellation_period': 7, 'cancellation_fee': 'FULL', 'breakfast': 0, 'base_price': 3550, 'prices': [3550], 'price': 3550, 'old_price': 3550, 'currency': 'RUB', 'payment_amount': 3550, 'extras_variants': [], 'extras': [], 'rate_id': 37749, 'deals': [], 'cancellation_type': 'special', 'credit_card': 1, 'bonus': 710, 'miles': 284, 'min_stay': 1, 'mircashback': 355}, {'id': 834978, 'force_prepayment': 0, 'capacity': 1, 'prepayment': 'FULL', 'nonrefundable': 1, 'cancellation_period': 0, 'cancellation_fee': 'FULL', 'breakfast': 1, 'base_price': 4200, 'prices': [4200], 'price': 4200, 'old_price': 4200, 'currency': 'RUB', 'payment_amount': 4200, 'extras_variants': [], 'extras': [], 'rate_id': 37748, 'deals': [], 'cancellation_type': 'nonrefundable', 'credit_card': 1, 'bonus': 840, 'miles': 336, 'min_stay': 1, 'mircashback': 420}]",3550.0,284,6479_101hotels,2025-05-12
30941,,,2,0,0,1,Полулюкс,4,2,"[{'double': 1, 'sofa': 1}]",[],"[{'id': 834986, 'force_prepayment': 0, 'capacity': 1, 'prepayment': 'FULL', 'nonrefundable': 0, 'cancellation_period': 7, 'cancellation_fee': 'FULL', 'breakfast': 0, 'base_price': 5450, 'prices': [5450], 'price': 5450, 'old_price': 5450, 'currency': 'RUB', 'payment_amount': 5450, 'extras_variants': [], 'extras': [], 'rate_id': 37749, 'deals': [], 'cancellation_type': 'special', 'credit_card': 1, 'bonus': 1090, 'miles': 436, 'min_stay': 1, 'mircashback': 545}, {'id': 834979, 'force_prepayment': 0, 'capacity': 1, 'prepayment': 'FULL', 'nonrefundable': 1, 'cancellation_period': 0, 'cancellation_fee': 'FULL', 'breakfast': 1, 'base_price': 6100, 'prices': [6100], 'price': 6100, 'old_price': 6100, 'currency': 'RUB', 'payment_amount': 6100, 'extras_variants': [], 'extras': [], 'rate_id': 37748, 'deals': [], 'cancellation_type': 'nonrefundable', 'credit_card': 1, 'bonus': 1220, 'miles': 488, 'min_stay': 1, 'mircashback': 610}, {'id': 834987, 'force_prepayment': 0, 'capacity': 2, 'prepayment': 'FULL', 'nonrefundable': 0, 'cancellation_period': 7, 'cancellation_fee': 'FULL', 'breakfast': 0, 'base_price': 6000, 'prices': [6000], 'price': 6000, 'old_price': 6000, 'currency': 'RUB', 'payment_amount': 6000, 'extras_variants': [], 'extras': [], 'rate_id': 37749, 'deals': [], 'cancellation_type': 'special', 'credit_card': 1, 'bonus': 1200, 'miles': 480, 'min_stay': 1, 'mircashback': 600}, {'id': 834980, 'force_prepayment': 0, 'capacity': 2, 'prepayment': 'FULL', 'nonrefundable': 1, 'cancellation_period': 0, 'cancellation_fee': 'FULL', 'breakfast': 1, 'base_price': 7300, 'prices': [7300], 'price': 7300, 'old_price': 7300, 'currency': 'RUB', 'payment_amount': 7300, 'extras_variants': [], 'extras': [], 'rate_id': 37748, 'deals': [], 'cancellation_type': 'nonrefundable', 'credit_card': 1, 'bonus': 1460, 'miles': 584, 'min_stay': 1, 'mircashback': 730}]",5450.0,436,6479_101hotels,2025-05-12
1681497,,Стандартный номер с 2 отдельными кроватями,2,0,0,1,Двухместный,2,7,[{'single': 2}],[],"[{'id': 371335, 'force_prepayment': 0, 'capacity': 1, 'prepayment': 'FIRST', 'nonrefundable': 0, 'cancellation_period': 7, 'cancellation_fee': 'FIRST', 'breakfast': 0, 'base_price': 3300, 'prices': [3300], 'price': 2805, 'old_price': 3300, 'currency': 'RUB', 'payment_amount': 3300, 'extras_variants': [], 'extras': [], 'rate_id': 5921, 'deals': ['BASE'], 'cancellation_type': 'special', 'credit_card': 1, 'bonus': 561, 'miles': 224, 'min_stay': 1, 'mircashback': 281}, {'id': 371336, 'force_prepayment': 0, 'capacity': 2, 'prepayment': 'FIRST', 'nonrefundable': 0, 'cancellation_period': 7, 'cancellation_fee': 'FIRST', 'breakfast': 0, 'base_price': 3300, 'prices': [3300], 'price': 2805, 'old_price': 3300, 'currency': 'RUB', 'payment_amount': 3300, 'extras_variants': [], 'extras': [], 'rate_id': 5921, 'deals': ['BASE'], 'cancellation_type': 'special', 'credit_card': 1, 'bonus': 561, 'miles': 224, 'min_stay': 1, 'mircashback': 281}]",2805.0,224,511615_101hotels,2025-05-12
1681498,,Стандартный номер,3,0,0,1,Трехместный,37,2,[{'single': 3}],[],"[{'id': 371347, 'force_prepayment': 0, 'capacity': 1, 'prepayment': 'FIRST', 'nonrefundable': 0, 'cancellation_period': 7, 'cancellation_fee': 'FIRST', 'breakfast': 0, 'base_price': 3600, 'prices': [3600], 'price': 3060, 'old_price': 3600, 'currency': 'RUB', 'payment_amount': 3600, 'extras_variants': [], 'extras': [], 'rate_id': 5921, 'deals': ['BASE'], 'cancellation_type': 'special', 'credit_card': 1, 'bonus': 612, 'miles': 244, 'min_stay': 1, 'mircashback': 306}, {'id': 371348, 'force_prepayment': 0, 'capacity': 2, 'prepayment': 'FIRST', 'nonrefundable': 0, 'cancellation_period': 7, 'cancellation_fee': 'FIRST', 'breakfast': 0, 'base_price': 3600, 'prices': [3600], 'price': 3060, 'old_price': 3600, 'currency': 'RUB', 'payment_amount': 3600, 'extras_variants': [], 'extras': [], 'rate_id': 5921, 'deals': ['BASE'], 'cancellation_type': 'special', 'credit_card': 1, 'bonus': 612, 'miles': 244, 'min_stay': 1, 'mircashback': 306}, {'id': 371349, 'force_prepayment': 0, 'capacity': 3, 'prepayment': 'FIRST', 'nonrefundable': 0, 'cancellation_period': 7, 'cancellation_fee': 'FIRST', 'breakfast': 0, 'base_price': 3600, 'prices': [3600], 'price': 3060, 'old_price': 3600, 'currency': 'RUB', 'payment_amount': 3600, 'extras_variants': [], 'extras': [], 'rate_id': 5921, 'deals': ['BASE'], 'cancellation_type': 'special', 'credit_card': 1, 'bonus': 612, 'miles': 244, 'min_stay': 1, 'mircashback': 306}]",3060.0,244,511615_101hotels,2025-05-12
1681499,,Стандартный номер с 1 кроватью,2,0,0,1,Двухместный,2,3,[{'double': 1}],[],"[{'id': 371337, 'force_prepayment': 0, 'capacity': 1, 'prepayment': 'FIRST', 'nonrefundable': 0, 'cancellation_period': 7, 'cancellation_fee': 'FIRST', 'breakfast': 0, 'base_price': 3300, 'prices': [3300], 'price': 2805, 'old_price': 3300, 'currency': 'RUB', 'payment_amount': 3300, 'extras_variants': [], 'extras': [], 'rate_id': 5921, 'deals': ['BASE'], 'cancellation_type': 'special', 'credit_card': 1, 'bonus': 561, 'miles': 224, 'min_stay': 1, 'mircashback': 281}, {'id': 371338, 'force_prepayment': 0, 'capacity': 2, 'prepayment': 'FIRST', 'nonrefundable': 0, 'cancellation_period': 7, 'cancellation_fee': 'FIRST', 'breakfast': 0, 'base_price': 3300, 'prices': [3300], 'price': 2805, 'old_price': 3300, 'currency': 'RUB', 'payment_amount': 3300, 'extras_variants': [], 'extras': [], 'rate_id': 5921, 'deals': ['BASE'], 'cancellation_type': 'special', 'credit_card': 1, 'bonus': 561, 'miles': 224, 'min_stay': 1, 'mircashback': 281}]",2805.0,224,511615_101hotels,2025-05-12
1681500,,Стандартный двухкомнатный (1 двуспальная кровать),2,0,0,1,Двухместный,2,1,[{'single': 1}],[],"[{'id': 371350, 'force_prepayment': 0, 'capacity': 1, 'prepayment': 'FIRST', 'nonrefundable': 0, 'cancellation_period': 7, 'cancellation_fee': 'FIRST', 'breakfast': 0, 'base_price': 4500, 'prices': [4500], 'price': 3825, 'old_price': 4500, 'currency': 'RUB', 'payment_amount': 4500, 'extras_variants': [], 'extras': [], 'rate_id': 5921, 'deals': ['BASE'], 'cancellation_type': 'special', 'credit_card': 1, 'bonus': 765, 'miles': 304, 'min_stay': 1, 'mircashback': 383}, {'id': 371351, 'force_prepayment': 0, 'capacity': 2, 'prepayment': 'FIRST', 'nonrefundable': 0, 'cancellation_period': 7, 'cancellation_fee': 'FIRST', 'breakfast': 0, 'base_price': 4500, 'prices': [4500], 'price': 3825, 'old_price': 4500, 'currency': 'RUB', 'payment_amount': 4500, 'extras_variants': [], 'extras': [], 'rate_id': 5921, 'deals': ['BASE'], 'cancellation_type': 'special', 'credit_card': 1, 'bonus': 765, 'miles': 304, 'min_stay': 1, 'mircashback': 383}]",3825.0,304,511615_101hotels,2025-05-12
2273041,,Стандартный номер (1 двуспальная кровать + софа/кресло-кровать),2,1,0,1,Двухместный,2,2,[{'double': 1}],[],"[{'id': 781114, 'force_prepayment': 0, 'capacity': 1, 'prepayment': 'FIRST', 'nonrefundable': 0, 'cancellation_period': 7, 'cancellation_fee': 'FIRST', 'breakfast': 0, 'base_price': 3500, 'prices': [3500], 'price': 2975, 'old_price': 3500, 'currency': 'RUB', 'payment_amount': 3500, 'extras_variants': [], 'extras': [], 'rate_id': 5921, 'deals': ['BASE'], 'cancellation_type': 'special', 'credit_card': 1, 'bonus': 595, 'miles': 236, 'min_stay': 1, 'mircashback': 298}, {'id': 781115, 'force_prepayment': 0, 'capacity': 2, 'prepayment': 'FIRST', 'nonrefundable': 0, 'cancellation_period': 7, 'cancellation_fee': 'FIRST', 'breakfast': 0, 'base_price': 3500, 'prices': [3500], 'price': 2975, 'old_price': 3500, 'currency': 'RUB', 'payment_amount': 3500, 'extras_variants': [], 'extras': [], 'rate_id': 5921, 'deals': ['BASE'], 'cancellation_type': 'special', 'credit_card': 1, 'bonus': 595, 'miles': 236, 'min_stay': 1, 'mircashback': 298}]",2975.0,236,511615_101hotels,2025-05-12
2269631,,Двухместный номер с большой кроватью № 1,2,1,0,0,Трёхместный и более,3,1,[{'double': 3}],"[{'number': '1', 'min_age': '3', 'max_age': '14', 'is_extra_bed': '0', 'extra_bed_type_id': '0'}]","[{'id': 752586, 'force_prepayment': 0, 'capacity': 1, 'prepayment': 'FULL', 'nonrefundable': 0, 'cancellation_period': 0, 'cancellation_fee': 'NO', 'breakfast': 0, 'base_price': 3000, 'prices': [3000], 'price': 3000, 'old_price': 3000, 'currency': 'RUB', 'payment_amount': 3000, 'extras_variants': [], 'extras': [], 'rate_id': 32736, 'deals': [], 'cancellation_type': 'free', 'credit_card': 1, 'bonus': 600, 'miles': 240, 'min_stay': 1, 'mircashback': 300}, {'id': 752587, 'force_prepayment': 0, 'capacity': 2, 'prepayment': 'FULL', 'nonrefundable': 0, 'cancellation_period': 0, 'cancellation_fee': 'NO', 'breakfast': 0, 'base_price': 3000, 'prices': [3000], 'price': 3000, 'old_price': 3000, 'currency': 'RUB', 'payment_amount': 3000, 'extras_variants': [], 'extras': [], 'rate_id': 32736, 'deals': [], 'cancellation_type': 'free', 'credit_card': 1, 'bonus': 600, 'miles': 240, 'min_stay': 1, 'mircashback': 300}]",3000.0,240,664549_101hotels,2025-05-12
2269633,,С большой кроватью № 2,2,2,0,0,Трёхместный и более,3,1,"[{'double': 1, 'sofa': 1}]","[{'number': '2', 'min_age': '3', 'max_age': '14', 'is_extra_bed': '1', 'extra_bed_type_id': '1'}]","[{'id': 752588, 'force_prepayment': 0, 'capacity': 1, 'prepayment': 'FULL', 'nonrefundable': 0, 'cancellation_period': 0, 'cancellation_fee': 'NO', 'breakfast': 0, 'base_price': 3000, 'prices': [3000], 'price': 3000, 'old_price': 3000, 'currency': 'RUB', 'payment_amount': 3000, 'extras_variants': [], 'extras': [], 'rate_id': 32736, 'deals': [], 'cancellation_type': 'free', 'credit_card': 1, 'bonus': 600, 'miles': 240, 'min_stay': 1, 'mircashback': 300}, {'id': 752589, 'force_prepayment': 0, 'capacity': 2, 'prepayment': 'FULL', 'nonrefundable': 0, 'cancellation_period': 0, 'cancellation_fee': 'NO', 'breakfast': 0, 'base_price': 3000, 'prices': [3000], 'price': 3000, 'old_price': 3000, 'currency': 'RUB', 'payment_amount': 3000, 'extras_variants': [], 'extras': [], 'rate_id': 32736, 'deals': [], 'cancellation_type': 'free', 'credit_card': 1, 'bonus': 600, 'miles': 240, 'min_stay': 1, 'mircashback': 300}]",3000.0,240,664549_101hotels,2025-05-12
2269634,,С раздельными кроватями Standart № 3,3,0,0,0,Трёхместный и более,3,1,[{'single': 3}],"[{'number': '1', 'min_age': '3', 'max_age': '14', 'is_extra_bed': '0', 'extra_bed_type_id': '0'}]","[{'id': 752592, 'force_prepayment': 0, 'capacity': 1, 'prepayment': 'FULL', 'nonrefundable': 0, 'cancellation_period': 0, 'cancellation_fee': 'NO', 'breakfast': 0, 'base_price': 4500, 'prices': [4500], 'price': 4500, 'old_price': 4500, 'currency': 'RUB', 'payment_amount': 4500, 'extras_variants': [], 'extras': [], 'rate_id': 32736, 'deals': [], 'cancellation_type': 'free', 'credit_card': 1, 'bonus': 900, 'miles': 360, 'min_stay': 1, 'mircashback': 450}, {'id': 752593, 'force_prepayment': 0, 'capacity': 2, 'prepayment': 'FULL', 'nonrefundable': 0, 'cancellation_period': 0, 'cancellation_fee': 'NO', 'breakfast': 0, 'base_price': 4500, 'prices': [4500], 'price': 4500, 'old_price': 4500, 'currency': 'RUB', 'payment_amount': 4500, 'extras_variants': [], 'extras': [], 'rate_id': 32736, 'deals': [], 'cancellation_type': 'free', 'credit_card': 1, 'bonus': 900, 'miles': 360, 'min_stay': 1, 'mircashback': 450}, {'id': 752594, 'force_prepayment': 0, 'capacity': 3, 'prepayment': 'FULL', 'nonrefundable': 0, 'cancellation_period': 0, 'cancellation_fee': 'NO', 'breakfast': 0, 'base_price': 4500, 'prices': [4500], 'price': 4500, 'old_price': 4500, 'currency': 'RUB', 'payment_amount': 4500, 'extras_variants': [], 'extras': [], 'rate_id': 32736, 'deals': [], 'cancellation_type': 'free', 'credit_card': 1, 'bonus': 900, 'miles': 360, 'min_stay': 1, 'mircashback': 450}]",4500.0,360,664549_101hotels,2025-05-12
2269638,,Двухместный номер с большой кроватью Комфорт № 6,2,0,0,0,Семейный,44,1,[{'double': 1}],[],"[{'id': 752603, 'force_prepayment': 0, 'capacity': 1, 'prepayment': 'FULL', 'nonrefundable': 0, 'cancellation_period': 0, 'cancellation_fee': 'NO', 'breakfast': 0, 'base_price': 3000, 'prices': [3000], 'price': 3000, 'old_price': 3000, 'currency': 'RUB', 'payment_amount': 3000, 'extras_variants': [], 'extras': [], 'rate_id': 32736, 'deals': [], 'cancellation_type': 'free', 'credit_card': 1, 'bonus': 600, 'miles': 240, 'min_stay': 1, 'mircashback': 300}, {'id': 752604, 'force_prepayment': 0, 'capacity': 2, 'prepayment': 'FULL', 'nonrefundable': 0, 'cancellation_period': 0, 'cancellation_fee': 'NO', 'breakfast': 0, 'base_price': 3000, 'prices': [3000], 'price': 3000, 'old_price': 3000, 'currency': 'RUB', 'payment_amount': 3000, 'extras_variants': [], 'extras': [], 'rate_id': 32736, 'deals': [], 'cancellation_type': 'free', 'credit_card': 1, 'bonus': 600, 'miles': 240, 'min_stay': 1, 'mircashback': 300}]",3000.0,240,664549_101hotels,2025-05-12
2297009,,Двухместный номер с одной двухспальной кроватью № 5,2,1,0,0,Двухместный,2,1,[{'double': 1}],"[{'number': '1', 'min_age': '5', 'max_age': '15', 'is_extra_bed': '1', 'extra_bed_type_id': '3'}]","[{'id': 1016099, 'force_prepayment': 0, 'capacity': 1, 'prepayment': 'FULL', 'nonrefundable': 0, 'cancellation_period': 0, 'cancellation_fee': 'NO', 'breakfast': 0, 'base_price': 3000, 'prices': [3000], 'price': 3000, 'old_price': 3000, 'currency': 'RUB', 'payment_amount': 3000, 'extras_variants': [], 'extras': [], 'rate_id': 32736, 'deals': [], 'cancellation_type': 'free', 'credit_card': 1, 'bonus': 600, 'miles': 240, 'min_stay': 1, 'mircashback': 300}, {'id': 1016100, 'force_prepayment': 0, 'capacity': 2, 'prepayment': 'FULL', 'nonrefundable': 0, 'cancellation_period': 0, 'cancellation_fee': 'NO', 'breakfast': 0, 'base_price': 3000, 'prices': [3000], 'price': 3000, 'old_price': 3000, 'currency': 'RUB', 'payment_amount': 3000, 'extras_variants': [], 'extras': [], 'rate_id': 32736, 'deals': [], 'cancellation_type': 'free', 'credit_card': 1, 'bonus': 600, 'miles': 240, 'min_stay': 1, 'mircashback': 300}]",3000.0,240,664549_101hotels,2025-05-12
1616134,,с 1 спальней,4,0,0,1,Апартаменты,14,2,[{'single': 1}],[],"[{'id': 503068, 'force_prepayment': 0, 'capacity': 1, 'prepayment': 'NO', 'nonrefundable': 0, 'cancellation_period': 0, 'cancellation_fee': 'NO', 'breakfast': 0, 'base_price': 4500, 'prices': [4500], 'price': 4500, 'old_price': 4500, 'currency': 'RUB', 'payment_amount': 0, 'extras_variants': [], 'extras': [], 'rate_id': 14586, 'deals': [], 'cancellation_type': 'free', 'credit_card': 0, 'bonus': 900, 'miles': 360, 'min_stay': 1, 'mircashback': 450}, {'id': 503069, 'force_prepayment': 0, 'capacity': 2, 'prepayment': 'NO', 'nonrefundable': 0, 'cancellation_period': 0, 'cancellation_fee': 'NO', 'breakfast': 0, 'base_price': 4500, 'prices': [4500], 'price': 4500, 'old_price': 4500, 'currency': 'RUB', 'payment_amount': 0, 'extras_variants': [], 'extras': [], 'rate_id': 14586, 'deals': [], 'cancellation_type': 'free', 'credit_card': 0, 'bonus': 900, 'miles': 360, 'min_stay': 1, 'mircashback': 450}, {'id': 503070, 'force_prepayment': 0, 'capacity': 3, 'prepayment': 'NO', 'nonrefundable': 0, 'cancellation_period': 0, 'cancellation_fee': 'NO', 'breakfast': 0, 'base_price': 5500, 'prices': [5500], 'price': 5500, 'old_price': 5500, 'currency': 'RUB', 'payment_amount': 0, 'extras_variants': [], 'extras': [], 'rate_id': 14586, 'deals': [], 'cancellation_type': 'free', 'credit_card': 0, 'bonus': 1100, 'miles': 440, 'min_stay': 1, 'mircashback': 550}]",4500.0,360,495574_101hotels,2025-05-12
1616135,,с 2 спальнями,8,0,0,1,Апартаменты,14,2,"[{'single': 1}, {'single': 1}]",[],"[{'id': 503072, 'force_prepayment': 0, 'capacity': 1, 'prepayment': 'NO', 'nonrefundable': 0, 'cancellation_period': 0, 'cancellation_fee': 'NO', 'breakfast': 0, 'base_price': 6500, 'prices': [6500], 'price': 6500, 'old_price': 6500, 'currency': 'RUB', 'payment_amount': 0, 'extras_variants': [], 'extras': [], 'rate_id': 14586, 'deals': [], 'cancellation_type': 'free', 'credit_card': 0, 'bonus': 1300, 'miles': 520, 'min_stay': 1, 'mircashback': 650}, {'id': 503073, 'force_prepayment': 0, 'capacity': 2, 'prepayment': 'NO', 'nonrefundable': 0, 'cancellation_period': 0, 'cancellation_fee': 'NO', 'breakfast': 0, 'base_price': 6500, 'prices': [6500], 'price': 6500, 'old_price': 6500, 'currency': 'RUB', 'payment_amount': 0, 'extras_variants': [], 'extras': [], 'rate_id': 14586, 'deals': [], 'cancellation_type': 'free', 'credit_card': 0, 'bonus': 1300, 'miles': 520, 'min_stay': 1, 'mircashback': 650}, {'id': 503074, 'force_prepayment': 0, 'capacity': 3, 'prepayment': 'NO', 'nonrefundable': 0, 'cancellation_period': 0, 'cancellation_fee': 'NO', 'breakfast': 0, 'base_price': 6500, 'prices': [6500], 'price': 6500, 'old_price': 6500, 'currency': 'RUB', 'payment_amount': 0, 'extras_variants': [], 'extras': [], 'rate_id': 14586, 'deals': [], 'cancellation_type': 'free', 'credit_card': 0, 'bonus': 1300, 'miles': 520, 'min_stay': 1, 'mircashback': 650}, {'id': 503075, 'force_prepayment': 0, 'capacity': 4, 'prepayment': 'NO', 'nonrefundable': 0, 'cancellation_period': 0, 'cancellation_fee': 'NO', 'breakfast': 0, 'base_price': 6500, 'prices': [6500], 'price': 6500, 'old_price': 6500, 'currency': 'RUB', 'payment_amount': 0, 'extras_variants': [], 'extras': [], 'rate_id': 14586, 'deals': [], 'cancellation_type': 'free', 'credit_card': 0, 'bonus': 1300, 'miles': 520, 'min_stay': 1, 'mircashback': 650}, {'id': 503076, 'force_prepayment': 0, 'capacity': 5, 'prepayment': 'NO', 'nonrefundable': 0, 'cancellation_period': 0, 'cancellation_fee': 'NO', 'breakfast': 0, 'base_price': 7500, 'prices': [7500], 'price': 7500, 'old_price': 7500, 'currency': 'RUB', 'payment_amount': 0, 'extras_variants': [], 'extras': [], 'rate_id': 14586, 'deals': [], 'cancellation_type': 'free', 'credit_card': 0, 'bonus': 1500, 'miles': 600, 'min_stay': 1, 'mircashback': 750}, {'id': 503077, 'force_prepayment': 0, 'capacity': 6, 'prepayment': 'NO', 'nonrefundable': 0, 'cancellation_period': 0, 'cancellation_fee': 'NO', 'breakfast': 0, 'base_price': 8500, 'prices': [8500], 'price': 8500, 'old_price': 8500, 'currency': 'RUB', 'payment_amount': 0, 'extras_variants': [], 'extras': [], 'rate_id': 14586, 'deals': [], 'cancellation_type': 'free', 'credit_card': 0, 'bonus': 1700, 'miles': 680, 'min_stay': 1, 'mircashback': 850}]",6500.0,520,495574_101hotels,2025-05-12
1616137,,Люкс,4,0,0,1,Сьюит,27,2,[{'single': 1}],[],"[{'id': 503080, 'force_prepayment': 0, 'capacity': 1, 'prepayment': 'NO', 'nonrefundable': 0, 'cancellation_period': 0, 'cancellation_fee': 'NO', 'breakfast': 0, 'base_price': 4000, 'prices': [4000], 'price': 4000, 'old_price': 4000, 'currency': 'RUB', 'payment_amount': 0, 'extras_variants': [], 'extras': [], 'rate_id': 14586, 'deals': [], 'cancellation_type': 'free', 'credit_card': 0, 'bonus': 800, 'miles': 320, 'min_stay': 1, 'mircashback': 400}, {'id': 503081, 'force_prepayment': 0, 'capacity': 2, 'prepayment': 'NO', 'nonrefundable': 0, 'cancellation_period': 0, 'cancellation_fee': 'NO', 'breakfast': 0, 'base_price': 4000, 'prices': [4000], 'price': 4000, 'old_price': 4000, 'currency': 'RUB', 'payment_amount': 0, 'extras_variants': [], 'extras': [], 'rate_id': 14586, 'deals': [], 'cancellation_type': 'free', 'credit_card': 0, 'bonus': 800, 'miles': 320, 'min_stay': 1, 'mircashback': 400}, {'id': 503082, 'force_prepayment': 0, 'capacity': 3, 'prepayment': 'NO', 'nonrefundable': 0, 'cancellation_period': 0, 'cancellation_fee': 'NO', 'breakfast': 0, 'base_price': 5000, 'prices': [5000], 'price': 5000, 'old_price': 5000, 'currency': 'RUB', 'payment_amount': 0, 'extras_variants': [], 'extras': [], 'rate_id': 14586, 'deals': [], 'cancellation_type': 'free', 'credit_card': 0, 'bonus': 1000, 'miles': 400, 'min_stay': 1, 'mircashback': 500}]",4000.0,320,495574_101hotels,2025-05-12
2219397,,Стандартный,2,0,0,1,Двухместный,2,2,[{'double': 1}],[],"[{'id': 503066, 'force_prepayment': 0, 'capacity': 1, 'prepayment': 'NO', 'nonrefundable': 0, 'cancellation_period': 0, 'cancellation_fee': 'NO', 'breakfast': 0, 'base_price': 3500, 'prices': [3500], 'price': 3500, 'old_price': 3500, 'currency': 'RUB', 'payment_amount': 0, 'extras_variants': [], 'extras': [], 'rate_id': 14586, 'deals': [], 'cancellation_type': 'free', 'credit_card': 0, 'bonus': 700, 'miles': 280, 'min_stay': 1, 'mircashback': 350}, {'id': 503067, 'force_prepayment': 0, 'capacity': 2, 'prepayment': 'NO', 'nonrefundable': 0, 'cancellation_period': 0, 'cancellation_fee': 'NO', 'breakfast': 0, 'base_price': 3500, 'prices': [3500], 'price': 3500, 'old_price': 3500, 'currency': 'RUB', 'payment_amount': 0, 'extras_variants': [], 'extras': [], 'rate_id': 14586, 'deals': [], 'cancellation_type': 'free', 'credit_card': 0, 'bonus': 700, 'miles': 280, 'min_stay': 1, 'mircashback': 350}]",3500.0,280,495574_101hotels,2025-05-12
2220210,,Койко-место в общем номере с 3 кроватями,3,0,1,0,Трехместный,37,12,[{'single': 3}],[],"[{'id': 307027, 'force_prepayment': 0, 'capacity': 1, 'prepayment': 'FULL', 'nonrefundable': 1, 'cancellation_period': 0, 'cancellation_fee': 'FIRST', 'breakfast': 0, 'base_price': 1250, 'prices': [1250], 'price': 1250, 'old_price': 1250, 'currency': 'RUB', 'payment_amount': 1250, 'extras_variants': [], 'extras': [], 'rate_id': 2700, 'deals': [], 'cancellation_type': 'nonrefundable', 'credit_card': 1, 'bonus': 250, 'miles': 100, 'min_stay': 1, 'mircashback': 125}]",1250.0,100,650957_101hotels,2025-05-12
2220233,,Номер эконом с 2 раздельными кроватями,2,0,0,0,Двухместный,2,6,[{'single': 2}],"[{'number': '2', 'min_age': '0', 'max_age': '3', 'is_extra_bed': '0', 'extra_bed_type_id': '0'}]","[{'id': 307012, 'force_prepayment': 0, 'capacity': 1, 'prepayment': 'FULL', 'nonrefundable': 1, 'cancellation_period': 0, 'cancellation_fee': 'FIRST', 'breakfast': 0, 'base_price': 3800, 'prices': [3800], 'price': 3800, 'old_price': 3800, 'currency': 'RUB', 'payment_amount': 3800, 'extras_variants': [], 'extras': [], 'rate_id': 2700, 'deals': [], 'cancellation_type': 'nonrefundable', 'credit_card': 1, 'bonus': 760, 'miles': 304, 'min_stay': 1, 'mircashback': 380}, {'id': 307013, 'force_prepayment': 0, 'capacity': 2, 'prepayment': 'FULL', 'nonrefundable': 1, 'cancellation_period': 0, 'cancellation_fee': 'FIRST', 'breakfast': 0, 'base_price': 3800, 'prices': [3800], 'price': 3800, 'old_price': 3800, 'currency': 'RUB', 'payment_amount': 3800, 'extras_variants': [], 'extras': [], 'rate_id': 2700, 'deals': [], 'cancellation_type': 'nonrefundable', 'credit_card': 1, 'bonus': 760, 'miles': 304, 'min_stay': 1, 'mircashback': 380}]",3800.0,304,650957_101hotels,2025-05-12
2220242,,Номер эконом с двуспальной кроватью,2,0,0,0,Двухместный,2,1,[{'double': 1}],"[{'number': '2', 'min_age': '0', 'max_age': '3', 'is_extra_bed': '0', 'extra_bed_type_id': '0'}]","[{'id': 307014, 'force_prepayment': 0, 'capacity': 1, 'prepayment': 'FULL', 'nonrefundable': 1, 'cancellation_period': 0, 'cancellation_fee': 'FIRST', 'breakfast': 0, 'base_price': 3800, 'prices': [3800], 'price': 3800, 'old_price': 3800, 'currency': 'RUB', 'payment_amount': 3800, 'extras_variants': [], 'extras': [], 'rate_id': 2700, 'deals': [], 'cancellation_type': 'nonrefundable', 'credit_card': 1, 'bonus': 760, 'miles': 304, 'min_stay': 1, 'mircashback': 380}, {'id': 307015, 'force_prepayment': 0, 'capacity': 2, 'prepayment': 'FULL', 'nonrefundable': 1, 'cancellation_period': 0, 'cancellation_fee': 'FIRST', 'breakfast': 0, 'base_price': 3800, 'prices': [3800], 'price': 3800, 'old_price': 3800, 'currency': 'RUB', 'payment_amount': 3800, 'extras_variants': [], 'extras': [], 'rate_id': 2700, 'deals': [], 'cancellation_type': 'nonrefundable', 'credit_card': 1, 'bonus': 760, 'miles': 304, 'min_stay': 1, 'mircashback': 380}]",3800.0,304,650957_101hotels,2025-05-12
2220252,,"Номер эконом семейный с одной 1,5 спальной и одной односпальной кроватью",2,1,0,0,Двухместный,2,2,[{'single': 2}],"[{'number': '2', 'min_age': '0', 'max_age': '3', 'is_extra_bed': '0', 'extra_bed_type_id': '0'}]","[{'id': 307016, 'force_prepayment': 0, 'capacity': 1, 'prepayment': 'FULL', 'nonrefundable': 1, 'cancellation_period': 0, 'cancellation_fee': 'FIRST', 'breakfast': 0, 'base_price': 3800, 'prices': [3800], 'price': 3800, 'old_price': 3800, 'currency': 'RUB', 'payment_amount': 3800, 'extras_variants': [], 'extras': [], 'rate_id': 2700, 'deals': [], 'cancellation_type': 'nonrefundable', 'credit_card': 1, 'bonus': 760, 'miles': 304, 'min_stay': 1, 'mircashback': 380}, {'id': 307017, 'force_prepayment': 0, 'capacity': 2, 'prepayment': 'FULL', 'nonrefundable': 1, 'cancellation_period': 0, 'cancellation_fee': 'FIRST', 'breakfast': 0, 'base_price': 3800, 'prices': [3800], 'price': 3800, 'old_price': 3800, 'currency': 'RUB', 'payment_amount': 3800, 'extras_variants': [], 'extras': [], 'rate_id': 2700, 'deals': [], 'cancellation_type': 'nonrefundable', 'credit_card': 1, 'bonus': 760, 'miles': 304, 'min_stay': 1, 'mircashback': 380}]",3800.0,304,650957_101hotels,2025-05-12
2220258,,Номер эконом с 3 раздельными кроватями,3,1,0,0,Трехместный,37,3,"[{'single': 2, 'double': 1}, {'single': 1, 'double': 1, 'sofa': 1}]","[{'number': '3', 'min_age': '0', 'max_age': '3', 'is_extra_bed': '0', 'extra_bed_type_id': '0'}]","[{'id': 307022, 'force_prepayment': 0, 'capacity': 1, 'prepayment': 'FULL', 'nonrefundable': 1, 'cancellation_period': 0, 'cancellation_fee': 'FIRST', 'breakfast': 0, 'base_price': 4450, 'prices': [4450], 'price': 4450, 'old_price': 4450, 'currency': 'RUB', 'payment_amount': 4450, 'extras_variants': [], 'extras': [], 'rate_id': 2700, 'deals': [], 'cancellation_type': 'nonrefundable', 'credit_card': 1, 'bonus': 890, 'miles': 356, 'min_stay': 1, 'mircashback': 445}, {'id': 307023, 'force_prepayment': 0, 'capacity': 2, 'prepayment': 'FULL', 'nonrefundable': 1, 'cancellation_period': 0, 'cancellation_fee': 'FIRST', 'breakfast': 0, 'base_price': 4450, 'prices': [4450], 'price': 4450, 'old_price': 4450, 'currency': 'RUB', 'payment_amount': 4450, 'extras_variants': [], 'extras': [], 'rate_id': 2700, 'deals': [], 'cancellation_type': 'nonrefundable', 'credit_card': 1, 'bonus': 890, 'miles': 356, 'min_stay': 1, 'mircashback': 445}, {'id': 307024, 'force_prepayment': 0, 'capacity': 3, 'prepayment': 'FULL', 'nonrefundable': 1, 'cancellation_period': 0, 'cancellation_fee': 'FIRST', 'breakfast': 0, 'base_price': 4450, 'prices': [4450], 'price': 4450, 'old_price': 4450, 'currency': 'RUB', 'payment_amount': 4450, 'extras_variants': [], 'extras': [], 'rate_id': 2700, 'deals': [], 'cancellation_type': 'nonrefundable', 'credit_card': 1, 'bonus': 890, 'miles': 356, 'min_stay': 1, 'mircashback': 445}]",4450.0,356,650957_101hotels,2025-05-12
2220269,,Номер категории Стандарт с 2 раздельными кроватями,2,4,0,1,Двухместный,2,1,"[{'double': 2, 'sofa': 1}]","[{'number': '2', 'min_age': '0', 'max_age': '3', 'is_extra_bed': '0', 'extra_bed_type_id': '0'}]","[{'id': 307018, 'force_prepayment': 0, 'capacity': 1, 'prepayment': 'FULL', 'nonrefundable': 1, 'cancellation_period': 0, 'cancellation_fee': 'FIRST', 'breakfast': 0, 'base_price': 5050, 'prices': [5050], 'price': 5050, 'old_price': 5050, 'currency': 'RUB', 'payment_amount': 5050, 'extras_variants': [], 'extras': [], 'rate_id': 2700, 'deals': [], 'cancellation_type': 'nonrefundable', 'credit_card': 1, 'bonus': 1010, 'miles': 404, 'min_stay': 1, 'mircashback': 505}, {'id': 307019, 'force_prepayment': 0, 'capacity': 2, 'prepayment': 'FULL', 'nonrefundable': 1, 'cancellation_period': 0, 'cancellation_fee': 'FIRST', 'breakfast': 0, 'base_price': 5050, 'prices': [5050], 'price': 5050, 'old_price': 5050, 'currency': 'RUB', 'payment_amount': 5050, 'extras_variants': [], 'extras': [], 'rate_id': 2700, 'deals': [], 'cancellation_type': 'nonrefundable', 'credit_card': 1, 'bonus': 1010, 'miles': 404, 'min_stay': 1, 'mircashback': 505}]",5050.0,404,650957_101hotels,2025-05-12
2220274,,Номер категории стандарт с двуспальной кроватью,2,2,0,1,Двухместный,2,3,"[{'double': 1, 'sofa': 1}]","[{'number': '2', 'min_age': '0', 'max_age': '3', 'is_extra_bed': '0', 'extra_bed_type_id': '0'}]","[{'id': 307020, 'force_prepayment': 0, 'capacity': 1, 'prepayment': 'FULL', 'nonrefundable': 1, 'cancellation_period': 0, 'cancellation_fee': 'FIRST', 'breakfast': 0, 'base_price': 5050, 'prices': [5050], 'price': 5050, 'old_price': 5050, 'currency': 'RUB', 'payment_amount': 5050, 'extras_variants': [], 'extras': [], 'rate_id': 2700, 'deals': [], 'cancellation_type': 'nonrefundable', 'credit_card': 1, 'bonus': 1010, 'miles': 404, 'min_stay': 1, 'mircashback': 505}, {'id': 307021, 'force_prepayment': 0, 'capacity': 2, 'prepayment': 'FULL', 'nonrefundable': 1, 'cancellation_period': 0, 'cancellation_fee': 'FIRST', 'breakfast': 0, 'base_price': 5050, 'prices': [5050], 'price': 5050, 'old_price': 5050, 'currency': 'RUB', 'payment_amount': 5050, 'extras_variants': [], 'extras': [], 'rate_id': 2700, 'deals': [], 'cancellation_type': 'nonrefundable', 'credit_card': 1, 'bonus': 1010, 'miles': 404, 'min_stay': 1, 'mircashback': 505}]",5050.0,404,650957_101hotels,2025-05-12
2220292,,Номер с двуспальной кроватью,2,2,0,1,Люкс,6,3,"[{'double': 1, 'sofa': 1}]",[],"[{'id': 307025, 'force_prepayment': 0, 'capacity': 1, 'prepayment': 'FULL', 'nonrefundable': 1, 'cancellation_period': 0, 'cancellation_fee': 'FIRST', 'breakfast': 0, 'base_price': 6300, 'prices': [6300], 'price': 6300, 'old_price': 6300, 'currency': 'RUB', 'payment_amount': 6300, 'extras_variants': [], 'extras': [], 'rate_id': 2700, 'deals': [], 'cancellation_type': 'nonrefundable', 'credit_card': 1, 'bonus': 1260, 'miles': 504, 'min_stay': 1, 'mircashback': 630}, {'id': 307026, 'force_prepayment': 0, 'capacity': 2, 'prepayment': 'FULL', 'nonrefundable': 1, 'cancellation_period': 0, 'cancellation_fee': 'FIRST', 'breakfast': 0, 'base_price': 6300, 'prices': [6300], 'price': 6300, 'old_price': 6300, 'currency': 'RUB', 'payment_amount': 6300, 'extras_variants': [], 'extras': [], 'rate_id': 2700, 'deals': [], 'cancellation_type': 'nonrefundable', 'credit_card': 1, 'bonus': 1260, 'miles': 504, 'min_stay': 1, 'mircashback': 630}]",6300.0,504,650957_101hotels,2025-05-12
1616129,,Стандарт с двумя раздельными кроватями,2,0,0,1,Двухместный,2,1,[{'single': 1}],[],"[{'id': 603188, 'force_prepayment': 0, 'capacity': 1, 'prepayment': 'NO', 'nonrefundable': 0, 'cancellation_period': 0, 'cancellation_fee': 'NO', 'breakfast': 7, 'base_price': 3675, 'prices': [3675], 'price': 3675, 'old_price': 3675, 'currency': 'RUB', 'payment_amount': 0, 'extras_variants': [], 'extras': [], 'rate_id': 21270, 'deals': [], 'cancellation_type': 'free', 'credit_card': 0, 'bonus': 735, 'miles': 292, 'min_stay': 1, 'mircashback': 368}, {'id': 603189, 'force_prepayment': 0, 'capacity': 2, 'prepayment': 'NO', 'nonrefundable': 0, 'cancellation_period': 0, 'cancellation_fee': 'NO', 'breakfast': 7, 'base_price': 5250, 'prices': [5250], 'price': 5250, 'old_price': 5250, 'currency': 'RUB', 'payment_amount': 0, 'extras_variants': [], 'extras': [], 'rate_id': 21270, 'deals': [], 'cancellation_type': 'free', 'credit_card': 0, 'bonus': 1050, 'miles': 420, 'min_stay': 1, 'mircashback': 525}]",3675.0,292,495572_101hotels,2025-05-12
2251286,,Стандарт с двухспальной кроватью,2,0,0,1,Двухместный,2,2,[{'double': 1}],[],"[{'id': 603190, 'force_prepayment': 0, 'capacity': 1, 'prepayment': 'NO', 'nonrefundable': 0, 'cancellation_period': 0, 'cancellation_fee': 'NO', 'breakfast': 7, 'base_price': 6300, 'prices': [6300], 'price': 6300, 'old_price': 6300, 'currency': 'RUB', 'payment_amount': 0, 'extras_variants': [], 'extras': [], 'rate_id': 21270, 'deals': [], 'cancellation_type': 'free', 'credit_card': 0, 'bonus': 1260, 'miles': 504, 'min_stay': 1, 'mircashback': 630}, {'id': 603191, 'force_prepayment': 0, 'capacity': 2, 'prepayment': 'NO', 'nonrefundable': 0, 'cancellation_period': 0, 'cancellation_fee': 'NO', 'breakfast': 7, 'base_price': 6300, 'prices': [6300], 'price': 6300, 'old_price': 6300, 'currency': 'RUB', 'payment_amount': 0, 'extras_variants': [], 'extras': [], 'rate_id': 21270, 'deals': [], 'cancellation_type': 'free', 'credit_card': 0, 'bonus': 1260, 'miles': 504, 'min_stay': 1, 'mircashback': 630}]",6300.0,504,495572_101hotels,2025-05-12
2275937,,Двухэтажный 2-местный с камином,2,2,0,1,Дом,56,3,"[{'double': 1, 'sofa': 1}]",[],"[{'id': 802484, 'force_prepayment': 0, 'capacity': 1, 'prepayment': 'FULL', 'nonrefundable': 0, 'cancellation_period': 2, 'cancellation_fee': 'FIRST', 'breakfast': 1, 'base_price': 12000, 'prices': [12000], 'price': 12000, 'old_price': 12000, 'currency': 'RUB', 'payment_amount': 12000, 'extras_variants': [], 'extras': [], 'rate_id': 36543, 'deals': [], 'cancellation_type': 'special', 'credit_card': 1, 'bonus': 2400, 'miles': 960, 'min_stay': 1, 'mircashback': 1200}, {'id': 802485, 'force_prepayment': 0, 'capacity': 2, 'prepayment': 'FULL', 'nonrefundable': 0, 'cancellation_period': 2, 'cancellation_fee': 'FIRST', 'breakfast': 1, 'base_price': 12000, 'prices': [12000], 'price': 12000, 'old_price': 12000, 'currency': 'RUB', 'payment_amount': 12000, 'extras_variants': [], 'extras': [], 'rate_id': 36543, 'deals': [], 'cancellation_type': 'special', 'credit_card': 1, 'bonus': 2400, 'miles': 960, 'min_stay': 1, 'mircashback': 1200}]",12000.0,960,666682_101hotels,2025-05-12
2238222,,"Эконом ""Уютный берег""",2,0,0,0,Двухместный,2,4,[{'double': 1}],[],"[{'id': 452556, 'force_prepayment': 0, 'details': [{'day': '12.05.2025', 'base_price': 3500, 'price': 3500, 'discount': 0, 'deal_id': 0, 'deal_ids': [], 'deals': []}], 'capacity': 1, 'prepayment': 'FULL', 'nonrefundable': 0, 'cancellation_period': 0, 'cancellation_fee': 'NO', 'breakfast': 0, 'base_price': 3500, 'prices': [3500], 'price': 3500, 'old_price': 3500, 'currency': 'RUB', 'payment_amount': 3500, 'extras_variants': [], 'extras': [], 'rate_id': 11129, 'deals': [], 'cancellation_type': 'free', 'credit_card': 1, 'bonus': 700, 'miles': 280, 'min_stay': 1, 'mircashback': 350}, {'id': 452557, 'force_prepayment': 0, 'details': [{'day': '12.05.2025', 'base_price': 3500, 'price': 3500, 'discount': 0, 'deal_id': 0, 'deal_ids': [], 'deals': []}], 'capacity': 2, 'prepayment': 'FULL', 'nonrefundable': 0, 'cancellation_period': 0, 'cancellation_fee': 'NO', 'breakfast': 0, 'base_price': 3500, 'prices': [3500], 'price': 3500, 'old_price': 3500, 'currency': 'RUB', 'payment_amount': 3500, 'extras_variants': [], 'extras': [], 'rate_id': 11129, 'deals': [], 'cancellation_type': 'free', 'credit_card': 1, 'bonus': 700, 'miles': 280, 'min_stay': 1, 'mircashback': 350}]",3500.0,280,653555_101hotels,2025-05-12
2238223,,"Стандарт ""Уютный берег""",2,0,0,1,Двухместный,2,2,[{'single': 2}],[],"[{'id': 452558, 'force_prepayment': 0, 'details': [{'day': '12.05.2025', 'base_price': 5500, 'price': 5500, 'discount': 0, 'deal_id': 0, 'deal_ids': [], 'deals': []}], 'capacity': 1, 'prepayment': 'FULL', 'nonrefundable': 0, 'cancellation_period': 0, 'cancellation_fee': 'NO', 'breakfast': 0, 'base_price': 5500, 'prices': [5500], 'price': 5500, 'old_price': 5500, 'currency': 'RUB', 'payment_amount': 5500, 'extras_variants': [], 'extras': [], 'rate_id': 11129, 'deals': [], 'cancellation_type': 'free', 'credit_card': 1, 'bonus': 1100, 'miles': 440, 'min_stay': 1, 'mircashback': 550}, {'id': 452559, 'force_prepayment': 0, 'details': [{'day': '12.05.2025', 'base_price': 5500, 'price': 5500, 'discount': 0, 'deal_id': 0, 'deal_ids': [], 'deals': []}], 'capacity': 2, 'prepayment': 'FULL', 'nonrefundable': 0, 'cancellation_period': 0, 'cancellation_fee': 'NO', 'breakfast': 0, 'base_price': 5500, 'prices': [5500], 'price': 5500, 'old_price': 5500, 'currency': 'RUB', 'payment_amount': 5500, 'extras_variants': [], 'extras': [], 'rate_id': 11129, 'deals': [], 'cancellation_type': 'free', 'credit_card': 1, 'bonus': 1100, 'miles': 440, 'min_stay': 1, 'mircashback': 550}]",5500.0,440,653555_101hotels,2025-05-12
2269800,,"Семейный номер ""Уютный берег""",4,0,0,1,Трёхместный и более,3,2,"[{'single': 1, 'double': 1, 'sofa': 1}]",[],"[{'id': 754460, 'force_prepayment': 0, 'details': [{'day': '12.05.2025', 'base_price': 7000, 'price': 7000, 'discount': 0, 'deal_id': 0, 'deal_ids': [], 'deals': []}], 'capacity': 1, 'prepayment': 'FULL', 'nonrefundable': 0, 'cancellation_period': 0, 'cancellation_fee': 'NO', 'breakfast': 0, 'base_price': 7000, 'prices': [7000], 'price': 7000, 'old_price': 7000, 'currency': 'RUB', 'payment_amount': 7000, 'extras_variants': [], 'extras': [], 'rate_id': 11129, 'deals': [], 'cancellation_type': 'free', 'credit_card': 1, 'bonus': 1400, 'miles': 560, 'min_stay': 1, 'mircashback': 700}, {'id': 754461, 'force_prepayment': 0, 'details': [{'day': '12.05.2025', 'base_price': 7000, 'price': 7000, 'discount': 0, 'deal_id': 0, 'deal_ids': [], 'deals': []}], 'capacity': 2, 'prepayment': 'FULL', 'nonrefundable': 0, 'cancellation_period': 0, 'cancellation_fee': 'NO', 'breakfast': 0, 'base_price': 7000, 'prices': [7000], 'price': 7000, 'old_price': 7000, 'currency': 'RUB', 'payment_amount': 7000, 'extras_variants': [], 'extras': [], 'rate_id': 11129, 'deals': [], 'cancellation_type': 'free', 'credit_card': 1, 'bonus': 1400, 'miles': 560, 'min_stay': 1, 'mircashback': 700}, {'id': 754462, 'force_prepayment': 0, 'details': [{'day': '12.05.2025', 'base_price': 7000, 'price': 7000, 'discount': 0, 'deal_id': 0, 'deal_ids': [], 'deals': []}], 'capacity': 3, 'prepayment': 'FULL', 'nonrefundable': 0, 'cancellation_period': 0, 'cancellation_fee': 'NO', 'breakfast': 0, 'base_price': 7000, 'prices': [7000], 'price': 7000, 'old_price': 7000, 'currency': 'RUB', 'payment_amount': 7000, 'extras_variants': [], 'extras': [], 'rate_id': 11129, 'deals': [], 'cancellation_type': 'free', 'credit_card': 1, 'bonus': 1400, 'miles': 560, 'min_stay': 1, 'mircashback': 700}, {'id': 754463, 'force_prepayment': 0, 'details': [{'day': '12.05.2025', 'base_price': 7000, 'price': 7000, 'discount': 0, 'deal_id': 0, 'deal_ids': [], 'deals': []}], 'capacity': 4, 'prepayment': 'FULL', 'nonrefundable': 0, 'cancellation_period': 0, 'cancellation_fee': 'NO', 'breakfast': 0, 'base_price': 7000, 'prices': [7000], 'price': 7000, 'old_price': 7000, 'currency': 'RUB', 'payment_amount': 7000, 'extras_variants': [], 'extras': [], 'rate_id': 11129, 'deals': [], 'cancellation_type': 'free', 'credit_card': 1, 'bonus': 1400, 'miles': 560, 'min_stay': 1, 'mircashback': 700}]",7000.0,560,653555_101hotels,2025-05-12
2269801,,"Семейный ""Уютный берег""",4,2,0,1,Люкс,6,1,"[{'single': 2, 'double': 1, 'sofa': 1}]",[],"[{'id': 754465, 'force_prepayment': 0, 'details': [{'day': '12.05.2025', 'base_price': 11000, 'price': 11000, 'discount': 0, 'deal_id': 0, 'deal_ids': [], 'deals': []}], 'capacity': 1, 'prepayment': 'FULL', 'nonrefundable': 0, 'cancellation_period': 0, 'cancellation_fee': 'NO', 'breakfast': 0, 'base_price': 11000, 'prices': [11000], 'price': 11000, 'old_price': 11000, 'currency': 'RUB', 'payment_amount': 11000, 'extras_variants': [], 'extras': [], 'rate_id': 11129, 'deals': [], 'cancellation_type': 'free', 'credit_card': 1, 'bonus': 2200, 'miles': 880, 'min_stay': 1, 'mircashback': 1100}, {'id': 754466, 'force_prepayment': 0, 'details': [{'day': '12.05.2025', 'base_price': 11000, 'price': 11000, 'discount': 0, 'deal_id': 0, 'deal_ids': [], 'deals': []}], 'capacity': 2, 'prepayment': 'FULL', 'nonrefundable': 0, 'cancellation_period': 0, 'cancellation_fee': 'NO', 'breakfast': 0, 'base_price': 11000, 'prices': [11000], 'price': 11000, 'old_price': 11000, 'currency': 'RUB', 'payment_amount': 11000, 'extras_variants': [], 'extras': [], 'rate_id': 11129, 'deals': [], 'cancellation_type': 'free', 'credit_card': 1, 'bonus': 2200, 'miles': 880, 'min_stay': 1, 'mircashback': 1100}, {'id': 754467, 'force_prepayment': 0, 'details': [{'day': '12.05.2025', 'base_price': 11000, 'price': 11000, 'discount': 0, 'deal_id': 0, 'deal_ids': [], 'deals': []}], 'capacity': 3, 'prepayment': 'FULL', 'nonrefundable': 0, 'cancellation_period': 0, 'cancellation_fee': 'NO', 'breakfast': 0, 'base_price': 11000, 'prices': [11000], 'price': 11000, 'old_price': 11000, 'currency': 'RUB', 'payment_amount': 11000, 'extras_variants': [], 'extras': [], 'rate_id': 11129, 'deals': [], 'cancellation_type': 'free', 'credit_card': 1, 'bonus': 2200, 'miles': 880, 'min_stay': 1, 'mircashback': 1100}, {'id': 754468, 'force_prepayment': 0, 'details': [{'day': '12.05.2025', 'base_price': 11000, 'price': 11000, 'discount': 0, 'deal_id': 0, 'deal_ids': [], 'deals': []}], 'capacity': 4, 'prepayment': 'FULL', 'nonrefundable': 0, 'cancellation_period': 0, 'cancellation_fee': 'NO', 'breakfast': 0, 'base_price': 11000, 'prices': [11000], 'price': 11000, 'old_price': 11000, 'currency': 'RUB', 'payment_amount': 11000, 'extras_variants': [], 'extras': [], 'rate_id': 11129, 'deals': [], 'cancellation_type': 'free', 'credit_card': 1, 'bonus': 2200, 'miles': 880, 'min_stay': 1, 'mircashback': 1100}]",11000.0,880,653555_101hotels,2025-05-12
2292000,,"Предгорье ""Стандарт""",2,0,0,1,Двухместный,2,3,"[{'single': 2}, {'double': 1}]",[],"[{'id': 972916, 'force_prepayment': 0, 'details': [{'day': '12.05.2025', 'base_price': 4500, 'price': 4500, 'discount': 0, 'deal_id': 0, 'deal_ids': [], 'deals': []}], 'capacity': 1, 'prepayment': 'FULL', 'nonrefundable': 0, 'cancellation_period': 0, 'cancellation_fee': 'NO', 'breakfast': 0, 'base_price': 4500, 'prices': [4500], 'price': 4500, 'old_price': 4500, 'currency': 'RUB', 'payment_amount': 4500, 'extras_variants': [], 'extras': [], 'rate_id': 11129, 'deals': [], 'cancellation_type': 'free', 'credit_card': 1, 'bonus': 900, 'miles': 360, 'min_stay': 1, 'mircashback': 450}, {'id': 972917, 'force_prepayment': 0, 'details': [{'day': '12.05.2025', 'base_price': 4500, 'price': 4500, 'discount': 0, 'deal_id': 0, 'deal_ids': [], 'deals': []}], 'capacity': 2, 'prepayment': 'FULL', 'nonrefundable': 0, 'cancellation_period': 0, 'cancellation_fee': 'NO', 'breakfast': 0, 'base_price': 4500, 'prices': [4500], 'price': 4500, 'old_price': 4500, 'currency': 'RUB', 'payment_amount': 4500, 'extras_variants': [], 'extras': [], 'rate_id': 11129, 'deals': [], 'cancellation_type': 'free', 'credit_card': 1, 'bonus': 900, 'miles': 360, 'min_stay': 1, 'mircashback': 450}]",4500.0,360,653555_101hotels,2025-05-12
2292001,,"Семейный ""Предгорье""",2,2,0,1,Трёхместный и более,3,5,"[{'double': 1, 'sofa': 1}, {'single': 2, 'sofa': 1}]",[],"[{'id': 972918, 'force_prepayment': 0, 'details': [{'day': '12.05.2025', 'base_price': 6500, 'price': 6500, 'discount': 0, 'deal_id': 0, 'deal_ids': [], 'deals': []}], 'capacity': 1, 'prepayment': 'FULL', 'nonrefundable': 0, 'cancellation_period': 0, 'cancellation_fee': 'NO', 'breakfast': 0, 'base_price': 6500, 'prices': [6500], 'price': 6500, 'old_price': 6500, 'currency': 'RUB', 'payment_amount': 6500, 'extras_variants': [], 'extras': [], 'rate_id': 11129, 'deals': [], 'cancellation_type': 'free', 'credit_card': 1, 'bonus': 1300, 'miles': 520, 'min_stay': 1, 'mircashback': 650}, {'id': 972919, 'force_prepayment': 0, 'details': [{'day': '12.05.2025', 'base_price': 6500, 'price': 6500, 'discount': 0, 'deal_id': 0, 'deal_ids': [], 'deals': []}], 'capacity': 2, 'prepayment': 'FULL', 'nonrefundable': 0, 'cancellation_period': 0, 'cancellation_fee': 'NO', 'breakfast': 0, 'base_price': 6500, 'prices': [6500], 'price': 6500, 'old_price': 6500, 'currency': 'RUB', 'payment_amount': 6500, 'extras_variants': [], 'extras': [], 'rate_id': 11129, 'deals': [], 'cancellation_type': 'free', 'credit_card': 1, 'bonus': 1300, 'miles': 520, 'min_stay': 1, 'mircashback': 650}]",6500.0,520,653555_101hotels,2025-05-12
2292002,,"Семейный Плюс ""Предгорье""",4,0,0,1,Коттедж,15,1,"[{'single': 2, 'double': 1}]",[],"[{'id': 972920, 'force_prepayment': 0, 'details': [{'day': '12.05.2025', 'base_price': 10000, 'price': 10000, 'discount': 0, 'deal_id': 0, 'deal_ids': [], 'deals': []}], 'capacity': 1, 'prepayment': 'FULL', 'nonrefundable': 0, 'cancellation_period': 0, 'cancellation_fee': 'NO', 'breakfast': 0, 'base_price': 10000, 'prices': [10000], 'price': 10000, 'old_price': 10000, 'currency': 'RUB', 'payment_amount': 10000, 'extras_variants': [], 'extras': [], 'rate_id': 11129, 'deals': [], 'cancellation_type': 'free', 'credit_card': 1, 'bonus': 2000, 'miles': 800, 'min_stay': 1, 'mircashback': 1000}, {'id': 972921, 'force_prepayment': 0, 'details': [{'day': '12.05.2025', 'base_price': 10000, 'price': 10000, 'discount': 0, 'deal_id': 0, 'deal_ids': [], 'deals': []}], 'capacity': 2, 'prepayment': 'FULL', 'nonrefundable': 0, 'cancellation_period': 0, 'cancellation_fee': 'NO', 'breakfast': 0, 'base_price': 10000, 'prices': [10000], 'price': 10000, 'old_price': 10000, 'currency': 'RUB', 'payment_amount': 10000, 'extras_variants': [], 'extras': [], 'rate_id': 11129, 'deals': [], 'cancellation_type': 'free', 'credit_card': 1, 'bonus': 2000, 'miles': 800, 'min_stay': 1, 'mircashback': 1000}, {'id': 972922, 'force_prepayment': 0, 'details': [{'day': '12.05.2025', 'base_price': 10000, 'price': 10000, 'discount': 0, 'deal_id': 0, 'deal_ids': [], 'deals': []}], 'capacity': 3, 'prepayment': 'FULL', 'nonrefundable': 0, 'cancellation_period': 0, 'cancellation_fee': 'NO', 'breakfast': 0, 'base_price': 10000, 'prices': [10000], 'price': 10000, 'old_price': 10000, 'currency': 'RUB', 'payment_amount': 10000, 'extras_variants': [], 'extras': [], 'rate_id': 11129, 'deals': [], 'cancellation_type': 'free', 'credit_card': 1, 'bonus': 2000, 'miles': 800, 'min_stay': 1, 'mircashback': 1000}, {'id': 972923, 'force_prepayment': 0, 'details': [{'day': '12.05.2025', 'base_price': 10000, 'price': 10000, 'discount': 0, 'deal_id': 0, 'deal_ids': [], 'deals': []}], 'capacity': 4, 'prepayment': 'FULL', 'nonrefundable': 0, 'cancellation_period': 0, 'cancellation_fee': 'NO', 'breakfast': 0, 'base_price': 10000, 'prices': [10000], 'price': 10000, 'old_price': 10000, 'currency': 'RUB', 'payment_amount': 10000, 'extras_variants': [], 'extras': [], 'rate_id': 11129, 'deals': [], 'cancellation_type': 'free', 'credit_card': 1, 'bonus': 2000, 'miles': 800, 'min_stay': 1, 'mircashback': 1000}]",10000.0,800,653555_101hotels,2025-05-12
2271073,,Весь дом,11,0,0,0,Коттедж,15,1,"[{'double': 3, 'single': 5}]",[],"[{'id': 764629, 'force_prepayment': 0, 'details': [{'day': '12.05.2025', 'base_price': 19550, 'price': 19550, 'discount': 0, 'deal_id': 0, 'deal_ids': [], 'deals': []}], 'capacity': 1, 'prepayment': 'FULL', 'nonrefundable': 0, 'cancellation_period': 0, 'cancellation_fee': 'NO', 'breakfast': 0, 'base_price': 19550, 'prices': [19550], 'price': 19550, 'old_price': 19550, 'currency': 'RUB', 'payment_amount': 19550, 'extras_variants': [], 'extras': [], 'rate_id': 33707, 'deals': [], 'cancellation_type': 'free', 'credit_card': 1, 'bonus': 3910, 'miles': 1564, 'min_stay': 1, 'mircashback': 1955}, {'id': 764630, 'force_prepayment': 0, 'details': [{'day': '12.05.2025', 'base_price': 19550, 'price': 19550, 'discount': 0, 'deal_id': 0, 'deal_ids': [], 'deals': []}], 'capacity': 2, 'prepayment': 'FULL', 'nonrefundable': 0, 'cancellation_period': 0, 'cancellation_fee': 'NO', 'breakfast': 0, 'base_price': 19550, 'prices': [19550], 'price': 19550, 'old_price': 19550, 'currency': 'RUB', 'payment_amount': 19550, 'extras_variants': [], 'extras': [], 'rate_id': 33707, 'deals': [], 'cancellation_type': 'free', 'credit_card': 1, 'bonus': 3910, 'miles': 1564, 'min_stay': 1, 'mircashback': 1955}, {'id': 764631, 'force_prepayment': 0, 'details': [{'day': '12.05.2025', 'base_price': 19550, 'price': 19550, 'discount': 0, 'deal_id': 0, 'deal_ids': [], 'deals': []}], 'capacity': 3, 'prepayment': 'FULL', 'nonrefundable': 0, 'cancellation_period': 0, 'cancellation_fee': 'NO', 'breakfast': 0, 'base_price': 19550, 'prices': [19550], 'price': 19550, 'old_price': 19550, 'currency': 'RUB', 'payment_amount': 19550, 'extras_variants': [], 'extras': [], 'rate_id': 33707, 'deals': [], 'cancellation_type': 'free', 'credit_card': 1, 'bonus': 3910, 'miles': 1564, 'min_stay': 1, 'mircashback': 1955}, {'id': 764632, 'force_prepayment': 0, 'details': [{'day': '12.05.2025', 'base_price': 19550, 'price': 19550, 'discount': 0, 'deal_id': 0, 'deal_ids': [], 'deals': []}], 'capacity': 4, 'prepayment': 'FULL', 'nonrefundable': 0, 'cancellation_period': 0, 'cancellation_fee': 'NO', 'breakfast': 0, 'base_price': 19550, 'prices': [19550], 'price': 19550, 'old_price': 19550, 'currency': 'RUB', 'payment_amount': 19550, 'extras_variants': [], 'extras': [], 'rate_id': 33707, 'deals': [], 'cancellation_type': 'free', 'credit_card': 1, 'bonus': 3910, 'miles': 1564, 'min_stay': 1, 'mircashback': 1955}, {'id': 764633, 'force_prepayment': 0, 'details': [{'day': '12.05.2025', 'base_price': 19550, 'price': 19550, 'discount': 0, 'deal_id': 0, 'deal_ids': [], 'deals': []}], 'capacity': 5, 'prepayment': 'FULL', 'nonrefundable': 0, 'cancellation_period': 0, 'cancellation_fee': 'NO', 'breakfast': 0, 'base_price': 19550, 'prices': [19550], 'price': 19550, 'old_price': 19550, 'currency': 'RUB', 'payment_amount': 19550, 'extras_variants': [], 'extras': [], 'rate_id': 33707, 'deals': [], 'cancellation_type': 'free', 'credit_card': 1, 'bonus': 3910, 'miles': 1564, 'min_stay': 1, 'mircashback': 1955}, {'id': 764634, 'force_prepayment': 0, 'details': [{'day': '12.05.2025', 'base_price': 19550, 'price': 19550, 'discount': 0, 'deal_id': 0, 'deal_ids': [], 'deals': []}], 'capacity': 6, 'prepayment': 'FULL', 'nonrefundable': 0, 'cancellation_period': 0, 'cancellation_fee': 'NO', 'breakfast': 0, 'base_price': 19550, 'prices': [19550], 'price': 19550, 'old_price': 19550, 'currency': 'RUB', 'payment_amount': 19550, 'extras_variants': [], 'extras': [], 'rate_id': 33707, 'deals': [], 'cancellation_type': 'free', 'credit_card': 1, 'bonus': 3910, 'miles': 1564, 'min_stay': 1, 'mircashback': 1955}, {'id': 764635, 'force_prepayment': 0, 'details': [{'day': '12.05.2025', 'base_price': 19550, 'price': 19550, 'discount': 0, 'deal_id': 0, 'deal_ids': [], 'deals': []}], 'capacity': 7, 'prepayment': 'FULL', 'nonrefundable': 0, 'cancellation_period': 0, 'cancellation_fee': 'NO', 'breakfast': 0, 'base_price': 19550, 'prices': [19550], 'price': 19550, 'old_price': 19550, 'currency': 'RUB', 'payment_amount': 19550, 'extras_variants': [], 'extras': [], 'rate_id': 33707, 'deals': [], 'cancellation_type': 'free', 'credit_card': 1, 'bonus': 3910, 'miles': 1564, 'min_stay': 1, 'mircashback': 1955}, {'id': 764636, 'force_prepayment': 0, 'details': [{'day': '12.05.2025', 'base_price': 19550, 'price': 19550, 'discount': 0, 'deal_id': 0, 'deal_ids': [], 'deals': []}], 'capacity': 8, 'prepayment': 'FULL', 'nonrefundable': 0, 'cancellation_period': 0, 'cancellation_fee': 'NO', 'breakfast': 0, 'base_price': 19550, 'prices': [19550], 'price': 19550, 'old_price': 19550, 'currency': 'RUB', 'payment_amount': 19550, 'extras_variants': [], 'extras': [], 'rate_id': 33707, 'deals': [], 'cancellation_type': 'free', 'credit_card': 1, 'bonus': 3910, 'miles': 1564, 'min_stay': 1, 'mircashback': 1955}, {'id': 764637, 'force_prepayment': 0, 'details': [{'day': '12.05.2025', 'base_price': 19550, 'price': 19550, 'discount': 0, 'deal_id': 0, 'deal_ids': [], 'deals': []}], 'capacity': 9, 'prepayment': 'FULL', 'nonrefundable': 0, 'cancellation_period': 0, 'cancellation_fee': 'NO', 'breakfast': 0, 'base_price': 19550, 'prices': [19550], 'price': 19550, 'old_price': 19550, 'currency': 'RUB', 'payment_amount': 19550, 'extras_variants': [], 'extras': [], 'rate_id': 33707, 'deals': [], 'cancellation_type': 'free', 'credit_card': 1, 'bonus': 3910, 'miles': 1564, 'min_stay': 1, 'mircashback': 1955}, {'id': 764638, 'force_prepayment': 0, 'details': [{'day': '12.05.2025', 'base_price': 19550, 'price': 19550, 'discount': 0, 'deal_id': 0, 'deal_ids': [], 'deals': []}], 'capacity': 10, 'prepayment': 'FULL', 'nonrefundable': 0, 'cancellation_period': 0, 'cancellation_fee': 'NO', 'breakfast': 0, 'base_price': 19550, 'prices': [19550], 'price': 19550, 'old_price': 19550, 'currency': 'RUB', 'payment_amount': 19550, 'extras_variants': [], 'extras': [], 'rate_id': 33707, 'deals': [], 'cancellation_type': 'free', 'credit_card': 1, 'bonus': 3910, 'miles': 1564, 'min_stay': 1, 'mircashback': 1955}, {'id': 764639, 'force_prepayment': 0, 'details': [{'day': '12.05.2025', 'base_price': 19550, 'price': 19550, 'discount': 0, 'deal_id': 0, 'deal_ids': [], 'deals': []}], 'capacity': 11, 'prepayment': 'FULL', 'nonrefundable': 0, 'cancellation_period': 0, 'cancellation_fee': 'NO', 'breakfast': 0, 'base_price': 19550, 'prices': [19550], 'price': 19550, 'old_price': 19550, 'currency': 'RUB', 'payment_amount': 19550, 'extras_variants': [], 'extras': [], 'rate_id': 33707, 'deals': [], 'cancellation_type': 'free', 'credit_card': 1, 'bonus': 3910, 'miles': 1564, 'min_stay': 1, 'mircashback': 1955}]",19550.0,1564,665248_101hotels,2025-05-12
2282161,,Семейный на берегу Байкала,3,1,0,1,Люкс,6,1,"[{'double': 1, 'sofa': 1}]",[],"[{'id': 873973, 'force_prepayment': 0, 'details': [{'day': '12.05.2025', 'base_price': 8050, 'price': 8050, 'discount': 0, 'deal_id': 0, 'deal_ids': [], 'deals': []}], 'capacity': 1, 'prepayment': 'FULL', 'nonrefundable': 0, 'cancellation_period': 0, 'cancellation_fee': 'NO', 'breakfast': 0, 'base_price': 8050, 'prices': [8050], 'price': 8050, 'old_price': 8050, 'currency': 'RUB', 'payment_amount': 8050, 'extras_variants': [], 'extras': [], 'rate_id': 33707, 'deals': [], 'cancellation_type': 'free', 'credit_card': 1, 'bonus': 1610, 'miles': 644, 'min_stay': 1, 'mircashback': 805}, {'id': 873974, 'force_prepayment': 0, 'details': [{'day': '12.05.2025', 'base_price': 8050, 'price': 8050, 'discount': 0, 'deal_id': 0, 'deal_ids': [], 'deals': []}], 'capacity': 2, 'prepayment': 'FULL', 'nonrefundable': 0, 'cancellation_period': 0, 'cancellation_fee': 'NO', 'breakfast': 0, 'base_price': 8050, 'prices': [8050], 'price': 8050, 'old_price': 8050, 'currency': 'RUB', 'payment_amount': 8050, 'extras_variants': [], 'extras': [], 'rate_id': 33707, 'deals': [], 'cancellation_type': 'free', 'credit_card': 1, 'bonus': 1610, 'miles': 644, 'min_stay': 1, 'mircashback': 805}, {'id': 873975, 'force_prepayment': 0, 'details': [{'day': '12.05.2025', 'base_price': 8050, 'price': 8050, 'discount': 0, 'deal_id': 0, 'deal_ids': [], 'deals': []}], 'capacity': 3, 'prepayment': 'FULL', 'nonrefundable': 0, 'cancellation_period': 0, 'cancellation_fee': 'NO', 'breakfast': 0, 'base_price': 8050, 'prices': [8050], 'price': 8050, 'old_price': 8050, 'currency': 'RUB', 'payment_amount': 8050, 'extras_variants': [], 'extras': [], 'rate_id': 33707, 'deals': [], 'cancellation_type': 'free', 'credit_card': 1, 'bonus': 1610, 'miles': 644, 'min_stay': 1, 'mircashback': 805}]",8050.0,644,665248_101hotels,2025-05-12
2238078,,Стандарт,2,1,0,1,Двухместный,2,4,"[{'single': 2}, {'single': 2}, {'single': 1}, {'single': 1}]",[],"[{'id': 451508, 'force_prepayment': 0, 'capacity': 1, 'prepayment': 'FIRST', 'nonrefundable': 0, 'cancellation_period': 1, 'cancellation_fee': 'FIRST', 'breakfast': 1, 'base_price': 3500, 'prices': [3500], 'price': 3500, 'old_price': 3500, 'currency': 'RUB', 'payment_amount': 3500, 'extras_variants': [], 'extras': [], 'rate_id': 11059, 'deals': [], 'cancellation_type': 'special', 'credit_card': 1, 'bonus': 700, 'miles': 280, 'min_stay': 1, 'mircashback': 350}, {'id': 451509, 'force_prepayment': 0, 'capacity': 2, 'prepayment': 'FIRST', 'nonrefundable': 0, 'cancellation_period': 1, 'cancellation_fee': 'FIRST', 'breakfast': 1, 'base_price': 3500, 'prices': [3500], 'price': 3500, 'old_price': 3500, 'currency': 'RUB', 'payment_amount': 3500, 'extras_variants': [], 'extras': [], 'rate_id': 11059, 'deals': [], 'cancellation_type': 'special', 'credit_card': 1, 'bonus': 700, 'miles': 280, 'min_stay': 1, 'mircashback': 350}]",3500.0,280,655338_101hotels,2025-05-12
2238892,,С видом на Байкал,4,0,0,0,Семейный,44,1,"[{'double': 1, 'sofa': 1}]",[],"[{'id': 456706, 'force_prepayment': 0, 'capacity': 1, 'prepayment': 'FIRST', 'nonrefundable': 0, 'cancellation_period': 1, 'cancellation_fee': 'FIRST', 'breakfast': 1, 'base_price': 7000, 'prices': [7000], 'price': 7000, 'old_price': 7000, 'currency': 'RUB', 'payment_amount': 7000, 'extras_variants': [], 'extras': [], 'rate_id': 11059, 'deals': [], 'cancellation_type': 'special', 'credit_card': 1, 'bonus': 1400, 'miles': 560, 'min_stay': 1, 'mircashback': 700}, {'id': 456707, 'force_prepayment': 0, 'capacity': 2, 'prepayment': 'FIRST', 'nonrefundable': 0, 'cancellation_period': 1, 'cancellation_fee': 'FIRST', 'breakfast': 1, 'base_price': 7000, 'prices': [7000], 'price': 7000, 'old_price': 7000, 'currency': 'RUB', 'payment_amount': 7000, 'extras_variants': [], 'extras': [], 'rate_id': 11059, 'deals': [], 'cancellation_type': 'special', 'credit_card': 1, 'bonus': 1400, 'miles': 560, 'min_stay': 1, 'mircashback': 700}, {'id': 456708, 'force_prepayment': 0, 'capacity': 3, 'prepayment': 'FIRST', 'nonrefundable': 0, 'cancellation_period': 1, 'cancellation_fee': 'FIRST', 'breakfast': 1, 'base_price': 7000, 'prices': [7000], 'price': 7000, 'old_price': 7000, 'currency': 'RUB', 'payment_amount': 7000, 'extras_variants': [], 'extras': [], 'rate_id': 11059, 'deals': [], 'cancellation_type': 'special', 'credit_card': 1, 'bonus': 1400, 'miles': 560, 'min_stay': 1, 'mircashback': 700}, {'id': 456709, 'force_prepayment': 0, 'capacity': 4, 'prepayment': 'FIRST', 'nonrefundable': 0, 'cancellation_period': 1, 'cancellation_fee': 'FIRST', 'breakfast': 1, 'base_price': 7000, 'prices': [7000], 'price': 7000, 'old_price': 7000, 'currency': 'RUB', 'payment_amount': 7000, 'extras_variants': [], 'extras': [], 'rate_id': 11059, 'deals': [], 'cancellation_type': 'special', 'credit_card': 1, 'bonus': 1400, 'miles': 560, 'min_stay': 1, 'mircashback': 700}]",7000.0,560,655338_101hotels,2025-05-12
2241469,,Стандартный с видом на Байкал,2,1,0,1,Двухместный,2,2,[{'single': 2}],[],"[{'id': 476097, 'force_prepayment': 0, 'capacity': 1, 'prepayment': 'FIRST', 'nonrefundable': 0, 'cancellation_period': 1, 'cancellation_fee': 'FIRST', 'breakfast': 1, 'base_price': 4000, 'prices': [4000], 'price': 4000, 'old_price': 4000, 'currency': 'RUB', 'payment_amount': 4000, 'extras_variants': [], 'extras': [], 'rate_id': 11059, 'deals': [], 'cancellation_type': 'special', 'credit_card': 1, 'bonus': 800, 'miles': 320, 'min_stay': 1, 'mircashback': 400}, {'id': 476098, 'force_prepayment': 0, 'capacity': 2, 'prepayment': 'FIRST', 'nonrefundable': 0, 'cancellation_period': 1, 'cancellation_fee': 'FIRST', 'breakfast': 1, 'base_price': 4000, 'prices': [4000], 'price': 4000, 'old_price': 4000, 'currency': 'RUB', 'payment_amount': 4000, 'extras_variants': [], 'extras': [], 'rate_id': 11059, 'deals': [], 'cancellation_type': 'special', 'credit_card': 1, 'bonus': 800, 'miles': 320, 'min_stay': 1, 'mircashback': 400}]",4000.0,320,655338_101hotels,2025-05-12
2251982,,Стандарт,2,0,0,1,Двухместный,2,1,[{'double': 1}],[],"[{'id': 608481, 'force_prepayment': 0, 'capacity': 1, 'prepayment': 'FULL', 'nonrefundable': 0, 'cancellation_period': 1, 'cancellation_fee': 'FIRST', 'breakfast': 0, 'base_price': 5190, 'prices': [5190], 'price': 5190, 'old_price': 5190, 'currency': 'RUB', 'payment_amount': 5190, 'extras_variants': [], 'extras': [], 'rate_id': 21859, 'deals': [], 'cancellation_type': 'special', 'credit_card': 1, 'bonus': 1038, 'miles': 412, 'min_stay': 1, 'mircashback': 519}, {'id': 965382, 'force_prepayment': 1, 'capacity': 1, 'prepayment': 'NO', 'nonrefundable': 0, 'cancellation_period': 0, 'cancellation_fee': 'NO', 'breakfast': 1, 'base_price': 6040, 'prices': [6040], 'price': 6040, 'old_price': 6040, 'currency': 'RUB', 'payment_amount': 0, 'extras_variants': [], 'extras': [], 'rate_id': 45406, 'deals': [], 'cancellation_type': 'free', 'credit_card': 0, 'bonus': 1208, 'miles': 480, 'min_stay': 1, 'mircashback': 604}, {'id': 965392, 'force_prepayment': 1, 'capacity': 1, 'prepayment': 'NO', 'nonrefundable': 0, 'cancellation_period': 0, 'cancellation_fee': 'NO', 'breakfast': 9, 'base_price': 6190, 'prices': [6190], 'price': 6190, 'old_price': 6190, 'currency': 'RUB', 'payment_amount': 0, 'extras_variants': [], 'extras': [], 'rate_id': 45407, 'deals': [], 'cancellation_type': 'free', 'credit_card': 0, 'bonus': 1238, 'miles': 492, 'min_stay': 1, 'mircashback': 619}, {'id': 608511, 'force_prepayment': 0, 'capacity': 2, 'prepayment': 'FULL', 'nonrefundable': 0, 'cancellation_period': 1, 'cancellation_fee': 'FIRST', 'breakfast': 0, 'base_price': 5190, 'prices': [5190], 'price': 5190, 'old_price': 5190, 'currency': 'RUB', 'payment_amount': 5190, 'extras_variants': [], 'extras': [], 'rate_id': 21859, 'deals': [], 'cancellation_type': 'special', 'credit_card': 1, 'bonus': 1038, 'miles': 412, 'min_stay': 1, 'mircashback': 519}, {'id': 965383, 'force_prepayment': 1, 'capacity': 2, 'prepayment': 'NO', 'nonrefundable': 0, 'cancellation_period': 0, 'cancellation_fee': 'NO', 'breakfast': 1, 'base_price': 6890, 'prices': [6890], 'price': 6890, 'old_price': 6890, 'currency': 'RUB', 'payment_amount': 0, 'extras_variants': [], 'extras': [], 'rate_id': 45406, 'deals': [], 'cancellation_type': 'free', 'credit_card': 0, 'bonus': 1378, 'miles': 548, 'min_stay': 1, 'mircashback': 689}, {'id': 965393, 'force_prepayment': 1, 'capacity': 2, 'prepayment': 'NO', 'nonrefundable': 0, 'cancellation_period': 0, 'cancellation_fee': 'NO', 'breakfast': 9, 'base_price': 7290, 'prices': [7290], 'price': 7290, 'old_price': 7290, 'currency': 'RUB', 'payment_amount': 0, 'extras_variants': [], 'extras': [], 'rate_id': 45407, 'deals': [], 'cancellation_type': 'free', 'credit_card': 0, 'bonus': 1458, 'miles': 580, 'min_stay': 1, 'mircashback': 729}, {'id': '965382P', 'force_prepayment': 1, 'capacity': 1, 'prepayment': 'FULL', 'nonrefundable': 0, 'cancellation_period': 0, 'cancellation_fee': 'NO', 'breakfast': 1, 'base_price': 6040, 'prices': [6040], 'price': 6040, 'old_price': 6040, 'currency': 'RUB', 'payment_amount': 6040, 'extras_variants': [], 'extras': [], 'rate_id': 45406, 'deals': [], 'cancellation_type': 'free', 'credit_card': 0, 'bonus': 1208, 'miles': 480, 'min_stay': 1, 'mircashback': 604}, {'id': '965392P', 'force_prepayment': 1, 'capacity': 1, 'prepayment': 'FULL', 'nonrefundable': 0, 'cancellation_period': 0, 'cancellation_fee': 'NO', 'breakfast': 9, 'base_price': 6190, 'prices': [6190], 'price': 6190, 'old_price': 6190, 'currency': 'RUB', 'payment_amount': 6190, 'extras_variants': [], 'extras': [], 'rate_id': 45407, 'deals': [], 'cancellation_type': 'free', 'credit_card': 0, 'bonus': 1238, 'miles': 492, 'min_stay': 1, 'mircashback': 619}, {'id': '965383P', 'force_prepayment': 1, 'capacity': 2, 'prepayment': 'FULL', 'nonrefundable': 0, 'cancellation_period': 0, 'cancellation_fee': 'NO', 'breakfast': 1, 'base_price': 6890, 'prices': [6890], 'price': 6890, 'old_price': 6890, 'currency': 'RUB', 'payment_amount': 6890, 'extras_variants': [], 'extras': [], 'rate_id': 45406, 'deals': [], 'cancellation_type': 'free', 'credit_card': 0, 'bonus': 1378, 'miles': 548, 'min_stay': 1, 'mircashback': 689}, {'id': '965393P', 'force_prepayment': 1, 'capacity': 2, 'prepayment': 'FULL', 'nonrefundable': 0, 'cancellation_period': 0, 'cancellation_fee': 'NO', 'breakfast': 9, 'base_price': 7290, 'prices': [7290], 'price': 7290, 'old_price': 7290, 'currency': 'RUB', 'payment_amount': 7290, 'extras_variants': [], 'extras': [], 'rate_id': 45407, 'deals': [], 'cancellation_type': 'free', 'credit_card': 0, 'bonus': 1458, 'miles': 580, 'min_stay': 1, 'mircashback': 729}]",5190.0,412,658332_101hotels,2025-05-12
2251983,,Улучшенный,2,0,0,1,Двухместный,2,1,[{'double': 1}],[],"[{'id': 608482, 'force_prepayment': 0, 'capacity': 1, 'prepayment': 'FULL', 'nonrefundable': 0, 'cancellation_period': 1, 'cancellation_fee': 'FIRST', 'breakfast': 0, 'base_price': 5790, 'prices': [5790], 'price': 5790, 'old_price': 5790, 'currency': 'RUB', 'payment_amount': 5790, 'extras_variants': [], 'extras': [], 'rate_id': 21859, 'deals': [], 'cancellation_type': 'special', 'credit_card': 1, 'bonus': 1158, 'miles': 460, 'min_stay': 1, 'mircashback': 579}, {'id': 965384, 'force_prepayment': 1, 'capacity': 1, 'prepayment': 'NO', 'nonrefundable': 0, 'cancellation_period': 0, 'cancellation_fee': 'NO', 'breakfast': 1, 'base_price': 6640, 'prices': [6640], 'price': 6640, 'old_price': 6640, 'currency': 'RUB', 'payment_amount': 0, 'extras_variants': [], 'extras': [], 'rate_id': 45406, 'deals': [], 'cancellation_type': 'free', 'credit_card': 0, 'bonus': 1328, 'miles': 528, 'min_stay': 1, 'mircashback': 664}, {'id': 965394, 'force_prepayment': 1, 'capacity': 1, 'prepayment': 'NO', 'nonrefundable': 0, 'cancellation_period': 0, 'cancellation_fee': 'NO', 'breakfast': 9, 'base_price': 6790, 'prices': [6790], 'price': 6790, 'old_price': 6790, 'currency': 'RUB', 'payment_amount': 0, 'extras_variants': [], 'extras': [], 'rate_id': 45407, 'deals': [], 'cancellation_type': 'free', 'credit_card': 0, 'bonus': 1358, 'miles': 540, 'min_stay': 1, 'mircashback': 679}, {'id': 608512, 'force_prepayment': 0, 'capacity': 2, 'prepayment': 'FULL', 'nonrefundable': 0, 'cancellation_period': 1, 'cancellation_fee': 'FIRST', 'breakfast': 0, 'base_price': 5490, 'prices': [5490], 'price': 5490, 'old_price': 5490, 'currency': 'RUB', 'payment_amount': 5490, 'extras_variants': [], 'extras': [], 'rate_id': 21859, 'deals': [], 'cancellation_type': 'special', 'credit_card': 1, 'bonus': 1098, 'miles': 436, 'min_stay': 1, 'mircashback': 549}, {'id': 965385, 'force_prepayment': 1, 'capacity': 2, 'prepayment': 'NO', 'nonrefundable': 0, 'cancellation_period': 0, 'cancellation_fee': 'NO', 'breakfast': 1, 'base_price': 7490, 'prices': [7490], 'price': 7490, 'old_price': 7490, 'currency': 'RUB', 'payment_amount': 0, 'extras_variants': [], 'extras': [], 'rate_id': 45406, 'deals': [], 'cancellation_type': 'free', 'credit_card': 0, 'bonus': 1498, 'miles': 596, 'min_stay': 1, 'mircashback': 749}, {'id': 965395, 'force_prepayment': 1, 'capacity': 2, 'prepayment': 'NO', 'nonrefundable': 0, 'cancellation_period': 0, 'cancellation_fee': 'NO', 'breakfast': 9, 'base_price': 7790, 'prices': [7790], 'price': 7790, 'old_price': 7790, 'currency': 'RUB', 'payment_amount': 0, 'extras_variants': [], 'extras': [], 'rate_id': 45407, 'deals': [], 'cancellation_type': 'free', 'credit_card': 0, 'bonus': 1558, 'miles': 620, 'min_stay': 1, 'mircashback': 779}, {'id': '965384P', 'force_prepayment': 1, 'capacity': 1, 'prepayment': 'FULL', 'nonrefundable': 0, 'cancellation_period': 0, 'cancellation_fee': 'NO', 'breakfast': 1, 'base_price': 6640, 'prices': [6640], 'price': 6640, 'old_price': 6640, 'currency': 'RUB', 'payment_amount': 6640, 'extras_variants': [], 'extras': [], 'rate_id': 45406, 'deals': [], 'cancellation_type': 'free', 'credit_card': 0, 'bonus': 1328, 'miles': 528, 'min_stay': 1, 'mircashback': 664}, {'id': '965394P', 'force_prepayment': 1, 'capacity': 1, 'prepayment': 'FULL', 'nonrefundable': 0, 'cancellation_period': 0, 'cancellation_fee': 'NO', 'breakfast': 9, 'base_price': 6790, 'prices': [6790], 'price': 6790, 'old_price': 6790, 'currency': 'RUB', 'payment_amount': 6790, 'extras_variants': [], 'extras': [], 'rate_id': 45407, 'deals': [], 'cancellation_type': 'free', 'credit_card': 0, 'bonus': 1358, 'miles': 540, 'min_stay': 1, 'mircashback': 679}, {'id': '965385P', 'force_prepayment': 1, 'capacity': 2, 'prepayment': 'FULL', 'nonrefundable': 0, 'cancellation_period': 0, 'cancellation_fee': 'NO', 'breakfast': 1, 'base_price': 7490, 'prices': [7490], 'price': 7490, 'old_price': 7490, 'currency': 'RUB', 'payment_amount': 7490, 'extras_variants': [], 'extras': [], 'rate_id': 45406, 'deals': [], 'cancellation_type': 'free', 'credit_card': 0, 'bonus': 1498, 'miles': 596, 'min_stay': 1, 'mircashback': 749}, {'id': '965395P', 'force_prepayment': 1, 'capacity': 2, 'prepayment': 'FULL', 'nonrefundable': 0, 'cancellation_period': 0, 'cancellation_fee': 'NO', 'breakfast': 9, 'base_price': 7790, 'prices': [7790], 'price': 7790, 'old_price': 7790, 'currency': 'RUB', 'payment_amount': 7790, 'extras_variants': [], 'extras': [], 'rate_id': 45407, 'deals': [], 'cancellation_type': 'free', 'credit_card': 0, 'bonus': 1558, 'miles': 620, 'min_stay': 1, 'mircashback': 779}]",5490.0,436,658332_101hotels,2025-05-12
2255148,,Номер «Стандарт +»,1,0,0,0,Одноместный,1,1,[{'single': 1}],[],"[{'id': 645872, 'force_prepayment': 0, 'capacity': 1, 'prepayment': 'FULL', 'nonrefundable': 0, 'cancellation_period': 3, 'cancellation_fee': 'FIRST', 'breakfast': 0, 'base_price': 1700, 'prices': [1700], 'price': 1700, 'old_price': 1700, 'currency': 'RUB', 'payment_amount': 1700, 'extras_variants': [], 'extras': [], 'rate_id': 24566, 'deals': [], 'cancellation_type': 'special', 'credit_card': 1, 'bonus': 340, 'miles': 136, 'min_stay': 1, 'mircashback': 170}]",1700.0,136,659250_101hotels,2025-05-12
2255278,,Комфорт,1,0,0,1,Одноместный,1,5,[{'single': 1}],[],"[{'id': 645873, 'force_prepayment': 0, 'capacity': 1, 'prepayment': 'FULL', 'nonrefundable': 0, 'cancellation_period': 3, 'cancellation_fee': 'FIRST', 'breakfast': 0, 'base_price': 2700, 'prices': [2700], 'price': 2700, 'old_price': 2700, 'currency': 'RUB', 'payment_amount': 2700, 'extras_variants': [], 'extras': [], 'rate_id': 24566, 'deals': [], 'cancellation_type': 'special', 'credit_card': 1, 'bonus': 540, 'miles': 216, 'min_stay': 1, 'mircashback': 270}]",2700.0,216,659250_101hotels,2025-05-12
2255279,,Номер Комфорт +,2,0,0,1,Двухместный,2,1,[{'double': 1}],[],"[{'id': 645874, 'force_prepayment': 0, 'capacity': 1, 'prepayment': 'FULL', 'nonrefundable': 0, 'cancellation_period': 3, 'cancellation_fee': 'FIRST', 'breakfast': 0, 'base_price': 3500, 'prices': [3500], 'price': 3500, 'old_price': 3500, 'currency': 'RUB', 'payment_amount': 3500, 'extras_variants': [], 'extras': [], 'rate_id': 24566, 'deals': [], 'cancellation_type': 'special', 'credit_card': 1, 'bonus': 700, 'miles': 280, 'min_stay': 1, 'mircashback': 350}, {'id': 645875, 'force_prepayment': 0, 'capacity': 2, 'prepayment': 'FULL', 'nonrefundable': 0, 'cancellation_period': 3, 'cancellation_fee': 'FIRST', 'breakfast': 0, 'base_price': 3500, 'prices': [3500], 'price': 3500, 'old_price': 3500, 'currency': 'RUB', 'payment_amount': 3500, 'extras_variants': [], 'extras': [], 'rate_id': 24566, 'deals': [], 'cancellation_type': 'special', 'credit_card': 1, 'bonus': 700, 'miles': 280, 'min_stay': 1, 'mircashback': 350}]",3500.0,280,659250_101hotels,2025-05-12
2255280,,,2,0,0,1,Люкс,6,1,[{'double': 1}],[],"[{'id': 645876, 'force_prepayment': 0, 'capacity': 1, 'prepayment': 'FULL', 'nonrefundable': 0, 'cancellation_period': 3, 'cancellation_fee': 'FIRST', 'breakfast': 0, 'base_price': 5500, 'prices': [5500], 'price': 5500, 'old_price': 5500, 'currency': 'RUB', 'payment_amount': 5500, 'extras_variants': [], 'extras': [], 'rate_id': 24566, 'deals': [], 'cancellation_type': 'special', 'credit_card': 1, 'bonus': 1100, 'miles': 440, 'min_stay': 1, 'mircashback': 550}, {'id': 645877, 'force_prepayment': 0, 'capacity': 2, 'prepayment': 'FULL', 'nonrefundable': 0, 'cancellation_period': 3, 'cancellation_fee': 'FIRST', 'breakfast': 0, 'base_price': 5500, 'prices': [5500], 'price': 5500, 'old_price': 5500, 'currency': 'RUB', 'payment_amount': 5500, 'extras_variants': [], 'extras': [], 'rate_id': 24566, 'deals': [], 'cancellation_type': 'special', 'credit_card': 1, 'bonus': 1100, 'miles': 440, 'min_stay': 1, 'mircashback': 550}]",5500.0,440,659250_101hotels,2025-05-12
2255281,,Люкс,2,1,0,1,Семейный,44,1,"[{'double': 1, 'sofa': 1}]",[],"[{'id': 645878, 'force_prepayment': 0, 'capacity': 1, 'prepayment': 'FULL', 'nonrefundable': 0, 'cancellation_period': 3, 'cancellation_fee': 'FIRST', 'breakfast': 0, 'base_price': 6000, 'prices': [6000], 'price': 6000, 'old_price': 6000, 'currency': 'RUB', 'payment_amount': 6000, 'extras_variants': [], 'extras': [], 'rate_id': 24566, 'deals': [], 'cancellation_type': 'special', 'credit_card': 1, 'bonus': 1200, 'miles': 480, 'min_stay': 1, 'mircashback': 600}, {'id': 645879, 'force_prepayment': 0, 'capacity': 2, 'prepayment': 'FULL', 'nonrefundable': 0, 'cancellation_period': 3, 'cancellation_fee': 'FIRST', 'breakfast': 0, 'base_price': 6000, 'prices': [6000], 'price': 6000, 'old_price': 6000, 'currency': 'RUB', 'payment_amount': 6000, 'extras_variants': [], 'extras': [], 'rate_id': 24566, 'deals': [], 'cancellation_type': 'special', 'credit_card': 1, 'bonus': 1200, 'miles': 480, 'min_stay': 1, 'mircashback': 600}]",6000.0,480,659250_101hotels,2025-05-12
2255282,,Номер Эконом,4,0,1,0,Четырехместный,34,3,[{'2-tier': 2}],[],"[{'id': 645881, 'force_prepayment': 0, 'capacity': 1, 'prepayment': 'FULL', 'nonrefundable': 0, 'cancellation_period': 3, 'cancellation_fee': 'FIRST', 'breakfast': 0, 'base_price': 800, 'prices': [800], 'price': 800, 'old_price': 800, 'currency': 'RUB', 'payment_amount': 800, 'extras_variants': [], 'extras': [], 'rate_id': 24566, 'deals': [], 'cancellation_type': 'special', 'credit_card': 1, 'bonus': 160, 'miles': 64, 'min_stay': 1, 'mircashback': 80}]",800.0,64,659250_101hotels,2025-05-12
2255283,,Эконом Плюс,4,0,1,0,Четырехместный,34,16,[{'2-tier': 2}],[],"[{'id': 645882, 'force_prepayment': 0, 'capacity': 1, 'prepayment': 'FULL', 'nonrefundable': 0, 'cancellation_period': 3, 'cancellation_fee': 'FIRST', 'breakfast': 0, 'base_price': 1000, 'prices': [1000], 'price': 1000, 'old_price': 1000, 'currency': 'RUB', 'payment_amount': 1000, 'extras_variants': [], 'extras': [], 'rate_id': 24566, 'deals': [], 'cancellation_type': 'special', 'credit_card': 1, 'bonus': 200, 'miles': 80, 'min_stay': 1, 'mircashback': 100}]",1000.0,80,659250_101hotels,2025-05-12
2255284,,Номер Стандарт,1,0,0,0,Двухместный,2,4,[{'single': 2}],[],"[{'id': 645883, 'force_prepayment': 0, 'capacity': 1, 'prepayment': 'FULL', 'nonrefundable': 0, 'cancellation_period': 3, 'cancellation_fee': 'FIRST', 'breakfast': 0, 'base_price': 1200, 'prices': [1200], 'price': 1200, 'old_price': 1200, 'currency': 'RUB', 'payment_amount': 1200, 'extras_variants': [], 'extras': [], 'rate_id': 24566, 'deals': [], 'cancellation_type': 'special', 'credit_card': 1, 'bonus': 240, 'miles': 96, 'min_stay': 1, 'mircashback': 120}]",1200.0,96,659250_101hotels,2025-05-12
1572261,,"Делюкс, С 1 кроватью",2,0,0,1,Двухместный,2,11,[{'double': 1}],[],"[{'id': 693006, 'force_prepayment': 0, 'capacity': 1, 'prepayment': 'NO', 'nonrefundable': 0, 'cancellation_period': 0, 'cancellation_fee': 'NO', 'breakfast': 1, 'base_price': 4100, 'prices': [4100], 'price': 4100, 'old_price': 4100, 'currency': 'RUB', 'payment_amount': 0, 'extras_variants': [], 'extras': [], 'rate_id': 27897, 'deals': [], 'cancellation_type': 'free', 'credit_card': 0, 'bonus': 820, 'miles': 328, 'min_stay': 1, 'mircashback': 410}, {'id': 693007, 'force_prepayment': 0, 'capacity': 2, 'prepayment': 'NO', 'nonrefundable': 0, 'cancellation_period': 0, 'cancellation_fee': 'NO', 'breakfast': 1, 'base_price': 4700, 'prices': [4700], 'price': 4700, 'old_price': 4700, 'currency': 'RUB', 'payment_amount': 0, 'extras_variants': [], 'extras': [], 'rate_id': 27897, 'deals': [], 'cancellation_type': 'free', 'credit_card': 0, 'bonus': 940, 'miles': 376, 'min_stay': 1, 'mircashback': 470}]",4100.0,328,8209_101hotels,2025-05-12
2293675,,Стандарт А,1,0,0,1,Одноместный,1,3,[{'single': 1}],[],"[{'id': 987485, 'force_prepayment': 1, 'capacity': 1, 'prepayment': 'NO', 'nonrefundable': 0, 'cancellation_period': 0, 'cancellation_fee': 'NO', 'breakfast': 1, 'base_price': 4700, 'prices': [4700], 'price': 4700, 'old_price': 4700, 'currency': 'RUB', 'payment_amount': 0, 'extras_variants': [], 'extras': [], 'rate_id': 46908, 'deals': [], 'cancellation_type': 'free', 'credit_card': 0, 'bonus': 940, 'miles': 376, 'min_stay': 1, 'mircashback': 470}, {'id': '987485P', 'force_prepayment': 1, 'capacity': 1, 'prepayment': 'FULL', 'nonrefundable': 0, 'cancellation_period': 0, 'cancellation_fee': 'NO', 'breakfast': 1, 'base_price': 4700, 'prices': [4700], 'price': 4700, 'old_price': 4700, 'currency': 'RUB', 'payment_amount': 4700, 'extras_variants': [], 'extras': [], 'rate_id': 46908, 'deals': [], 'cancellation_type': 'free', 'credit_card': 0, 'bonus': 940, 'miles': 376, 'min_stay': 1, 'mircashback': 470}]",4700.0,376,2136_101hotels,2025-05-12
2293677,,Стандарт В,1,1,0,1,Двухместный,2,1,[{'double': 1}],[],"[{'id': 987486, 'force_prepayment': 1, 'capacity': 1, 'prepayment': 'NO', 'nonrefundable': 0, 'cancellation_period': 0, 'cancellation_fee': 'NO', 'breakfast': 1, 'base_price': 4000, 'prices': [4000], 'price': 4000, 'old_price': 4000, 'currency': 'RUB', 'payment_amount': 0, 'extras_variants': [], 'extras': [], 'rate_id': 46908, 'deals': [], 'cancellation_type': 'free', 'credit_card': 0, 'bonus': 800, 'miles': 320, 'min_stay': 1, 'mircashback': 400}, {'id': '987486P', 'force_prepayment': 1, 'capacity': 1, 'prepayment': 'FULL', 'nonrefundable': 0, 'cancellation_period': 0, 'cancellation_fee': 'NO', 'breakfast': 1, 'base_price': 4000, 'prices': [4000], 'price': 4000, 'old_price': 4000, 'currency': 'RUB', 'payment_amount': 4000, 'extras_variants': [], 'extras': [], 'rate_id': 46908, 'deals': [], 'cancellation_type': 'free', 'credit_card': 0, 'bonus': 800, 'miles': 320, 'min_stay': 1, 'mircashback': 400}]",4000.0,320,2136_101hotels,2025-05-12
2293680,,Джуниор Сьюит В,1,1,0,1,Полулюкс,4,1,[{'double': 1}],[],"[{'id': 987488, 'force_prepayment': 1, 'capacity': 1, 'prepayment': 'NO', 'nonrefundable': 0, 'cancellation_period': 0, 'cancellation_fee': 'NO', 'breakfast': 1, 'base_price': 5300, 'prices': [5300], 'price': 5300, 'old_price': 5300, 'currency': 'RUB', 'payment_amount': 0, 'extras_variants': [], 'extras': [], 'rate_id': 46908, 'deals': [], 'cancellation_type': 'free', 'credit_card': 0, 'bonus': 1060, 'miles': 424, 'min_stay': 1, 'mircashback': 530}, {'id': '987488P', 'force_prepayment': 1, 'capacity': 1, 'prepayment': 'FULL', 'nonrefundable': 0, 'cancellation_period': 0, 'cancellation_fee': 'NO', 'breakfast': 1, 'base_price': 5300, 'prices': [5300], 'price': 5300, 'old_price': 5300, 'currency': 'RUB', 'payment_amount': 5300, 'extras_variants': [], 'extras': [], 'rate_id': 46908, 'deals': [], 'cancellation_type': 'free', 'credit_card': 0, 'bonus': 1060, 'miles': 424, 'min_stay': 1, 'mircashback': 530}]",5300.0,424,2136_101hotels,2025-05-12
2293681,,Джуниор Сьюит А,1,1,0,1,Люкс,6,1,[{'double': 1}],[],"[{'id': 987489, 'force_prepayment': 1, 'capacity': 1, 'prepayment': 'NO', 'nonrefundable': 0, 'cancellation_period': 0, 'cancellation_fee': 'NO', 'breakfast': 1, 'base_price': 6000, 'prices': [6000], 'price': 6000, 'old_price': 6000, 'currency': 'RUB', 'payment_amount': 0, 'extras_variants': [], 'extras': [], 'rate_id': 46908, 'deals': [], 'cancellation_type': 'free', 'credit_card': 0, 'bonus': 1200, 'miles': 480, 'min_stay': 1, 'mircashback': 600}, {'id': '987489P', 'force_prepayment': 1, 'capacity': 1, 'prepayment': 'FULL', 'nonrefundable': 0, 'cancellation_period': 0, 'cancellation_fee': 'NO', 'breakfast': 1, 'base_price': 6000, 'prices': [6000], 'price': 6000, 'old_price': 6000, 'currency': 'RUB', 'payment_amount': 6000, 'extras_variants': [], 'extras': [], 'rate_id': 46908, 'deals': [], 'cancellation_type': 'free', 'credit_card': 0, 'bonus': 1200, 'miles': 480, 'min_stay': 1, 'mircashback': 600}]",6000.0,480,2136_101hotels,2025-05-12
46999,,,2,0,0,1,Студио,5,3,[{'double': 1}],[],"[{'id': 617731, 'force_prepayment': 0, 'capacity': 1, 'prepayment': 'NO', 'nonrefundable': 0, 'cancellation_period': 0, 'cancellation_fee': 'NO', 'breakfast': 1, 'base_price': 10500, 'prices': [10500], 'price': 10500, 'old_price': 10500, 'currency': 'RUB', 'payment_amount': 0, 'extras_variants': [], 'extras': [], 'rate_id': 22543, 'deals': [], 'cancellation_type': 'free', 'credit_card': 0, 'bonus': 2100, 'miles': 840, 'min_stay': 1, 'mircashback': 1050}, {'id': 617732, 'force_prepayment': 0, 'capacity': 2, 'prepayment': 'NO', 'nonrefundable': 0, 'cancellation_period': 0, 'cancellation_fee': 'NO', 'breakfast': 1, 'base_price': 11500, 'prices': [11500], 'price': 11500, 'old_price': 11500, 'currency': 'RUB', 'payment_amount': 0, 'extras_variants': [], 'extras': [], 'rate_id': 22543, 'deals': [], 'cancellation_type': 'free', 'credit_card': 0, 'bonus': 2300, 'miles': 920, 'min_stay': 1, 'mircashback': 1150}]",10500.0,840,9509_101hotels,2025-05-12
47000,,,2,1,0,1,De Luxe,29,4,[{'double': 1}],[],"[{'id': 617735, 'force_prepayment': 0, 'capacity': 1, 'prepayment': 'NO', 'nonrefundable': 0, 'cancellation_period': 0, 'cancellation_fee': 'NO', 'breakfast': 1, 'base_price': 12000, 'prices': [12000], 'price': 12000, 'old_price': 12000, 'currency': 'RUB', 'payment_amount': 0, 'extras_variants': [], 'extras': [], 'rate_id': 22543, 'deals': [], 'cancellation_type': 'free', 'credit_card': 0, 'bonus': 2400, 'miles': 960, 'min_stay': 1, 'mircashback': 1200}, {'id': 617736, 'force_prepayment': 0, 'capacity': 2, 'prepayment': 'NO', 'nonrefundable': 0, 'cancellation_period': 0, 'cancellation_fee': 'NO', 'breakfast': 1, 'base_price': 13000, 'prices': [13000], 'price': 13000, 'old_price': 13000, 'currency': 'RUB', 'payment_amount': 0, 'extras_variants': [], 'extras': [], 'rate_id': 22543, 'deals': [], 'cancellation_type': 'free', 'credit_card': 0, 'bonus': 2600, 'miles': 1040, 'min_stay': 1, 'mircashback': 1300}]",12000.0,960,9509_101hotels,2025-05-12
47001,,Премиум,2,1,0,1,De Luxe,29,2,[{'double': 1}],[],"[{'id': 617737, 'force_prepayment': 0, 'capacity': 1, 'prepayment': 'NO', 'nonrefundable': 0, 'cancellation_period': 0, 'cancellation_fee': 'NO', 'breakfast': 1, 'base_price': 15000, 'prices': [15000], 'price': 15000, 'old_price': 15000, 'currency': 'RUB', 'payment_amount': 0, 'extras_variants': [], 'extras': [], 'rate_id': 22543, 'deals': [], 'cancellation_type': 'free', 'credit_card': 0, 'bonus': 3000, 'miles': 1200, 'min_stay': 1, 'mircashback': 1500}, {'id': 617738, 'force_prepayment': 0, 'capacity': 2, 'prepayment': 'NO', 'nonrefundable': 0, 'cancellation_period': 0, 'cancellation_fee': 'NO', 'breakfast': 1, 'base_price': 16000, 'prices': [16000], 'price': 16000, 'old_price': 16000, 'currency': 'RUB', 'payment_amount': 0, 'extras_variants': [], 'extras': [], 'rate_id': 22543, 'deals': [], 'cancellation_type': 'free', 'credit_card': 0, 'bonus': 3200, 'miles': 1280, 'min_stay': 1, 'mircashback': 1600}]",15000.0,1200,9509_101hotels,2025-05-12
47002,,,2,0,0,1,Люкс,6,3,"[{'double': 1}, {'single': 2}]",[],"[{'id': 617733, 'force_prepayment': 0, 'capacity': 1, 'prepayment': 'NO', 'nonrefundable': 0, 'cancellation_period': 0, 'cancellation_fee': 'NO', 'breakfast': 1, 'base_price': 8800, 'prices': [8800], 'price': 8800, 'old_price': 8800, 'currency': 'RUB', 'payment_amount': 0, 'extras_variants': [], 'extras': [], 'rate_id': 22543, 'deals': [], 'cancellation_type': 'free', 'credit_card': 0, 'bonus': 1760, 'miles': 704, 'min_stay': 1, 'mircashback': 880}, {'id': 617734, 'force_prepayment': 0, 'capacity': 2, 'prepayment': 'NO', 'nonrefundable': 0, 'cancellation_period': 0, 'cancellation_fee': 'NO', 'breakfast': 1, 'base_price': 9800, 'prices': [9800], 'price': 9800, 'old_price': 9800, 'currency': 'RUB', 'payment_amount': 0, 'extras_variants': [], 'extras': [], 'rate_id': 22543, 'deals': [], 'cancellation_type': 'free', 'credit_card': 0, 'bonus': 1960, 'miles': 784, 'min_stay': 1, 'mircashback': 980}]",8800.0,704,9509_101hotels,2025-05-12
61023,,С 1 кроватью или 2 отдельными кроватями,2,0,0,1,Двухместный,2,11,"[{'single': 2}, {'double': 1}]",[],"[{'id': 402732, 'force_prepayment': 0, 'capacity': 1, 'prepayment': 'FIRST', 'nonrefundable': 0, 'cancellation_period': 30, 'cancellation_fee': 'FIRST', 'breakfast': 0, 'base_price': 3800, 'prices': [3800], 'price': 3800, 'old_price': 3800, 'currency': 'RUB', 'payment_amount': 3800, 'extras_variants': [], 'extras': [], 'rate_id': 7662, 'deals': [], 'cancellation_type': 'special', 'credit_card': 1, 'bonus': 760, 'miles': 304, 'min_stay': 1, 'mircashback': 380}, {'id': 402733, 'force_prepayment': 0, 'capacity': 2, 'prepayment': 'FIRST', 'nonrefundable': 0, 'cancellation_period': 30, 'cancellation_fee': 'FIRST', 'breakfast': 0, 'base_price': 3800, 'prices': [3800], 'price': 3800, 'old_price': 3800, 'currency': 'RUB', 'payment_amount': 3800, 'extras_variants': [], 'extras': [], 'rate_id': 7662, 'deals': [], 'cancellation_type': 'special', 'credit_card': 1, 'bonus': 760, 'miles': 304, 'min_stay': 1, 'mircashback': 380}]",3800.0,304,10553_101hotels,2025-05-12
61024,,Люкс,2,1,0,1,Двухместный,2,1,[{'single': 2}],[],"[{'id': 402734, 'force_prepayment': 0, 'capacity': 1, 'prepayment': 'FIRST', 'nonrefundable': 0, 'cancellation_period': 30, 'cancellation_fee': 'FIRST', 'breakfast': 0, 'base_price': 4800, 'prices': [4800], 'price': 4800, 'old_price': 4800, 'currency': 'RUB', 'payment_amount': 4800, 'extras_variants': [], 'extras': [], 'rate_id': 7662, 'deals': [], 'cancellation_type': 'special', 'credit_card': 1, 'bonus': 960, 'miles': 384, 'min_stay': 1, 'mircashback': 480}, {'id': 402735, 'force_prepayment': 0, 'capacity': 2, 'prepayment': 'FIRST', 'nonrefundable': 0, 'cancellation_period': 30, 'cancellation_fee': 'FIRST', 'breakfast': 0, 'base_price': 4800, 'prices': [4800], 'price': 4800, 'old_price': 4800, 'currency': 'RUB', 'payment_amount': 4800, 'extras_variants': [], 'extras': [], 'rate_id': 7662, 'deals': [], 'cancellation_type': 'special', 'credit_card': 1, 'bonus': 960, 'miles': 384, 'min_stay': 1, 'mircashback': 480}]",4800.0,384,10553_101hotels,2025-05-12
61025,,С 2 спальнями,4,0,0,1,Апартаменты,14,1,"[{'single': 2}, {'single': 2}]",[],"[{'id': 402736, 'force_prepayment': 0, 'capacity': 1, 'prepayment': 'FIRST', 'nonrefundable': 0, 'cancellation_period': 30, 'cancellation_fee': 'FIRST', 'breakfast': 0, 'base_price': 11000, 'prices': [11000], 'price': 11000, 'old_price': 11000, 'currency': 'RUB', 'payment_amount': 11000, 'extras_variants': [], 'extras': [], 'rate_id': 7662, 'deals': [], 'cancellation_type': 'special', 'credit_card': 1, 'bonus': 2200, 'miles': 880, 'min_stay': 1, 'mircashback': 1100}, {'id': 402737, 'force_prepayment': 0, 'capacity': 2, 'prepayment': 'FIRST', 'nonrefundable': 0, 'cancellation_period': 30, 'cancellation_fee': 'FIRST', 'breakfast': 0, 'base_price': 11000, 'prices': [11000], 'price': 11000, 'old_price': 11000, 'currency': 'RUB', 'payment_amount': 11000, 'extras_variants': [], 'extras': [], 'rate_id': 7662, 'deals': [], 'cancellation_type': 'special', 'credit_card': 1, 'bonus': 2200, 'miles': 880, 'min_stay': 1, 'mircashback': 1100}, {'id': 402738, 'force_prepayment': 0, 'capacity': 3, 'prepayment': 'FIRST', 'nonrefundable': 0, 'cancellation_period': 30, 'cancellation_fee': 'FIRST', 'breakfast': 0, 'base_price': 11000, 'prices': [11000], 'price': 11000, 'old_price': 11000, 'currency': 'RUB', 'payment_amount': 11000, 'extras_variants': [], 'extras': [], 'rate_id': 7662, 'deals': [], 'cancellation_type': 'special', 'credit_card': 1, 'bonus': 2200, 'miles': 880, 'min_stay': 1, 'mircashback': 1100}, {'id': 402739, 'force_prepayment': 0, 'capacity': 4, 'prepayment': 'FIRST', 'nonrefundable': 0, 'cancellation_period': 30, 'cancellation_fee': 'FIRST', 'breakfast': 0, 'base_price': 11000, 'prices': [11000], 'price': 11000, 'old_price': 11000, 'currency': 'RUB', 'payment_amount': 11000, 'extras_variants': [], 'extras': [], 'rate_id': 7662, 'deals': [], 'cancellation_type': 'special', 'credit_card': 1, 'bonus': 2200, 'miles': 880, 'min_stay': 1, 'mircashback': 1100}]",11000.0,880,10553_101hotels,2025-05-12
1747459,,Стандартный номер с 2 кроватями размера «queen-size»,2,0,0,1,Двухместный,2,8,[{'single': 2}],[],"[{'id': 353067, 'force_prepayment': 0, 'capacity': 1, 'prepayment': 'FULL', 'nonrefundable': 0, 'cancellation_period': 14, 'cancellation_fee': 'FIRST', 'breakfast': 7, 'base_price': 4500, 'prices': [4500], 'price': 4500, 'old_price': 4500, 'currency': 'RUB', 'payment_amount': 4500, 'extras_variants': [], 'extras': [], 'rate_id': 4956, 'deals': [], 'cancellation_type': 'special', 'credit_card': 1, 'bonus': 900, 'miles': 360, 'min_stay': 1, 'mircashback': 450}, {'id': 353068, 'force_prepayment': 0, 'capacity': 2, 'prepayment': 'FULL', 'nonrefundable': 0, 'cancellation_period': 14, 'cancellation_fee': 'FIRST', 'breakfast': 7, 'base_price': 4500, 'prices': [4500], 'price': 4500, 'old_price': 4500, 'currency': 'RUB', 'payment_amount': 4500, 'extras_variants': [], 'extras': [], 'rate_id': 4956, 'deals': [], 'cancellation_type': 'special', 'credit_card': 1, 'bonus': 900, 'miles': 360, 'min_stay': 1, 'mircashback': 450}]",4500.0,360,514670_101hotels,2025-05-12
2279190,,King Baikal view,2,0,0,1,De Luxe,29,17,[{'double': 1}],[],"[{'id': 868629, 'force_prepayment': 0, 'capacity': 1, 'prepayment': 'FIRST', 'nonrefundable': 0, 'cancellation_period': 1, 'cancellation_fee': 'FIRST', 'breakfast': 1, 'base_price': 11000, 'prices': [11000], 'price': 11000, 'old_price': 11000, 'currency': 'RUB', 'payment_amount': 11000, 'extras_variants': [], 'extras': [], 'rate_id': 39566, 'deals': [], 'cancellation_type': 'special', 'credit_card': 1, 'bonus': 2200, 'miles': 880, 'min_stay': 1, 'mircashback': 1100}, {'id': 868630, 'force_prepayment': 0, 'capacity': 2, 'prepayment': 'FIRST', 'nonrefundable': 0, 'cancellation_period': 1, 'cancellation_fee': 'FIRST', 'breakfast': 1, 'base_price': 12500, 'prices': [12500], 'price': 12500, 'old_price': 12500, 'currency': 'RUB', 'payment_amount': 12500, 'extras_variants': [], 'extras': [], 'rate_id': 39566, 'deals': [], 'cancellation_type': 'special', 'credit_card': 1, 'bonus': 2500, 'miles': 1000, 'min_stay': 1, 'mircashback': 1250}]",11000.0,880,667475_101hotels,2025-05-12
2279191,,Twin Baikal view,2,0,0,1,De Luxe,29,17,[{'single': 2}],[],"[{'id': 868631, 'force_prepayment': 0, 'capacity': 1, 'prepayment': 'FIRST', 'nonrefundable': 0, 'cancellation_period': 1, 'cancellation_fee': 'FIRST', 'breakfast': 1, 'base_price': 11000, 'prices': [11000], 'price': 11000, 'old_price': 11000, 'currency': 'RUB', 'payment_amount': 11000, 'extras_variants': [], 'extras': [], 'rate_id': 39566, 'deals': [], 'cancellation_type': 'special', 'credit_card': 1, 'bonus': 2200, 'miles': 880, 'min_stay': 1, 'mircashback': 1100}, {'id': 868632, 'force_prepayment': 0, 'capacity': 2, 'prepayment': 'FIRST', 'nonrefundable': 0, 'cancellation_period': 1, 'cancellation_fee': 'FIRST', 'breakfast': 1, 'base_price': 12500, 'prices': [12500], 'price': 12500, 'old_price': 12500, 'currency': 'RUB', 'payment_amount': 12500, 'extras_variants': [], 'extras': [], 'rate_id': 39566, 'deals': [], 'cancellation_type': 'special', 'credit_card': 1, 'bonus': 2500, 'miles': 1000, 'min_stay': 1, 'mircashback': 1250}]",11000.0,880,667475_101hotels,2025-05-12
2279193,,,2,1,0,1,Сьюит,27,3,"[{'double': 1}, {'double': 1, 's-sofa': 1}]",[],"[{'id': 868646, 'force_prepayment': 0, 'capacity': 1, 'prepayment': 'FIRST', 'nonrefundable': 0, 'cancellation_period': 1, 'cancellation_fee': 'FIRST', 'breakfast': 1, 'base_price': 28000, 'prices': [28000], 'price': 28000, 'old_price': 28000, 'currency': 'RUB', 'payment_amount': 28000, 'extras_variants': [], 'extras': [], 'rate_id': 39569, 'deals': [], 'cancellation_type': 'special', 'credit_card': 1, 'bonus': 5600, 'miles': 2240, 'min_stay': 1, 'mircashback': 2800}, {'id': 868647, 'force_prepayment': 0, 'capacity': 2, 'prepayment': 'FIRST', 'nonrefundable': 0, 'cancellation_period': 1, 'cancellation_fee': 'FIRST', 'breakfast': 1, 'base_price': 30000, 'prices': [30000], 'price': 30000, 'old_price': 30000, 'currency': 'RUB', 'payment_amount': 30000, 'extras_variants': [], 'extras': [], 'rate_id': 39569, 'deals': [], 'cancellation_type': 'special', 'credit_card': 1, 'bonus': 6000, 'miles': 2400, 'min_stay': 1, 'mircashback': 3000}]",28000.0,2240,667475_101hotels,2025-05-12
2279195,,King,2,0,0,1,De Luxe,29,16,[{'double': 1}],[],"[{'id': 868633, 'force_prepayment': 0, 'capacity': 1, 'prepayment': 'FIRST', 'nonrefundable': 0, 'cancellation_period': 1, 'cancellation_fee': 'FIRST', 'breakfast': 1, 'base_price': 10200, 'prices': [10200], 'price': 10200, 'old_price': 10200, 'currency': 'RUB', 'payment_amount': 10200, 'extras_variants': [], 'extras': [], 'rate_id': 39566, 'deals': [], 'cancellation_type': 'special', 'credit_card': 1, 'bonus': 2040, 'miles': 816, 'min_stay': 1, 'mircashback': 1020}, {'id': 868634, 'force_prepayment': 0, 'capacity': 2, 'prepayment': 'FIRST', 'nonrefundable': 0, 'cancellation_period': 1, 'cancellation_fee': 'FIRST', 'breakfast': 1, 'base_price': 11700, 'prices': [11700], 'price': 11700, 'old_price': 11700, 'currency': 'RUB', 'payment_amount': 11700, 'extras_variants': [], 'extras': [], 'rate_id': 39566, 'deals': [], 'cancellation_type': 'special', 'credit_card': 1, 'bonus': 2340, 'miles': 936, 'min_stay': 1, 'mircashback': 1170}]",10200.0,816,667475_101hotels,2025-05-12
2279198,,Twin,2,0,0,1,De Luxe,29,14,[{'single': 2}],[],"[{'id': 868635, 'force_prepayment': 0, 'capacity': 1, 'prepayment': 'FIRST', 'nonrefundable': 0, 'cancellation_period': 1, 'cancellation_fee': 'FIRST', 'breakfast': 1, 'base_price': 10200, 'prices': [10200], 'price': 10200, 'old_price': 10200, 'currency': 'RUB', 'payment_amount': 10200, 'extras_variants': [], 'extras': [], 'rate_id': 39566, 'deals': [], 'cancellation_type': 'special', 'credit_card': 1, 'bonus': 2040, 'miles': 816, 'min_stay': 1, 'mircashback': 1020}, {'id': 868636, 'force_prepayment': 0, 'capacity': 2, 'prepayment': 'FIRST', 'nonrefundable': 0, 'cancellation_period': 1, 'cancellation_fee': 'FIRST', 'breakfast': 1, 'base_price': 11700, 'prices': [11700], 'price': 11700, 'old_price': 11700, 'currency': 'RUB', 'payment_amount': 11700, 'extras_variants': [], 'extras': [], 'rate_id': 39566, 'deals': [], 'cancellation_type': 'special', 'credit_card': 1, 'bonus': 2340, 'miles': 936, 'min_stay': 1, 'mircashback': 1170}]",10200.0,816,667475_101hotels,2025-05-12
21399,,Стандарт,1,0,0,1,Одноместный,1,3,[{'single': 1}],[],"[{'id': 451812, 'force_prepayment': 0, 'capacity': 1, 'prepayment': 'FIRST', 'nonrefundable': 0, 'cancellation_period': 0, 'cancellation_fee': 'NO', 'breakfast': 1, 'base_price': 5900, 'prices': [5900], 'price': 5900, 'old_price': 5900, 'currency': 'RUB', 'payment_amount': 5900, 'extras_variants': [], 'extras': [], 'rate_id': 11082, 'deals': [], 'cancellation_type': 'free', 'credit_card': 1, 'bonus': 1180, 'miles': 472, 'min_stay': 1, 'mircashback': 590}]",5900.0,472,4324_101hotels,2025-05-12
21400,,Стандарт улучшенный,2,1,0,1,Двухместный,2,5,"[{'single': 2}, {'double': 1}]",[],"[{'id': 451814, 'force_prepayment': 0, 'capacity': 1, 'prepayment': 'FIRST', 'nonrefundable': 0, 'cancellation_period': 0, 'cancellation_fee': 'NO', 'breakfast': 1, 'base_price': 8700, 'prices': [8700], 'price': 8700, 'old_price': 8700, 'currency': 'RUB', 'payment_amount': 8700, 'extras_variants': [], 'extras': [], 'rate_id': 11082, 'deals': [], 'cancellation_type': 'free', 'credit_card': 1, 'bonus': 1740, 'miles': 696, 'min_stay': 1, 'mircashback': 870}, {'id': 451815, 'force_prepayment': 0, 'capacity': 2, 'prepayment': 'FIRST', 'nonrefundable': 0, 'cancellation_period': 0, 'cancellation_fee': 'NO', 'breakfast': 1, 'base_price': 9500, 'prices': [9500], 'price': 9500, 'old_price': 9500, 'currency': 'RUB', 'payment_amount': 9500, 'extras_variants': [], 'extras': [], 'rate_id': 11082, 'deals': [], 'cancellation_type': 'free', 'credit_card': 1, 'bonus': 1900, 'miles': 760, 'min_stay': 1, 'mircashback': 950}]",8700.0,696,4324_101hotels,2025-05-12
23266,,Эконом в дополнительном корпусе,1,0,0,1,Одноместный,1,3,[{'single': 1}],[],"[{'id': 451813, 'force_prepayment': 0, 'capacity': 1, 'prepayment': 'FIRST', 'nonrefundable': 0, 'cancellation_period': 0, 'cancellation_fee': 'NO', 'breakfast': 1, 'base_price': 5000, 'prices': [5000], 'price': 5000, 'old_price': 5000, 'currency': 'RUB', 'payment_amount': 5000, 'extras_variants': [], 'extras': [], 'rate_id': 11082, 'deals': [], 'cancellation_type': 'free', 'credit_card': 1, 'bonus': 1000, 'miles': 400, 'min_stay': 1, 'mircashback': 500}]",5000.0,400,4324_101hotels,2025-05-12
23267,,Джуниор Сьют улучшенный,3,0,0,1,Студио,5,3,"[{'single': 2}, {'double': 1}]",[],"[{'id': 451818, 'force_prepayment': 0, 'capacity': 1, 'prepayment': 'FIRST', 'nonrefundable': 0, 'cancellation_period': 0, 'cancellation_fee': 'NO', 'breakfast': 1, 'base_price': 12300, 'prices': [12300], 'price': 12300, 'old_price': 12300, 'currency': 'RUB', 'payment_amount': 12300, 'extras_variants': [], 'extras': [], 'rate_id': 11082, 'deals': [], 'cancellation_type': 'free', 'credit_card': 1, 'bonus': 2460, 'miles': 984, 'min_stay': 1, 'mircashback': 1230}, {'id': 451819, 'force_prepayment': 0, 'capacity': 2, 'prepayment': 'FIRST', 'nonrefundable': 0, 'cancellation_period': 0, 'cancellation_fee': 'NO', 'breakfast': 1, 'base_price': 12300, 'prices': [12300], 'price': 12300, 'old_price': 12300, 'currency': 'RUB', 'payment_amount': 12300, 'extras_variants': [], 'extras': [], 'rate_id': 11082, 'deals': [], 'cancellation_type': 'free', 'credit_card': 1, 'bonus': 2460, 'miles': 984, 'min_stay': 1, 'mircashback': 1230}]",12300.0,984,4324_101hotels,2025-05-12
23268,,Комфорт в дополнительном корпусе эконом-класса,2,0,0,1,Студио,5,1,"[{'single': 2}, {'double': 1}]",[],"[{'id': 451820, 'force_prepayment': 0, 'capacity': 1, 'prepayment': 'FIRST', 'nonrefundable': 0, 'cancellation_period': 0, 'cancellation_fee': 'NO', 'breakfast': 1, 'base_price': 6800, 'prices': [6800], 'price': 6800, 'old_price': 6800, 'currency': 'RUB', 'payment_amount': 6800, 'extras_variants': [], 'extras': [], 'rate_id': 11082, 'deals': [], 'cancellation_type': 'free', 'credit_card': 1, 'bonus': 1360, 'miles': 544, 'min_stay': 1, 'mircashback': 680}, {'id': 451821, 'force_prepayment': 0, 'capacity': 2, 'prepayment': 'FIRST', 'nonrefundable': 0, 'cancellation_period': 0, 'cancellation_fee': 'NO', 'breakfast': 1, 'base_price': 7400, 'prices': [7400], 'price': 7400, 'old_price': 7400, 'currency': 'RUB', 'payment_amount': 7400, 'extras_variants': [], 'extras': [], 'rate_id': 11082, 'deals': [], 'cancellation_type': 'free', 'credit_card': 1, 'bonus': 1480, 'miles': 592, 'min_stay': 1, 'mircashback': 740}]",6800.0,544,4324_101hotels,2025-05-12
2246438,,,3,0,0,1,Семейный,44,3,"[{'double': 1, 'sofa': 1}]",[],"[{'id': 869411, 'force_prepayment': 0, 'capacity': 1, 'prepayment': 'FIRST', 'nonrefundable': 0, 'cancellation_period': 0, 'cancellation_fee': 'NO', 'breakfast': 1, 'base_price': 14300, 'prices': [14300], 'price': 14300, 'old_price': 14300, 'currency': 'RUB', 'payment_amount': 14300, 'extras_variants': [], 'extras': [], 'rate_id': 11082, 'deals': [], 'cancellation_type': 'free', 'credit_card': 1, 'bonus': 2860, 'miles': 1144, 'min_stay': 1, 'mircashback': 1430}, {'id': 869412, 'force_prepayment': 0, 'capacity': 2, 'prepayment': 'FIRST', 'nonrefundable': 0, 'cancellation_period': 0, 'cancellation_fee': 'NO', 'breakfast': 1, 'base_price': 14300, 'prices': [14300], 'price': 14300, 'old_price': 14300, 'currency': 'RUB', 'payment_amount': 14300, 'extras_variants': [], 'extras': [], 'rate_id': 11082, 'deals': [], 'cancellation_type': 'free', 'credit_card': 1, 'bonus': 2860, 'miles': 1144, 'min_stay': 1, 'mircashback': 1430}]",14300.0,1144,4324_101hotels,2025-05-12
2281524,,Стандарт классический,2,0,0,1,Двухместный,2,9,[{'double': 1}],[],"[{'id': 868772, 'force_prepayment': 0, 'capacity': 1, 'prepayment': 'FIRST', 'nonrefundable': 0, 'cancellation_period': 0, 'cancellation_fee': 'NO', 'breakfast': 1, 'base_price': 7200, 'prices': [7200], 'price': 7200, 'old_price': 7200, 'currency': 'RUB', 'payment_amount': 7200, 'extras_variants': [], 'extras': [], 'rate_id': 11082, 'deals': [], 'cancellation_type': 'free', 'credit_card': 1, 'bonus': 1440, 'miles': 576, 'min_stay': 1, 'mircashback': 720}, {'id': 874165, 'force_prepayment': 0, 'capacity': 2, 'prepayment': 'FIRST', 'nonrefundable': 0, 'cancellation_period': 0, 'cancellation_fee': 'NO', 'breakfast': 1, 'base_price': 8100, 'prices': [8100], 'price': 8100, 'old_price': 8100, 'currency': 'RUB', 'payment_amount': 8100, 'extras_variants': [], 'extras': [], 'rate_id': 11082, 'deals': [], 'cancellation_type': 'free', 'credit_card': 1, 'bonus': 1620, 'miles': 648, 'min_stay': 1, 'mircashback': 810}]",7200.0,576,4324_101hotels,2025-05-12
2281527,,Джуниор Сьют классический,3,0,0,1,Студио,5,3,"[{'double': 1, 'sofa': 1}]","[{'number': '1', 'min_age': '0', 'max_age': '6', 'is_extra_bed': '0', 'extra_bed_type_id': '0'}]","[{'id': 869410, 'force_prepayment': 0, 'capacity': 1, 'prepayment': 'FIRST', 'nonrefundable': 0, 'cancellation_period': 0, 'cancellation_fee': 'NO', 'breakfast': 1, 'base_price': 10300, 'prices': [10300], 'price': 10300, 'old_price': 10300, 'currency': 'RUB', 'payment_amount': 10300, 'extras_variants': [], 'extras': [], 'rate_id': 11082, 'deals': [], 'cancellation_type': 'free', 'credit_card': 1, 'bonus': 2060, 'miles': 824, 'min_stay': 1, 'mircashback': 1030}, {'id': 874167, 'force_prepayment': 0, 'capacity': 2, 'prepayment': 'FIRST', 'nonrefundable': 0, 'cancellation_period': 0, 'cancellation_fee': 'NO', 'breakfast': 1, 'base_price': 10300, 'prices': [10300], 'price': 10300, 'old_price': 10300, 'currency': 'RUB', 'payment_amount': 10300, 'extras_variants': [], 'extras': [], 'rate_id': 11082, 'deals': [], 'cancellation_type': 'free', 'credit_card': 1, 'bonus': 2060, 'miles': 824, 'min_stay': 1, 'mircashback': 1030}]",10300.0,824,4324_101hotels,2025-05-12
2218439,,С одной большой кроватью,2,1,0,1,Двухместный,2,3,[{'double': 1}],[],"[{'id': 294856, 'force_prepayment': 0, 'capacity': 2, 'prepayment': 'FIRST', 'nonrefundable': 0, 'cancellation_period': 0, 'cancellation_fee': 'NO', 'breakfast': 0, 'base_price': 2200, 'prices': [2200], 'price': 2200, 'old_price': 2200, 'currency': 'RUB', 'payment_amount': 2200, 'extras_variants': [], 'extras': [], 'rate_id': 0, 'deals': [], 'cancellation_type': 'free', 'credit_card': 1, 'bonus': 440, 'miles': 176, 'min_stay': 1, 'mircashback': 220}]",2200.0,176,650200_101hotels,2025-05-12
2218440,,Номер с раздельными кроватями,2,1,0,1,Двухместный,2,3,[{'single': 2}],[],"[{'id': 295330, 'force_prepayment': 0, 'capacity': 2, 'prepayment': 'FIRST', 'nonrefundable': 0, 'cancellation_period': 0, 'cancellation_fee': 'NO', 'breakfast': 0, 'base_price': 2200, 'prices': [2200], 'price': 2200, 'old_price': 2200, 'currency': 'RUB', 'payment_amount': 2200, 'extras_variants': [], 'extras': [], 'rate_id': 0, 'deals': [], 'cancellation_type': 'free', 'credit_card': 1, 'bonus': 440, 'miles': 176, 'min_stay': 1, 'mircashback': 220}]",2200.0,176,650200_101hotels,2025-05-12
2218444,,,3,1,0,1,Трехместный,37,5,[{'single': 3}],[],"[{'id': 295342, 'force_prepayment': 0, 'capacity': 3, 'prepayment': 'FIRST', 'nonrefundable': 0, 'cancellation_period': 0, 'cancellation_fee': 'NO', 'breakfast': 0, 'base_price': 2600, 'prices': [2600], 'price': 2600, 'old_price': 2600, 'currency': 'RUB', 'payment_amount': 2600, 'extras_variants': [], 'extras': [], 'rate_id': 0, 'deals': [], 'cancellation_type': 'free', 'credit_card': 1, 'bonus': 520, 'miles': 208, 'min_stay': 1, 'mircashback': 260}]",2600.0,208,650200_101hotels,2025-05-12
2218445,,,3,1,0,1,Семейный,44,2,[{'single': 3}],[],"[{'id': 295343, 'force_prepayment': 0, 'capacity': 3, 'prepayment': 'FIRST', 'nonrefundable': 0, 'cancellation_period': 0, 'cancellation_fee': 'NO', 'breakfast': 0, 'base_price': 2600, 'prices': [2600], 'price': 2600, 'old_price': 2600, 'currency': 'RUB', 'payment_amount': 2600, 'extras_variants': [], 'extras': [], 'rate_id': 0, 'deals': [], 'cancellation_type': 'free', 'credit_card': 1, 'bonus': 520, 'miles': 208, 'min_stay': 1, 'mircashback': 260}]",2600.0,208,650200_101hotels,2025-05-12
2218448,,,4,1,0,1,Четырехместный,34,4,[{'single': 4}],[],"[{'id': 295340, 'force_prepayment': 0, 'capacity': 4, 'prepayment': 'FIRST', 'nonrefundable': 0, 'cancellation_period': 0, 'cancellation_fee': 'NO', 'breakfast': 0, 'base_price': 2700, 'prices': [2700], 'price': 2700, 'old_price': 2700, 'currency': 'RUB', 'payment_amount': 2700, 'extras_variants': [], 'extras': [], 'rate_id': 0, 'deals': [], 'cancellation_type': 'free', 'credit_card': 1, 'bonus': 540, 'miles': 216, 'min_stay': 1, 'mircashback': 270}]",2700.0,216,650200_101hotels,2025-05-12
2218449,,Эконом,2,1,0,1,Двухместный,2,1,[{'single': 2}],[],"[{'id': 295336, 'force_prepayment': 0, 'capacity': 2, 'prepayment': 'FIRST', 'nonrefundable': 0, 'cancellation_period': 0, 'cancellation_fee': 'NO', 'breakfast': 0, 'base_price': 2000, 'prices': [2000], 'price': 2000, 'old_price': 2000, 'currency': 'RUB', 'payment_amount': 2000, 'extras_variants': [], 'extras': [], 'rate_id': 0, 'deals': [], 'cancellation_type': 'free', 'credit_card': 1, 'bonus': 400, 'miles': 160, 'min_stay': 1, 'mircashback': 200}]",2000.0,160,650200_101hotels,2025-05-12
2289378,,Suite,2,0,0,1,Люкс,6,2,[{'double': 1}],[],"[{'id': 960546, 'force_prepayment': 1, 'capacity': 1, 'prepayment': 'NO', 'nonrefundable': 0, 'cancellation_period': 0, 'cancellation_fee': 'NO', 'breakfast': 1, 'base_price': 20000, 'prices': [20000], 'price': 20000, 'old_price': 20000, 'currency': 'RUB', 'payment_amount': 0, 'extras_variants': [], 'extras': [], 'rate_id': 45028, 'deals': [], 'cancellation_type': 'free', 'credit_card': 0, 'bonus': 4000, 'miles': 1600, 'min_stay': 1, 'mircashback': 2000}, {'id': 960547, 'force_prepayment': 1, 'capacity': 2, 'prepayment': 'NO', 'nonrefundable': 0, 'cancellation_period': 0, 'cancellation_fee': 'NO', 'breakfast': 1, 'base_price': 20000, 'prices': [20000], 'price': 20000, 'old_price': 20000, 'currency': 'RUB', 'payment_amount': 0, 'extras_variants': [], 'extras': [], 'rate_id': 45028, 'deals': [], 'cancellation_type': 'free', 'credit_card': 0, 'bonus': 4000, 'miles': 1600, 'min_stay': 1, 'mircashback': 2000}, {'id': '960546P', 'force_prepayment': 1, 'capacity': 1, 'prepayment': 'FULL', 'nonrefundable': 0, 'cancellation_period': 0, 'cancellation_fee': 'NO', 'breakfast': 1, 'base_price': 20000, 'prices': [20000], 'price': 20000, 'old_price': 20000, 'currency': 'RUB', 'payment_amount': 20000, 'extras_variants': [], 'extras': [], 'rate_id': 45028, 'deals': [], 'cancellation_type': 'free', 'credit_card': 0, 'bonus': 4000, 'miles': 1600, 'min_stay': 1, 'mircashback': 2000}, {'id': '960547P', 'force_prepayment': 1, 'capacity': 2, 'prepayment': 'FULL', 'nonrefundable': 0, 'cancellation_period': 0, 'cancellation_fee': 'NO', 'breakfast': 1, 'base_price': 20000, 'prices': [20000], 'price': 20000, 'old_price': 20000, 'currency': 'RUB', 'payment_amount': 20000, 'extras_variants': [], 'extras': [], 'rate_id': 45028, 'deals': [], 'cancellation_type': 'free', 'credit_card': 0, 'bonus': 4000, 'miles': 1600, 'min_stay': 1, 'mircashback': 2000}]",20000.0,1600,670516_101hotels,2025-05-12
2290333,,Superior,2,1,0,1,Супериор,113,8,[{'double': 1}],"[{'number': '1', 'min_age': '0', 'max_age': '6', 'is_extra_bed': '1', 'extra_bed_type_id': '1'}]","[{'id': 972076, 'force_prepayment': 1, 'capacity': 1, 'prepayment': 'NO', 'nonrefundable': 0, 'cancellation_period': 0, 'cancellation_fee': 'NO', 'breakfast': 1, 'base_price': 9800, 'prices': [9800], 'price': 8330, 'old_price': 9800, 'currency': 'RUB', 'payment_amount': 0, 'extras_variants': [], 'extras': [], 'rate_id': 45028, 'deals': ['BASE'], 'cancellation_type': 'free', 'credit_card': 0, 'bonus': 1666, 'miles': 664, 'min_stay': 1, 'mircashback': 833}, {'id': 972077, 'force_prepayment': 1, 'capacity': 2, 'prepayment': 'NO', 'nonrefundable': 0, 'cancellation_period': 0, 'cancellation_fee': 'NO', 'breakfast': 1, 'base_price': 11100, 'prices': [11100], 'price': 9435, 'old_price': 11100, 'currency': 'RUB', 'payment_amount': 0, 'extras_variants': [], 'extras': [], 'rate_id': 45028, 'deals': ['BASE'], 'cancellation_type': 'free', 'credit_card': 0, 'bonus': 1887, 'miles': 752, 'min_stay': 1, 'mircashback': 944}, {'id': '972076P', 'force_prepayment': 1, 'capacity': 1, 'prepayment': 'FULL', 'nonrefundable': 0, 'cancellation_period': 0, 'cancellation_fee': 'NO', 'breakfast': 1, 'base_price': 9800, 'prices': [9800], 'price': 9800, 'old_price': 9800, 'currency': 'RUB', 'payment_amount': 9800, 'extras_variants': [], 'extras': [], 'rate_id': 45028, 'deals': [], 'cancellation_type': 'free', 'credit_card': 0, 'bonus': 1960, 'miles': 784, 'min_stay': 1, 'mircashback': 980}, {'id': '972077P', 'force_prepayment': 1, 'capacity': 2, 'prepayment': 'FULL', 'nonrefundable': 0, 'cancellation_period': 0, 'cancellation_fee': 'NO', 'breakfast': 1, 'base_price': 11100, 'prices': [11100], 'price': 11100, 'old_price': 11100, 'currency': 'RUB', 'payment_amount': 11100, 'extras_variants': [], 'extras': [], 'rate_id': 45028, 'deals': [], 'cancellation_type': 'free', 'credit_card': 0, 'bonus': 2220, 'miles': 888, 'min_stay': 1, 'mircashback': 1110}]",8330.0,664,670516_101hotels,2025-05-12
2290334,,Junior Suite Deluxe,2,1,0,1,Полулюкс,4,1,[{'double': 1}],"[{'number': '1', 'min_age': '0', 'max_age': '6', 'is_extra_bed': '1', 'extra_bed_type_id': '1'}]","[{'id': 972072, 'force_prepayment': 1, 'capacity': 1, 'prepayment': 'NO', 'nonrefundable': 0, 'cancellation_period': 0, 'cancellation_fee': 'NO', 'breakfast': 1, 'base_price': 8800, 'prices': [8800], 'price': 7480, 'old_price': 8800, 'currency': 'RUB', 'payment_amount': 0, 'extras_variants': [], 'extras': [], 'rate_id': 45028, 'deals': ['BASE'], 'cancellation_type': 'free', 'credit_card': 0, 'bonus': 1496, 'miles': 596, 'min_stay': 1, 'mircashback': 748}, {'id': 972073, 'force_prepayment': 1, 'capacity': 2, 'prepayment': 'NO', 'nonrefundable': 0, 'cancellation_period': 0, 'cancellation_fee': 'NO', 'breakfast': 1, 'base_price': 10100, 'prices': [10100], 'price': 8585, 'old_price': 10100, 'currency': 'RUB', 'payment_amount': 0, 'extras_variants': [], 'extras': [], 'rate_id': 45028, 'deals': ['BASE'], 'cancellation_type': 'free', 'credit_card': 0, 'bonus': 1717, 'miles': 684, 'min_stay': 1, 'mircashback': 859}, {'id': '972072P', 'force_prepayment': 1, 'capacity': 1, 'prepayment': 'FULL', 'nonrefundable': 0, 'cancellation_period': 0, 'cancellation_fee': 'NO', 'breakfast': 1, 'base_price': 8800, 'prices': [8800], 'price': 8800, 'old_price': 8800, 'currency': 'RUB', 'payment_amount': 8800, 'extras_variants': [], 'extras': [], 'rate_id': 45028, 'deals': [], 'cancellation_type': 'free', 'credit_card': 0, 'bonus': 1760, 'miles': 704, 'min_stay': 1, 'mircashback': 880}, {'id': '972073P', 'force_prepayment': 1, 'capacity': 2, 'prepayment': 'FULL', 'nonrefundable': 0, 'cancellation_period': 0, 'cancellation_fee': 'NO', 'breakfast': 1, 'base_price': 10100, 'prices': [10100], 'price': 10100, 'old_price': 10100, 'currency': 'RUB', 'payment_amount': 10100, 'extras_variants': [], 'extras': [], 'rate_id': 45028, 'deals': [], 'cancellation_type': 'free', 'credit_card': 0, 'bonus': 2020, 'miles': 808, 'min_stay': 1, 'mircashback': 1010}]",7480.0,596,670516_101hotels,2025-05-12
2290335,,Junior Suite,2,0,0,1,Сьюит,27,13,[{'double': 1}],[],"[{'id': 972074, 'force_prepayment': 1, 'capacity': 1, 'prepayment': 'NO', 'nonrefundable': 0, 'cancellation_period': 0, 'cancellation_fee': 'NO', 'breakfast': 1, 'base_price': 7800, 'prices': [7800], 'price': 6630, 'old_price': 7800, 'currency': 'RUB', 'payment_amount': 0, 'extras_variants': [], 'extras': [], 'rate_id': 45028, 'deals': ['BASE'], 'cancellation_type': 'free', 'credit_card': 0, 'bonus': 1326, 'miles': 528, 'min_stay': 1, 'mircashback': 663}, {'id': 972075, 'force_prepayment': 1, 'capacity': 2, 'prepayment': 'NO', 'nonrefundable': 0, 'cancellation_period': 0, 'cancellation_fee': 'NO', 'breakfast': 1, 'base_price': 9100, 'prices': [9100], 'price': 7735, 'old_price': 9100, 'currency': 'RUB', 'payment_amount': 0, 'extras_variants': [], 'extras': [], 'rate_id': 45028, 'deals': ['BASE'], 'cancellation_type': 'free', 'credit_card': 0, 'bonus': 1547, 'miles': 616, 'min_stay': 1, 'mircashback': 774}, {'id': '972074P', 'force_prepayment': 1, 'capacity': 1, 'prepayment': 'FULL', 'nonrefundable': 0, 'cancellation_period': 0, 'cancellation_fee': 'NO', 'breakfast': 1, 'base_price': 7800, 'prices': [7800], 'price': 7800, 'old_price': 7800, 'currency': 'RUB', 'payment_amount': 7800, 'extras_variants': [], 'extras': [], 'rate_id': 45028, 'deals': [], 'cancellation_type': 'free', 'credit_card': 0, 'bonus': 1560, 'miles': 624, 'min_stay': 1, 'mircashback': 780}, {'id': '972075P', 'force_prepayment': 1, 'capacity': 2, 'prepayment': 'FULL', 'nonrefundable': 0, 'cancellation_period': 0, 'cancellation_fee': 'NO', 'breakfast': 1, 'base_price': 9100, 'prices': [9100], 'price': 9100, 'old_price': 9100, 'currency': 'RUB', 'payment_amount': 9100, 'extras_variants': [], 'extras': [], 'rate_id': 45028, 'deals': [], 'cancellation_type': 'free', 'credit_card': 0, 'bonus': 1820, 'miles': 728, 'min_stay': 1, 'mircashback': 910}]",6630.0,528,670516_101hotels,2025-05-12
2292327,,Трехместный номер №21,3,0,0,1,Трёхместный и более,3,1,"[{'single': 1, 'double': 1}]",[],"[{'id': 975345, 'force_prepayment': 0, 'capacity': 1, 'prepayment': 'FULL', 'nonrefundable': 0, 'cancellation_period': 0, 'cancellation_fee': 'NO', 'breakfast': 0, 'base_price': 6500, 'prices': [6500], 'price': 6500, 'old_price': 6500, 'currency': 'RUB', 'payment_amount': 6500, 'extras_variants': [], 'extras': [], 'rate_id': 46088, 'deals': [], 'cancellation_type': 'free', 'credit_card': 1, 'bonus': 1300, 'miles': 520, 'min_stay': 1, 'mircashback': 650}, {'id': 975346, 'force_prepayment': 0, 'capacity': 2, 'prepayment': 'FULL', 'nonrefundable': 0, 'cancellation_period': 0, 'cancellation_fee': 'NO', 'breakfast': 0, 'base_price': 6500, 'prices': [6500], 'price': 6500, 'old_price': 6500, 'currency': 'RUB', 'payment_amount': 6500, 'extras_variants': [], 'extras': [], 'rate_id': 46088, 'deals': [], 'cancellation_type': 'free', 'credit_card': 1, 'bonus': 1300, 'miles': 520, 'min_stay': 1, 'mircashback': 650}, {'id': 975347, 'force_prepayment': 0, 'capacity': 3, 'prepayment': 'FULL', 'nonrefundable': 0, 'cancellation_period': 0, 'cancellation_fee': 'NO', 'breakfast': 0, 'base_price': 6500, 'prices': [6500], 'price': 6500, 'old_price': 6500, 'currency': 'RUB', 'payment_amount': 6500, 'extras_variants': [], 'extras': [], 'rate_id': 46088, 'deals': [], 'cancellation_type': 'free', 'credit_card': 1, 'bonus': 1300, 'miles': 520, 'min_stay': 1, 'mircashback': 650}]",6500.0,520,10535_101hotels,2025-05-12
2292328,,Трехместный номер №22,3,0,0,1,Трёхместный и более,3,1,"[{'single': 1, 'double': 1}]",[],"[{'id': 975354, 'force_prepayment': 0, 'capacity': 1, 'prepayment': 'FULL', 'nonrefundable': 0, 'cancellation_period': 0, 'cancellation_fee': 'NO', 'breakfast': 0, 'base_price': 6500, 'prices': [6500], 'price': 6500, 'old_price': 6500, 'currency': 'RUB', 'payment_amount': 6500, 'extras_variants': [], 'extras': [], 'rate_id': 46088, 'deals': [], 'cancellation_type': 'free', 'credit_card': 1, 'bonus': 1300, 'miles': 520, 'min_stay': 1, 'mircashback': 650}, {'id': 975355, 'force_prepayment': 0, 'capacity': 2, 'prepayment': 'FULL', 'nonrefundable': 0, 'cancellation_period': 0, 'cancellation_fee': 'NO', 'breakfast': 0, 'base_price': 6500, 'prices': [6500], 'price': 6500, 'old_price': 6500, 'currency': 'RUB', 'payment_amount': 6500, 'extras_variants': [], 'extras': [], 'rate_id': 46088, 'deals': [], 'cancellation_type': 'free', 'credit_card': 1, 'bonus': 1300, 'miles': 520, 'min_stay': 1, 'mircashback': 650}, {'id': 975356, 'force_prepayment': 0, 'capacity': 3, 'prepayment': 'FULL', 'nonrefundable': 0, 'cancellation_period': 0, 'cancellation_fee': 'NO', 'breakfast': 0, 'base_price': 6500, 'prices': [6500], 'price': 6500, 'old_price': 6500, 'currency': 'RUB', 'payment_amount': 6500, 'extras_variants': [], 'extras': [], 'rate_id': 46088, 'deals': [], 'cancellation_type': 'free', 'credit_card': 1, 'bonus': 1300, 'miles': 520, 'min_stay': 1, 'mircashback': 650}]",6500.0,520,10535_101hotels,2025-05-12
2292330,,Трехместный номер №3,3,0,0,0,Трёхместный и более,3,1,[{'single': 3}],[],"[{'id': 975357, 'force_prepayment': 0, 'capacity': 1, 'prepayment': 'FULL', 'nonrefundable': 0, 'cancellation_period': 0, 'cancellation_fee': 'NO', 'breakfast': 0, 'base_price': 5500, 'prices': [5500], 'price': 5500, 'old_price': 5500, 'currency': 'RUB', 'payment_amount': 5500, 'extras_variants': [], 'extras': [], 'rate_id': 46088, 'deals': [], 'cancellation_type': 'free', 'credit_card': 1, 'bonus': 1100, 'miles': 440, 'min_stay': 1, 'mircashback': 550}, {'id': 975358, 'force_prepayment': 0, 'capacity': 2, 'prepayment': 'FULL', 'nonrefundable': 0, 'cancellation_period': 0, 'cancellation_fee': 'NO', 'breakfast': 0, 'base_price': 5500, 'prices': [5500], 'price': 5500, 'old_price': 5500, 'currency': 'RUB', 'payment_amount': 5500, 'extras_variants': [], 'extras': [], 'rate_id': 46088, 'deals': [], 'cancellation_type': 'free', 'credit_card': 1, 'bonus': 1100, 'miles': 440, 'min_stay': 1, 'mircashback': 550}, {'id': 975359, 'force_prepayment': 0, 'capacity': 3, 'prepayment': 'FULL', 'nonrefundable': 0, 'cancellation_period': 0, 'cancellation_fee': 'NO', 'breakfast': 0, 'base_price': 5500, 'prices': [5500], 'price': 5500, 'old_price': 5500, 'currency': 'RUB', 'payment_amount': 5500, 'extras_variants': [], 'extras': [], 'rate_id': 46088, 'deals': [], 'cancellation_type': 'free', 'credit_card': 1, 'bonus': 1100, 'miles': 440, 'min_stay': 1, 'mircashback': 550}]",5500.0,440,10535_101hotels,2025-05-12
2292332,,Двухместный номер №31,2,0,0,1,Двухместный,2,1,[{'single': 2}],[],"[{'id': 975377, 'force_prepayment': 0, 'capacity': 1, 'prepayment': 'FULL', 'nonrefundable': 0, 'cancellation_period': 0, 'cancellation_fee': 'NO', 'breakfast': 0, 'base_price': 5500, 'prices': [5500], 'price': 5500, 'old_price': 5500, 'currency': 'RUB', 'payment_amount': 5500, 'extras_variants': [], 'extras': [], 'rate_id': 46088, 'deals': [], 'cancellation_type': 'free', 'credit_card': 1, 'bonus': 1100, 'miles': 440, 'min_stay': 1, 'mircashback': 550}, {'id': 975378, 'force_prepayment': 0, 'capacity': 2, 'prepayment': 'FULL', 'nonrefundable': 0, 'cancellation_period': 0, 'cancellation_fee': 'NO', 'breakfast': 0, 'base_price': 5500, 'prices': [5500], 'price': 5500, 'old_price': 5500, 'currency': 'RUB', 'payment_amount': 5500, 'extras_variants': [], 'extras': [], 'rate_id': 46088, 'deals': [], 'cancellation_type': 'free', 'credit_card': 1, 'bonus': 1100, 'miles': 440, 'min_stay': 1, 'mircashback': 550}]",5500.0,440,10535_101hotels,2025-05-12
2292334,,Двухместный номер №32,2,0,0,1,Двухместный,2,1,[{'single': 2}],[],"[{'id': 975379, 'force_prepayment': 0, 'capacity': 1, 'prepayment': 'FULL', 'nonrefundable': 0, 'cancellation_period': 0, 'cancellation_fee': 'NO', 'breakfast': 0, 'base_price': 5500, 'prices': [5500], 'price': 5500, 'old_price': 5500, 'currency': 'RUB', 'payment_amount': 5500, 'extras_variants': [], 'extras': [], 'rate_id': 46088, 'deals': [], 'cancellation_type': 'free', 'credit_card': 1, 'bonus': 1100, 'miles': 440, 'min_stay': 1, 'mircashback': 550}, {'id': 975380, 'force_prepayment': 0, 'capacity': 2, 'prepayment': 'FULL', 'nonrefundable': 0, 'cancellation_period': 0, 'cancellation_fee': 'NO', 'breakfast': 0, 'base_price': 5500, 'prices': [5500], 'price': 5500, 'old_price': 5500, 'currency': 'RUB', 'payment_amount': 5500, 'extras_variants': [], 'extras': [], 'rate_id': 46088, 'deals': [], 'cancellation_type': 'free', 'credit_card': 1, 'bonus': 1100, 'miles': 440, 'min_stay': 1, 'mircashback': 550}]",5500.0,440,10535_101hotels,2025-05-12
2292335,,Трехместный номер №33,3,0,0,1,Трёхместный и более,3,1,[{'single': 3}],[],"[{'id': 975383, 'force_prepayment': 0, 'capacity': 1, 'prepayment': 'FULL', 'nonrefundable': 0, 'cancellation_period': 0, 'cancellation_fee': 'NO', 'breakfast': 0, 'base_price': 6500, 'prices': [6500], 'price': 6500, 'old_price': 6500, 'currency': 'RUB', 'payment_amount': 6500, 'extras_variants': [], 'extras': [], 'rate_id': 46088, 'deals': [], 'cancellation_type': 'free', 'credit_card': 1, 'bonus': 1300, 'miles': 520, 'min_stay': 1, 'mircashback': 650}, {'id': 975384, 'force_prepayment': 0, 'capacity': 2, 'prepayment': 'FULL', 'nonrefundable': 0, 'cancellation_period': 0, 'cancellation_fee': 'NO', 'breakfast': 0, 'base_price': 6500, 'prices': [6500], 'price': 6500, 'old_price': 6500, 'currency': 'RUB', 'payment_amount': 6500, 'extras_variants': [], 'extras': [], 'rate_id': 46088, 'deals': [], 'cancellation_type': 'free', 'credit_card': 1, 'bonus': 1300, 'miles': 520, 'min_stay': 1, 'mircashback': 650}, {'id': 975385, 'force_prepayment': 0, 'capacity': 3, 'prepayment': 'FULL', 'nonrefundable': 0, 'cancellation_period': 0, 'cancellation_fee': 'NO', 'breakfast': 0, 'base_price': 6500, 'prices': [6500], 'price': 6500, 'old_price': 6500, 'currency': 'RUB', 'payment_amount': 6500, 'extras_variants': [], 'extras': [], 'rate_id': 46088, 'deals': [], 'cancellation_type': 'free', 'credit_card': 1, 'bonus': 1300, 'miles': 520, 'min_stay': 1, 'mircashback': 650}]",6500.0,520,10535_101hotels,2025-05-12
2017246,,Двухместный номер-студио Делюкс с 1 кроватью,2,2,0,1,Сьюит,27,1,"[{'double': 1}, {'sofa': 1}]",[],"[{'id': 931032, 'force_prepayment': 0, 'capacity': 1, 'prepayment': 'FIRST', 'nonrefundable': 1, 'cancellation_period': 0, 'cancellation_fee': 'FIRST', 'breakfast': 0, 'base_price': 7500, 'prices': [7500], 'price': 7500, 'old_price': 7500, 'currency': 'RUB', 'payment_amount': 7500, 'extras_variants': [], 'extras': [], 'rate_id': 43034, 'deals': [], 'cancellation_type': 'nonrefundable', 'credit_card': 1, 'bonus': 1500, 'miles': 600, 'min_stay': 1, 'mircashback': 750}, {'id': 931033, 'force_prepayment': 0, 'capacity': 2, 'prepayment': 'FIRST', 'nonrefundable': 1, 'cancellation_period': 0, 'cancellation_fee': 'FIRST', 'breakfast': 0, 'base_price': 7500, 'prices': [7500], 'price': 7500, 'old_price': 7500, 'currency': 'RUB', 'payment_amount': 7500, 'extras_variants': [], 'extras': [], 'rate_id': 43034, 'deals': [], 'cancellation_type': 'nonrefundable', 'credit_card': 1, 'bonus': 1500, 'miles': 600, 'min_stay': 1, 'mircashback': 750}]",7500.0,600,625719_101hotels,2025-05-12
2017247,,Делюкс 2,2,2,0,1,Двухместный,2,1,"[{'double': 1, 'sofa': 1}]",[],"[{'id': 931018, 'force_prepayment': 0, 'capacity': 1, 'prepayment': 'FIRST', 'nonrefundable': 1, 'cancellation_period': 0, 'cancellation_fee': 'FIRST', 'breakfast': 0, 'base_price': 6500, 'prices': [6500], 'price': 6500, 'old_price': 6500, 'currency': 'RUB', 'payment_amount': 6500, 'extras_variants': [], 'extras': [], 'rate_id': 43034, 'deals': [], 'cancellation_type': 'nonrefundable', 'credit_card': 1, 'bonus': 1300, 'miles': 520, 'min_stay': 1, 'mircashback': 650}, {'id': 931019, 'force_prepayment': 0, 'capacity': 2, 'prepayment': 'FIRST', 'nonrefundable': 1, 'cancellation_period': 0, 'cancellation_fee': 'FIRST', 'breakfast': 0, 'base_price': 6500, 'prices': [6500], 'price': 6500, 'old_price': 6500, 'currency': 'RUB', 'payment_amount': 6500, 'extras_variants': [], 'extras': [], 'rate_id': 43034, 'deals': [], 'cancellation_type': 'nonrefundable', 'credit_card': 1, 'bonus': 1300, 'miles': 520, 'min_stay': 1, 'mircashback': 650}]",6500.0,520,625719_101hotels,2025-05-12
2017248,,Большой номер с 1 кроватью,2,1,0,1,Двухместный,2,1,"[{'single': 1, 'double': 1}]",[],"[{'id': 931020, 'force_prepayment': 0, 'capacity': 1, 'prepayment': 'FIRST', 'nonrefundable': 1, 'cancellation_period': 0, 'cancellation_fee': 'FIRST', 'breakfast': 0, 'base_price': 5500, 'prices': [5500], 'price': 5500, 'old_price': 5500, 'currency': 'RUB', 'payment_amount': 5500, 'extras_variants': [], 'extras': [], 'rate_id': 43034, 'deals': [], 'cancellation_type': 'nonrefundable', 'credit_card': 1, 'bonus': 1100, 'miles': 440, 'min_stay': 1, 'mircashback': 550}, {'id': 931021, 'force_prepayment': 0, 'capacity': 2, 'prepayment': 'FIRST', 'nonrefundable': 1, 'cancellation_period': 0, 'cancellation_fee': 'FIRST', 'breakfast': 0, 'base_price': 5500, 'prices': [5500], 'price': 5500, 'old_price': 5500, 'currency': 'RUB', 'payment_amount': 5500, 'extras_variants': [], 'extras': [], 'rate_id': 43034, 'deals': [], 'cancellation_type': 'nonrefundable', 'credit_card': 1, 'bonus': 1100, 'miles': 440, 'min_stay': 1, 'mircashback': 550}]",5500.0,440,625719_101hotels,2025-05-12
2220395,,1 с видом на Байкал,2,2,0,1,De Luxe,29,1,[{'double': 1}],[],"[{'id': 931034, 'force_prepayment': 0, 'capacity': 1, 'prepayment': 'FIRST', 'nonrefundable': 1, 'cancellation_period': 0, 'cancellation_fee': 'FIRST', 'breakfast': 0, 'base_price': 5500, 'prices': [5500], 'price': 5500, 'old_price': 5500, 'currency': 'RUB', 'payment_amount': 5500, 'extras_variants': [], 'extras': [], 'rate_id': 43034, 'deals': [], 'cancellation_type': 'nonrefundable', 'credit_card': 1, 'bonus': 1100, 'miles': 440, 'min_stay': 1, 'mircashback': 550}, {'id': 931035, 'force_prepayment': 0, 'capacity': 2, 'prepayment': 'FIRST', 'nonrefundable': 1, 'cancellation_period': 0, 'cancellation_fee': 'FIRST', 'breakfast': 0, 'base_price': 5500, 'prices': [5500], 'price': 5500, 'old_price': 5500, 'currency': 'RUB', 'payment_amount': 5500, 'extras_variants': [], 'extras': [], 'rate_id': 43034, 'deals': [], 'cancellation_type': 'nonrefundable', 'credit_card': 1, 'bonus': 1100, 'miles': 440, 'min_stay': 1, 'mircashback': 550}]",5500.0,440,625719_101hotels,2025-05-12
2220530,,2 с видом на горы,2,2,0,1,De Luxe,29,1,"[{'single': 1, 'double': 1}]",[],"[{'id': 931036, 'force_prepayment': 0, 'capacity': 1, 'prepayment': 'FIRST', 'nonrefundable': 1, 'cancellation_period': 0, 'cancellation_fee': 'FIRST', 'breakfast': 0, 'base_price': 5500, 'prices': [5500], 'price': 5500, 'old_price': 5500, 'currency': 'RUB', 'payment_amount': 5500, 'extras_variants': [], 'extras': [], 'rate_id': 43034, 'deals': [], 'cancellation_type': 'nonrefundable', 'credit_card': 1, 'bonus': 1100, 'miles': 440, 'min_stay': 1, 'mircashback': 550}, {'id': 931037, 'force_prepayment': 0, 'capacity': 2, 'prepayment': 'FIRST', 'nonrefundable': 1, 'cancellation_period': 0, 'cancellation_fee': 'FIRST', 'breakfast': 0, 'base_price': 5500, 'prices': [5500], 'price': 5500, 'old_price': 5500, 'currency': 'RUB', 'payment_amount': 5500, 'extras_variants': [], 'extras': [], 'rate_id': 43034, 'deals': [], 'cancellation_type': 'nonrefundable', 'credit_card': 1, 'bonus': 1100, 'miles': 440, 'min_stay': 1, 'mircashback': 550}]",5500.0,440,625719_101hotels,2025-05-12
2220531,,ЭЛИС с видом на Байкал.,8,2,0,0,Коттедж,15,1,"[{'double': 4, 'sofa': 2}]",[],"[{'id': 931024, 'force_prepayment': 0, 'capacity': 1, 'prepayment': 'FIRST', 'nonrefundable': 1, 'cancellation_period': 0, 'cancellation_fee': 'FIRST', 'breakfast': 0, 'base_price': 22000, 'prices': [22000], 'price': 22000, 'old_price': 22000, 'currency': 'RUB', 'payment_amount': 22000, 'extras_variants': [], 'extras': [], 'rate_id': 43034, 'deals': [], 'cancellation_type': 'nonrefundable', 'credit_card': 1, 'bonus': 4400, 'miles': 1760, 'min_stay': 1, 'mircashback': 2200}, {'id': 931025, 'force_prepayment': 0, 'capacity': 2, 'prepayment': 'FIRST', 'nonrefundable': 1, 'cancellation_period': 0, 'cancellation_fee': 'FIRST', 'breakfast': 0, 'base_price': 22000, 'prices': [22000], 'price': 22000, 'old_price': 22000, 'currency': 'RUB', 'payment_amount': 22000, 'extras_variants': [], 'extras': [], 'rate_id': 43034, 'deals': [], 'cancellation_type': 'nonrefundable', 'credit_card': 1, 'bonus': 4400, 'miles': 1760, 'min_stay': 1, 'mircashback': 2200}, {'id': 931026, 'force_prepayment': 0, 'capacity': 3, 'prepayment': 'FIRST', 'nonrefundable': 1, 'cancellation_period': 0, 'cancellation_fee': 'FIRST', 'breakfast': 0, 'base_price': 22000, 'prices': [22000], 'price': 22000, 'old_price': 22000, 'currency': 'RUB', 'payment_amount': 22000, 'extras_variants': [], 'extras': [], 'rate_id': 43034, 'deals': [], 'cancellation_type': 'nonrefundable', 'credit_card': 1, 'bonus': 4400, 'miles': 1760, 'min_stay': 1, 'mircashback': 2200}, {'id': 931027, 'force_prepayment': 0, 'capacity': 4, 'prepayment': 'FIRST', 'nonrefundable': 1, 'cancellation_period': 0, 'cancellation_fee': 'FIRST', 'breakfast': 0, 'base_price': 22000, 'prices': [22000], 'price': 22000, 'old_price': 22000, 'currency': 'RUB', 'payment_amount': 22000, 'extras_variants': [], 'extras': [], 'rate_id': 43034, 'deals': [], 'cancellation_type': 'nonrefundable', 'credit_card': 1, 'bonus': 4400, 'miles': 1760, 'min_stay': 1, 'mircashback': 2200}, {'id': 931028, 'force_prepayment': 0, 'capacity': 5, 'prepayment': 'FIRST', 'nonrefundable': 1, 'cancellation_period': 0, 'cancellation_fee': 'FIRST', 'breakfast': 0, 'base_price': 22000, 'prices': [22000], 'price': 22000, 'old_price': 22000, 'currency': 'RUB', 'payment_amount': 22000, 'extras_variants': [], 'extras': [], 'rate_id': 43034, 'deals': [], 'cancellation_type': 'nonrefundable', 'credit_card': 1, 'bonus': 4400, 'miles': 1760, 'min_stay': 1, 'mircashback': 2200}, {'id': 931029, 'force_prepayment': 0, 'capacity': 6, 'prepayment': 'FIRST', 'nonrefundable': 1, 'cancellation_period': 0, 'cancellation_fee': 'FIRST', 'breakfast': 0, 'base_price': 22000, 'prices': [22000], 'price': 22000, 'old_price': 22000, 'currency': 'RUB', 'payment_amount': 22000, 'extras_variants': [], 'extras': [], 'rate_id': 43034, 'deals': [], 'cancellation_type': 'nonrefundable', 'credit_card': 1, 'bonus': 4400, 'miles': 1760, 'min_stay': 1, 'mircashback': 2200}, {'id': 931030, 'force_prepayment': 0, 'capacity': 7, 'prepayment': 'FIRST', 'nonrefundable': 1, 'cancellation_period': 0, 'cancellation_fee': 'FIRST', 'breakfast': 0, 'base_price': 24500, 'prices': [24500], 'price': 24500, 'old_price': 24500, 'currency': 'RUB', 'payment_amount': 24500, 'extras_variants': [], 'extras': [], 'rate_id': 43034, 'deals': [], 'cancellation_type': 'nonrefundable', 'credit_card': 1, 'bonus': 4900, 'miles': 1960, 'min_stay': 1, 'mircashback': 2450}, {'id': 931031, 'force_prepayment': 0, 'capacity': 8, 'prepayment': 'FIRST', 'nonrefundable': 1, 'cancellation_period': 0, 'cancellation_fee': 'FIRST', 'breakfast': 0, 'base_price': 27000, 'prices': [27000], 'price': 27000, 'old_price': 27000, 'currency': 'RUB', 'payment_amount': 27000, 'extras_variants': [], 'extras': [], 'rate_id': 43034, 'deals': [], 'cancellation_type': 'nonrefundable', 'credit_card': 1, 'bonus': 5400, 'miles': 2160, 'min_stay': 1, 'mircashback': 2700}]",22000.0,1760,625719_101hotels,2025-05-12
2289606,,9,3,1,0,1,Апартаменты,14,1,"[{'double': 1, 'sofa': 1}]",[],"[{'id': 952694, 'force_prepayment': 0, 'capacity': 1, 'prepayment': 'FIRST', 'nonrefundable': 1, 'cancellation_period': 0, 'cancellation_fee': 'FIRST', 'breakfast': 0, 'base_price': 7500, 'prices': [7500], 'price': 7500, 'old_price': 7500, 'currency': 'RUB', 'payment_amount': 7500, 'extras_variants': [], 'extras': [], 'rate_id': 43034, 'deals': [], 'cancellation_type': 'nonrefundable', 'credit_card': 1, 'bonus': 1500, 'miles': 600, 'min_stay': 1, 'mircashback': 750}, {'id': 952695, 'force_prepayment': 0, 'capacity': 2, 'prepayment': 'FIRST', 'nonrefundable': 1, 'cancellation_period': 0, 'cancellation_fee': 'FIRST', 'breakfast': 0, 'base_price': 7500, 'prices': [7500], 'price': 7500, 'old_price': 7500, 'currency': 'RUB', 'payment_amount': 7500, 'extras_variants': [], 'extras': [], 'rate_id': 43034, 'deals': [], 'cancellation_type': 'nonrefundable', 'credit_card': 1, 'bonus': 1500, 'miles': 600, 'min_stay': 1, 'mircashback': 750}, {'id': 952696, 'force_prepayment': 0, 'capacity': 3, 'prepayment': 'FIRST', 'nonrefundable': 1, 'cancellation_period': 0, 'cancellation_fee': 'FIRST', 'breakfast': 0, 'base_price': 8500, 'prices': [8500], 'price': 8500, 'old_price': 8500, 'currency': 'RUB', 'payment_amount': 8500, 'extras_variants': [], 'extras': [], 'rate_id': 43034, 'deals': [], 'cancellation_type': 'nonrefundable', 'credit_card': 1, 'bonus': 1700, 'miles': 680, 'min_stay': 1, 'mircashback': 850}]",7500.0,600,625719_101hotels,2025-05-12
2250731,,Комфорт,4,0,0,1,Четырехместный,34,2,"[{'single': 2, 'sofa': 1}]",[],"[{'id': 592615, 'force_prepayment': 0, 'capacity': 1, 'prepayment': 'FULL', 'nonrefundable': 1, 'cancellation_period': 0, 'cancellation_fee': 'FIRST', 'breakfast': 0, 'base_price': 7000, 'prices': [7000], 'price': 7000, 'old_price': 7000, 'currency': 'RUB', 'payment_amount': 7000, 'extras_variants': [], 'extras': [], 'rate_id': 20613, 'deals': [], 'cancellation_type': 'nonrefundable', 'credit_card': 1, 'bonus': 1400, 'miles': 560, 'min_stay': 1, 'mircashback': 700}, {'id': 592616, 'force_prepayment': 0, 'capacity': 2, 'prepayment': 'FULL', 'nonrefundable': 1, 'cancellation_period': 0, 'cancellation_fee': 'FIRST', 'breakfast': 0, 'base_price': 7000, 'prices': [7000], 'price': 7000, 'old_price': 7000, 'currency': 'RUB', 'payment_amount': 7000, 'extras_variants': [], 'extras': [], 'rate_id': 20613, 'deals': [], 'cancellation_type': 'nonrefundable', 'credit_card': 1, 'bonus': 1400, 'miles': 560, 'min_stay': 1, 'mircashback': 700}, {'id': 592617, 'force_prepayment': 0, 'capacity': 3, 'prepayment': 'FULL', 'nonrefundable': 1, 'cancellation_period': 0, 'cancellation_fee': 'FIRST', 'breakfast': 0, 'base_price': 7000, 'prices': [7000], 'price': 7000, 'old_price': 7000, 'currency': 'RUB', 'payment_amount': 7000, 'extras_variants': [], 'extras': [], 'rate_id': 20613, 'deals': [], 'cancellation_type': 'nonrefundable', 'credit_card': 1, 'bonus': 1400, 'miles': 560, 'min_stay': 1, 'mircashback': 700}, {'id': 592618, 'force_prepayment': 0, 'capacity': 4, 'prepayment': 'FULL', 'nonrefundable': 1, 'cancellation_period': 0, 'cancellation_fee': 'FIRST', 'breakfast': 0, 'base_price': 7000, 'prices': [7000], 'price': 7000, 'old_price': 7000, 'currency': 'RUB', 'payment_amount': 7000, 'extras_variants': [], 'extras': [], 'rate_id': 20613, 'deals': [], 'cancellation_type': 'nonrefundable', 'credit_card': 1, 'bonus': 1400, 'miles': 560, 'min_stay': 1, 'mircashback': 700}]",7000.0,560,658131_101hotels,2025-05-12
2250732,,Двухэтажный номер,4,0,0,1,Четырехместный,34,2,"[{'single': 2, 'double': 1}]",[],"[{'id': 592619, 'force_prepayment': 0, 'capacity': 1, 'prepayment': 'FULL', 'nonrefundable': 1, 'cancellation_period': 0, 'cancellation_fee': 'FIRST', 'breakfast': 0, 'base_price': 9500, 'prices': [9500], 'price': 9500, 'old_price': 9500, 'currency': 'RUB', 'payment_amount': 9500, 'extras_variants': [], 'extras': [], 'rate_id': 20613, 'deals': [], 'cancellation_type': 'nonrefundable', 'credit_card': 1, 'bonus': 1900, 'miles': 760, 'min_stay': 1, 'mircashback': 950}, {'id': 592620, 'force_prepayment': 0, 'capacity': 2, 'prepayment': 'FULL', 'nonrefundable': 1, 'cancellation_period': 0, 'cancellation_fee': 'FIRST', 'breakfast': 0, 'base_price': 9500, 'prices': [9500], 'price': 9500, 'old_price': 9500, 'currency': 'RUB', 'payment_amount': 9500, 'extras_variants': [], 'extras': [], 'rate_id': 20613, 'deals': [], 'cancellation_type': 'nonrefundable', 'credit_card': 1, 'bonus': 1900, 'miles': 760, 'min_stay': 1, 'mircashback': 950}, {'id': 592621, 'force_prepayment': 0, 'capacity': 3, 'prepayment': 'FULL', 'nonrefundable': 1, 'cancellation_period': 0, 'cancellation_fee': 'FIRST', 'breakfast': 0, 'base_price': 9500, 'prices': [9500], 'price': 9500, 'old_price': 9500, 'currency': 'RUB', 'payment_amount': 9500, 'extras_variants': [], 'extras': [], 'rate_id': 20613, 'deals': [], 'cancellation_type': 'nonrefundable', 'credit_card': 1, 'bonus': 1900, 'miles': 760, 'min_stay': 1, 'mircashback': 950}, {'id': 592622, 'force_prepayment': 0, 'capacity': 4, 'prepayment': 'FULL', 'nonrefundable': 1, 'cancellation_period': 0, 'cancellation_fee': 'FIRST', 'breakfast': 0, 'base_price': 9500, 'prices': [9500], 'price': 9500, 'old_price': 9500, 'currency': 'RUB', 'payment_amount': 9500, 'extras_variants': [], 'extras': [], 'rate_id': 20613, 'deals': [], 'cancellation_type': 'nonrefundable', 'credit_card': 1, 'bonus': 1900, 'miles': 760, 'min_stay': 1, 'mircashback': 950}]",9500.0,760,658131_101hotels,2025-05-12
2250733,,"Четырёхместный номер ""Эконом""",4,0,0,0,Четырехместный,34,2,[{'single': 4}],[],"[{'id': 592623, 'force_prepayment': 0, 'capacity': 1, 'prepayment': 'FULL', 'nonrefundable': 1, 'cancellation_period': 0, 'cancellation_fee': 'FIRST', 'breakfast': 0, 'base_price': 5000, 'prices': [5000], 'price': 5000, 'old_price': 5000, 'currency': 'RUB', 'payment_amount': 5000, 'extras_variants': [], 'extras': [], 'rate_id': 20613, 'deals': [], 'cancellation_type': 'nonrefundable', 'credit_card': 1, 'bonus': 1000, 'miles': 400, 'min_stay': 1, 'mircashback': 500}, {'id': 592624, 'force_prepayment': 0, 'capacity': 2, 'prepayment': 'FULL', 'nonrefundable': 1, 'cancellation_period': 0, 'cancellation_fee': 'FIRST', 'breakfast': 0, 'base_price': 5000, 'prices': [5000], 'price': 5000, 'old_price': 5000, 'currency': 'RUB', 'payment_amount': 5000, 'extras_variants': [], 'extras': [], 'rate_id': 20613, 'deals': [], 'cancellation_type': 'nonrefundable', 'credit_card': 1, 'bonus': 1000, 'miles': 400, 'min_stay': 1, 'mircashback': 500}, {'id': 592625, 'force_prepayment': 0, 'capacity': 3, 'prepayment': 'FULL', 'nonrefundable': 1, 'cancellation_period': 0, 'cancellation_fee': 'FIRST', 'breakfast': 0, 'base_price': 5000, 'prices': [5000], 'price': 5000, 'old_price': 5000, 'currency': 'RUB', 'payment_amount': 5000, 'extras_variants': [], 'extras': [], 'rate_id': 20613, 'deals': [], 'cancellation_type': 'nonrefundable', 'credit_card': 1, 'bonus': 1000, 'miles': 400, 'min_stay': 1, 'mircashback': 500}, {'id': 592626, 'force_prepayment': 0, 'capacity': 4, 'prepayment': 'FULL', 'nonrefundable': 1, 'cancellation_period': 0, 'cancellation_fee': 'FIRST', 'breakfast': 0, 'base_price': 5000, 'prices': [5000], 'price': 5000, 'old_price': 5000, 'currency': 'RUB', 'payment_amount': 5000, 'extras_variants': [], 'extras': [], 'rate_id': 20613, 'deals': [], 'cancellation_type': 'nonrefundable', 'credit_card': 1, 'bonus': 1000, 'miles': 400, 'min_stay': 1, 'mircashback': 500}]",5000.0,400,658131_101hotels,2025-05-12
2250734,,Семейный,4,0,0,1,Четырехместный,34,1,"[{'double': 1, 'sofa': 1}]",[],"[{'id': 592627, 'force_prepayment': 0, 'capacity': 1, 'prepayment': 'FULL', 'nonrefundable': 1, 'cancellation_period': 0, 'cancellation_fee': 'FIRST', 'breakfast': 0, 'base_price': 9500, 'prices': [9500], 'price': 9500, 'old_price': 9500, 'currency': 'RUB', 'payment_amount': 9500, 'extras_variants': [], 'extras': [], 'rate_id': 20613, 'deals': [], 'cancellation_type': 'nonrefundable', 'credit_card': 1, 'bonus': 1900, 'miles': 760, 'min_stay': 1, 'mircashback': 950}, {'id': 592628, 'force_prepayment': 0, 'capacity': 2, 'prepayment': 'FULL', 'nonrefundable': 1, 'cancellation_period': 0, 'cancellation_fee': 'FIRST', 'breakfast': 0, 'base_price': 9500, 'prices': [9500], 'price': 9500, 'old_price': 9500, 'currency': 'RUB', 'payment_amount': 9500, 'extras_variants': [], 'extras': [], 'rate_id': 20613, 'deals': [], 'cancellation_type': 'nonrefundable', 'credit_card': 1, 'bonus': 1900, 'miles': 760, 'min_stay': 1, 'mircashback': 950}, {'id': 592629, 'force_prepayment': 0, 'capacity': 3, 'prepayment': 'FULL', 'nonrefundable': 1, 'cancellation_period': 0, 'cancellation_fee': 'FIRST', 'breakfast': 0, 'base_price': 9500, 'prices': [9500], 'price': 9500, 'old_price': 9500, 'currency': 'RUB', 'payment_amount': 9500, 'extras_variants': [], 'extras': [], 'rate_id': 20613, 'deals': [], 'cancellation_type': 'nonrefundable', 'credit_card': 1, 'bonus': 1900, 'miles': 760, 'min_stay': 1, 'mircashback': 950}, {'id': 592630, 'force_prepayment': 0, 'capacity': 4, 'prepayment': 'FULL', 'nonrefundable': 1, 'cancellation_period': 0, 'cancellation_fee': 'FIRST', 'breakfast': 0, 'base_price': 9500, 'prices': [9500], 'price': 9500, 'old_price': 9500, 'currency': 'RUB', 'payment_amount': 9500, 'extras_variants': [], 'extras': [], 'rate_id': 20613, 'deals': [], 'cancellation_type': 'nonrefundable', 'credit_card': 1, 'bonus': 1900, 'miles': 760, 'min_stay': 1, 'mircashback': 950}]",9500.0,760,658131_101hotels,2025-05-12
2253465,,Стандартный номер с двумя отдельными кроватями и видом на Байкал,2,0,0,1,Двухместный,2,1,[{'single': 2}],[],"[{'id': 628908, 'force_prepayment': 0, 'capacity': 1, 'prepayment': 'FIRST', 'nonrefundable': 0, 'cancellation_period': 15, 'cancellation_fee': 'FIRST', 'breakfast': 0, 'base_price': 5500, 'prices': [5500], 'price': 4675, 'old_price': 5500, 'currency': 'RUB', 'payment_amount': 5500, 'extras_variants': [], 'extras': [], 'rate_id': 23223, 'deals': ['BASE'], 'cancellation_type': 'special', 'credit_card': 1, 'bonus': 935, 'miles': 372, 'min_stay': 1, 'mircashback': 468}, {'id': 628909, 'force_prepayment': 0, 'capacity': 2, 'prepayment': 'FIRST', 'nonrefundable': 0, 'cancellation_period': 15, 'cancellation_fee': 'FIRST', 'breakfast': 0, 'base_price': 5500, 'prices': [5500], 'price': 4675, 'old_price': 5500, 'currency': 'RUB', 'payment_amount': 5500, 'extras_variants': [], 'extras': [], 'rate_id': 23223, 'deals': ['BASE'], 'cancellation_type': 'special', 'credit_card': 1, 'bonus': 935, 'miles': 372, 'min_stay': 1, 'mircashback': 468}]",4675.0,372,659075_101hotels,2025-05-12
2253468,,Улучшенный номер,2,0,0,1,Двухместный,2,4,[{'double': 1}],[],"[{'id': 628912, 'force_prepayment': 0, 'capacity': 1, 'prepayment': 'FIRST', 'nonrefundable': 0, 'cancellation_period': 15, 'cancellation_fee': 'FIRST', 'breakfast': 0, 'base_price': 6000, 'prices': [6000], 'price': 5100, 'old_price': 6000, 'currency': 'RUB', 'payment_amount': 6000, 'extras_variants': [], 'extras': [], 'rate_id': 23223, 'deals': ['BASE'], 'cancellation_type': 'special', 'credit_card': 1, 'bonus': 1020, 'miles': 408, 'min_stay': 1, 'mircashback': 510}, {'id': 628913, 'force_prepayment': 0, 'capacity': 2, 'prepayment': 'FIRST', 'nonrefundable': 0, 'cancellation_period': 15, 'cancellation_fee': 'FIRST', 'breakfast': 0, 'base_price': 6000, 'prices': [6000], 'price': 5100, 'old_price': 6000, 'currency': 'RUB', 'payment_amount': 6000, 'extras_variants': [], 'extras': [], 'rate_id': 23223, 'deals': ['BASE'], 'cancellation_type': 'special', 'credit_card': 1, 'bonus': 1020, 'miles': 408, 'min_stay': 1, 'mircashback': 510}]",5100.0,408,659075_101hotels,2025-05-12
2291667,,Номер 3 с двуспальной кроватью и видом на Байкал,2,1,0,1,Семейный,44,1,"[{'double': 1, 'sofa': 1}]",[],"[{'id': 971885, 'force_prepayment': 0, 'capacity': 1, 'prepayment': 'FULL', 'nonrefundable': 0, 'cancellation_period': 0, 'cancellation_fee': 'NO', 'breakfast': 1, 'base_price': 5500, 'prices': [5500], 'price': 5500, 'old_price': 5500, 'currency': 'RUB', 'payment_amount': 5500, 'extras_variants': [], 'extras': [], 'rate_id': 45166, 'deals': [], 'cancellation_type': 'free', 'credit_card': 1, 'bonus': 1100, 'miles': 440, 'min_stay': 1, 'mircashback': 550}, {'id': 971886, 'force_prepayment': 0, 'capacity': 2, 'prepayment': 'FULL', 'nonrefundable': 0, 'cancellation_period': 0, 'cancellation_fee': 'NO', 'breakfast': 1, 'base_price': 5500, 'prices': [5500], 'price': 5500, 'old_price': 5500, 'currency': 'RUB', 'payment_amount': 5500, 'extras_variants': [], 'extras': [], 'rate_id': 45166, 'deals': [], 'cancellation_type': 'free', 'credit_card': 1, 'bonus': 1100, 'miles': 440, 'min_stay': 1, 'mircashback': 550}]",5500.0,440,10562_101hotels,2025-05-12
2291669,,Номер 4 с видом на Байкал,2,1,0,1,Семейный,44,1,"[{'double': 1, 'sofa': 1}]",[],"[{'id': 971889, 'force_prepayment': 0, 'capacity': 1, 'prepayment': 'FULL', 'nonrefundable': 0, 'cancellation_period': 0, 'cancellation_fee': 'NO', 'breakfast': 1, 'base_price': 7800, 'prices': [7800], 'price': 7800, 'old_price': 7800, 'currency': 'RUB', 'payment_amount': 7800, 'extras_variants': [], 'extras': [], 'rate_id': 45166, 'deals': [], 'cancellation_type': 'free', 'credit_card': 1, 'bonus': 1560, 'miles': 624, 'min_stay': 1, 'mircashback': 780}, {'id': 971890, 'force_prepayment': 0, 'capacity': 2, 'prepayment': 'FULL', 'nonrefundable': 0, 'cancellation_period': 0, 'cancellation_fee': 'NO', 'breakfast': 1, 'base_price': 7800, 'prices': [7800], 'price': 7800, 'old_price': 7800, 'currency': 'RUB', 'payment_amount': 7800, 'extras_variants': [], 'extras': [], 'rate_id': 45166, 'deals': [], 'cancellation_type': 'free', 'credit_card': 1, 'bonus': 1560, 'miles': 624, 'min_stay': 1, 'mircashback': 780}]",7800.0,624,10562_101hotels,2025-05-12
2291672,,Номер 6 с дополнительным спальным местом и видом на горы,3,1,0,1,Трёхместный и более,3,1,"[{'single': 3, 'sofa': 1}]",[],"[{'id': 971873, 'force_prepayment': 0, 'capacity': 1, 'prepayment': 'FULL', 'nonrefundable': 0, 'cancellation_period': 0, 'cancellation_fee': 'NO', 'breakfast': 1, 'base_price': 3900, 'prices': [3900], 'price': 3900, 'old_price': 3900, 'currency': 'RUB', 'payment_amount': 3900, 'extras_variants': [], 'extras': [], 'rate_id': 45166, 'deals': [], 'cancellation_type': 'free', 'credit_card': 1, 'bonus': 780, 'miles': 312, 'min_stay': 1, 'mircashback': 390}, {'id': 971874, 'force_prepayment': 0, 'capacity': 2, 'prepayment': 'FULL', 'nonrefundable': 0, 'cancellation_period': 0, 'cancellation_fee': 'NO', 'breakfast': 1, 'base_price': 3900, 'prices': [3900], 'price': 3900, 'old_price': 3900, 'currency': 'RUB', 'payment_amount': 3900, 'extras_variants': [], 'extras': [], 'rate_id': 45166, 'deals': [], 'cancellation_type': 'free', 'credit_card': 1, 'bonus': 780, 'miles': 312, 'min_stay': 1, 'mircashback': 390}, {'id': 971875, 'force_prepayment': 0, 'capacity': 3, 'prepayment': 'FULL', 'nonrefundable': 0, 'cancellation_period': 0, 'cancellation_fee': 'NO', 'breakfast': 1, 'base_price': 3900, 'prices': [3900], 'price': 3900, 'old_price': 3900, 'currency': 'RUB', 'payment_amount': 3900, 'extras_variants': [], 'extras': [], 'rate_id': 45166, 'deals': [], 'cancellation_type': 'free', 'credit_card': 1, 'bonus': 780, 'miles': 312, 'min_stay': 1, 'mircashback': 390}]",3900.0,312,10562_101hotels,2025-05-12
2291673,,Номер 7 с видом на горы,2,0,0,1,Семейный,44,1,[{'double': 1}],[],"[{'id': 971893, 'force_prepayment': 0, 'capacity': 1, 'prepayment': 'FULL', 'nonrefundable': 0, 'cancellation_period': 0, 'cancellation_fee': 'NO', 'breakfast': 1, 'base_price': 4500, 'prices': [4500], 'price': 4500, 'old_price': 4500, 'currency': 'RUB', 'payment_amount': 4500, 'extras_variants': [], 'extras': [], 'rate_id': 45166, 'deals': [], 'cancellation_type': 'free', 'credit_card': 1, 'bonus': 900, 'miles': 360, 'min_stay': 1, 'mircashback': 450}, {'id': 971894, 'force_prepayment': 0, 'capacity': 2, 'prepayment': 'FULL', 'nonrefundable': 0, 'cancellation_period': 0, 'cancellation_fee': 'NO', 'breakfast': 1, 'base_price': 4500, 'prices': [4500], 'price': 4500, 'old_price': 4500, 'currency': 'RUB', 'payment_amount': 4500, 'extras_variants': [], 'extras': [], 'rate_id': 45166, 'deals': [], 'cancellation_type': 'free', 'credit_card': 1, 'bonus': 900, 'miles': 360, 'min_stay': 1, 'mircashback': 450}]",4500.0,360,10562_101hotels,2025-05-12
2291674,,Номер 8 с дополнительным спальным местом и видом на горы,3,1,0,1,Трёхместный и более,3,1,"[{'single': 3, 'sofa': 1}]",[],"[{'id': 971876, 'force_prepayment': 0, 'capacity': 1, 'prepayment': 'FULL', 'nonrefundable': 0, 'cancellation_period': 0, 'cancellation_fee': 'NO', 'breakfast': 1, 'base_price': 3900, 'prices': [3900], 'price': 3900, 'old_price': 3900, 'currency': 'RUB', 'payment_amount': 3900, 'extras_variants': [], 'extras': [], 'rate_id': 45166, 'deals': [], 'cancellation_type': 'free', 'credit_card': 1, 'bonus': 780, 'miles': 312, 'min_stay': 1, 'mircashback': 390}, {'id': 971877, 'force_prepayment': 0, 'capacity': 2, 'prepayment': 'FULL', 'nonrefundable': 0, 'cancellation_period': 0, 'cancellation_fee': 'NO', 'breakfast': 1, 'base_price': 3900, 'prices': [3900], 'price': 3900, 'old_price': 3900, 'currency': 'RUB', 'payment_amount': 3900, 'extras_variants': [], 'extras': [], 'rate_id': 45166, 'deals': [], 'cancellation_type': 'free', 'credit_card': 1, 'bonus': 780, 'miles': 312, 'min_stay': 1, 'mircashback': 390}, {'id': 971878, 'force_prepayment': 0, 'capacity': 3, 'prepayment': 'FULL', 'nonrefundable': 0, 'cancellation_period': 0, 'cancellation_fee': 'NO', 'breakfast': 1, 'base_price': 3900, 'prices': [3900], 'price': 3900, 'old_price': 3900, 'currency': 'RUB', 'payment_amount': 3900, 'extras_variants': [], 'extras': [], 'rate_id': 45166, 'deals': [], 'cancellation_type': 'free', 'credit_card': 1, 'bonus': 780, 'miles': 312, 'min_stay': 1, 'mircashback': 390}]",3900.0,312,10562_101hotels,2025-05-12
2291675,,Номер 9 с дополнительным спальным местом и видом на Байкал,2,1,0,1,Семейный,44,1,"[{'double': 1, 'sofa': 1}]",[],"[{'id': 971895, 'force_prepayment': 0, 'capacity': 1, 'prepayment': 'FULL', 'nonrefundable': 0, 'cancellation_period': 0, 'cancellation_fee': 'NO', 'breakfast': 1, 'base_price': 5500, 'prices': [5500], 'price': 5500, 'old_price': 5500, 'currency': 'RUB', 'payment_amount': 5500, 'extras_variants': [], 'extras': [], 'rate_id': 45166, 'deals': [], 'cancellation_type': 'free', 'credit_card': 1, 'bonus': 1100, 'miles': 440, 'min_stay': 1, 'mircashback': 550}, {'id': 971896, 'force_prepayment': 0, 'capacity': 2, 'prepayment': 'FULL', 'nonrefundable': 0, 'cancellation_period': 0, 'cancellation_fee': 'NO', 'breakfast': 1, 'base_price': 5500, 'prices': [5500], 'price': 5500, 'old_price': 5500, 'currency': 'RUB', 'payment_amount': 5500, 'extras_variants': [], 'extras': [], 'rate_id': 45166, 'deals': [], 'cancellation_type': 'free', 'credit_card': 1, 'bonus': 1100, 'miles': 440, 'min_stay': 1, 'mircashback': 550}]",5500.0,440,10562_101hotels,2025-05-12
2291676,,Номер 10 с видом на Байкал,2,0,0,1,Семейный,44,1,[{'double': 1}],[],"[{'id': 971897, 'force_prepayment': 0, 'capacity': 1, 'prepayment': 'FULL', 'nonrefundable': 0, 'cancellation_period': 0, 'cancellation_fee': 'NO', 'breakfast': 1, 'base_price': 5000, 'prices': [5000], 'price': 5000, 'old_price': 5000, 'currency': 'RUB', 'payment_amount': 5000, 'extras_variants': [], 'extras': [], 'rate_id': 45166, 'deals': [], 'cancellation_type': 'free', 'credit_card': 1, 'bonus': 1000, 'miles': 400, 'min_stay': 1, 'mircashback': 500}, {'id': 971898, 'force_prepayment': 0, 'capacity': 2, 'prepayment': 'FULL', 'nonrefundable': 0, 'cancellation_period': 0, 'cancellation_fee': 'NO', 'breakfast': 1, 'base_price': 5000, 'prices': [5000], 'price': 5000, 'old_price': 5000, 'currency': 'RUB', 'payment_amount': 5000, 'extras_variants': [], 'extras': [], 'rate_id': 45166, 'deals': [], 'cancellation_type': 'free', 'credit_card': 1, 'bonus': 1000, 'miles': 400, 'min_stay': 1, 'mircashback': 500}]",5000.0,400,10562_101hotels,2025-05-12
2291836,,Номер 11 с дополнительным спальным местом и видом на Байкал,2,1,0,1,Семейный,44,1,"[{'double': 1, 'sofa': 1}]",[],"[{'id': 971899, 'force_prepayment': 0, 'capacity': 1, 'prepayment': 'FULL', 'nonrefundable': 0, 'cancellation_period': 0, 'cancellation_fee': 'NO', 'breakfast': 1, 'base_price': 5500, 'prices': [5500], 'price': 5500, 'old_price': 5500, 'currency': 'RUB', 'payment_amount': 5500, 'extras_variants': [], 'extras': [], 'rate_id': 45166, 'deals': [], 'cancellation_type': 'free', 'credit_card': 1, 'bonus': 1100, 'miles': 440, 'min_stay': 1, 'mircashback': 550}, {'id': 971900, 'force_prepayment': 0, 'capacity': 2, 'prepayment': 'FULL', 'nonrefundable': 0, 'cancellation_period': 0, 'cancellation_fee': 'NO', 'breakfast': 1, 'base_price': 5500, 'prices': [5500], 'price': 5500, 'old_price': 5500, 'currency': 'RUB', 'payment_amount': 5500, 'extras_variants': [], 'extras': [], 'rate_id': 45166, 'deals': [], 'cancellation_type': 'free', 'credit_card': 1, 'bonus': 1100, 'miles': 440, 'min_stay': 1, 'mircashback': 550}]",5500.0,440,10562_101hotels,2025-05-12
2291837,,Хостел на 6 человек,6,0,1,0,Шестиместный,36,6,[{'2-tier': 3}],[],"[{'id': 971879, 'force_prepayment': 0, 'capacity': 1, 'prepayment': 'FULL', 'nonrefundable': 0, 'cancellation_period': 0, 'cancellation_fee': 'NO', 'breakfast': 1, 'base_price': 1500, 'prices': [1500], 'price': 1500, 'old_price': 1500, 'currency': 'RUB', 'payment_amount': 1500, 'extras_variants': [], 'extras': [], 'rate_id': 45166, 'deals': [], 'cancellation_type': 'free', 'credit_card': 1, 'bonus': 300, 'miles': 120, 'min_stay': 1, 'mircashback': 150}, {'id': 971880, 'force_prepayment': 0, 'capacity': 2, 'prepayment': 'FULL', 'nonrefundable': 0, 'cancellation_period': 0, 'cancellation_fee': 'NO', 'breakfast': 1, 'base_price': 1500, 'prices': [1500], 'price': 1500, 'old_price': 1500, 'currency': 'RUB', 'payment_amount': 1500, 'extras_variants': [], 'extras': [], 'rate_id': 45166, 'deals': [], 'cancellation_type': 'free', 'credit_card': 1, 'bonus': 300, 'miles': 120, 'min_stay': 1, 'mircashback': 150}, {'id': 971881, 'force_prepayment': 0, 'capacity': 3, 'prepayment': 'FULL', 'nonrefundable': 0, 'cancellation_period': 0, 'cancellation_fee': 'NO', 'breakfast': 1, 'base_price': 1500, 'prices': [1500], 'price': 1500, 'old_price': 1500, 'currency': 'RUB', 'payment_amount': 1500, 'extras_variants': [], 'extras': [], 'rate_id': 45166, 'deals': [], 'cancellation_type': 'free', 'credit_card': 1, 'bonus': 300, 'miles': 120, 'min_stay': 1, 'mircashback': 150}, {'id': 971882, 'force_prepayment': 0, 'capacity': 4, 'prepayment': 'FULL', 'nonrefundable': 0, 'cancellation_period': 0, 'cancellation_fee': 'NO', 'breakfast': 1, 'base_price': 1500, 'prices': [1500], 'price': 1500, 'old_price': 1500, 'currency': 'RUB', 'payment_amount': 1500, 'extras_variants': [], 'extras': [], 'rate_id': 45166, 'deals': [], 'cancellation_type': 'free', 'credit_card': 1, 'bonus': 300, 'miles': 120, 'min_stay': 1, 'mircashback': 150}, {'id': 971883, 'force_prepayment': 0, 'capacity': 5, 'prepayment': 'FULL', 'nonrefundable': 0, 'cancellation_period': 0, 'cancellation_fee': 'NO', 'breakfast': 1, 'base_price': 1500, 'prices': [1500], 'price': 1500, 'old_price': 1500, 'currency': 'RUB', 'payment_amount': 1500, 'extras_variants': [], 'extras': [], 'rate_id': 45166, 'deals': [], 'cancellation_type': 'free', 'credit_card': 1, 'bonus': 300, 'miles': 120, 'min_stay': 1, 'mircashback': 150}, {'id': 971884, 'force_prepayment': 0, 'capacity': 6, 'prepayment': 'FULL', 'nonrefundable': 0, 'cancellation_period': 0, 'cancellation_fee': 'NO', 'breakfast': 1, 'base_price': 1500, 'prices': [1500], 'price': 1500, 'old_price': 1500, 'currency': 'RUB', 'payment_amount': 1500, 'extras_variants': [], 'extras': [], 'rate_id': 45166, 'deals': [], 'cancellation_type': 'free', 'credit_card': 1, 'bonus': 300, 'miles': 120, 'min_stay': 1, 'mircashback': 150}]",1500.0,120,10562_101hotels,2025-05-12
2258942,,С двумя отдельными кроватями,2,0,0,1,Двухместный,2,3,[{'single': 2}],[],"[{'id': 681702, 'force_prepayment': 0, 'capacity': 1, 'prepayment': 'FIRST', 'nonrefundable': 0, 'cancellation_period': 15, 'cancellation_fee': 'FIRST', 'breakfast': 0, 'base_price': 5000, 'prices': [5000], 'price': 5000, 'old_price': 5000, 'currency': 'RUB', 'payment_amount': 5000, 'extras_variants': [], 'extras': [], 'rate_id': 27145, 'deals': [], 'cancellation_type': 'special', 'credit_card': 1, 'bonus': 1000, 'miles': 400, 'min_stay': 1, 'mircashback': 500}, {'id': 681703, 'force_prepayment': 0, 'capacity': 2, 'prepayment': 'FIRST', 'nonrefundable': 0, 'cancellation_period': 15, 'cancellation_fee': 'FIRST', 'breakfast': 0, 'base_price': 5000, 'prices': [5000], 'price': 5000, 'old_price': 5000, 'currency': 'RUB', 'payment_amount': 5000, 'extras_variants': [], 'extras': [], 'rate_id': 27145, 'deals': [], 'cancellation_type': 'special', 'credit_card': 1, 'bonus': 1000, 'miles': 400, 'min_stay': 1, 'mircashback': 500}]",5000.0,400,660481_101hotels,2025-05-12
2258943,,Стандарт без балкона,2,0,0,1,Двухместный,2,3,[{'single': 2}],[],"[{'id': 681704, 'force_prepayment': 0, 'capacity': 1, 'prepayment': 'FIRST', 'nonrefundable': 0, 'cancellation_period': 15, 'cancellation_fee': 'FIRST', 'breakfast': 0, 'base_price': 4500, 'prices': [4500], 'price': 4500, 'old_price': 4500, 'currency': 'RUB', 'payment_amount': 4500, 'extras_variants': [], 'extras': [], 'rate_id': 27145, 'deals': [], 'cancellation_type': 'special', 'credit_card': 1, 'bonus': 900, 'miles': 360, 'min_stay': 1, 'mircashback': 450}, {'id': 681705, 'force_prepayment': 0, 'capacity': 2, 'prepayment': 'FIRST', 'nonrefundable': 0, 'cancellation_period': 15, 'cancellation_fee': 'FIRST', 'breakfast': 0, 'base_price': 4500, 'prices': [4500], 'price': 4500, 'old_price': 4500, 'currency': 'RUB', 'payment_amount': 4500, 'extras_variants': [], 'extras': [], 'rate_id': 27145, 'deals': [], 'cancellation_type': 'special', 'credit_card': 1, 'bonus': 900, 'miles': 360, 'min_stay': 1, 'mircashback': 450}]",4500.0,360,660481_101hotels,2025-05-12
2258944,,Стандарт с балконом,2,0,0,1,Двухместный,2,4,[{'single': 2}],[],"[{'id': 681706, 'force_prepayment': 0, 'capacity': 1, 'prepayment': 'FIRST', 'nonrefundable': 0, 'cancellation_period': 15, 'cancellation_fee': 'FIRST', 'breakfast': 0, 'base_price': 5500, 'prices': [5500], 'price': 5500, 'old_price': 5500, 'currency': 'RUB', 'payment_amount': 5500, 'extras_variants': [], 'extras': [], 'rate_id': 27145, 'deals': [], 'cancellation_type': 'special', 'credit_card': 1, 'bonus': 1100, 'miles': 440, 'min_stay': 1, 'mircashback': 550}, {'id': 681707, 'force_prepayment': 0, 'capacity': 2, 'prepayment': 'FIRST', 'nonrefundable': 0, 'cancellation_period': 15, 'cancellation_fee': 'FIRST', 'breakfast': 0, 'base_price': 5500, 'prices': [5500], 'price': 5500, 'old_price': 5500, 'currency': 'RUB', 'payment_amount': 5500, 'extras_variants': [], 'extras': [], 'rate_id': 27145, 'deals': [], 'cancellation_type': 'special', 'credit_card': 1, 'bonus': 1100, 'miles': 440, 'min_stay': 1, 'mircashback': 550}]",5500.0,440,660481_101hotels,2025-05-12
2258946,,Комната стандарт с 2 Широкими кроватями (мансарда),2,2,0,1,Трехместный,37,2,[{'double': 2}],[],"[{'id': 681715, 'force_prepayment': 0, 'capacity': 2, 'prepayment': 'FIRST', 'nonrefundable': 0, 'cancellation_period': 15, 'cancellation_fee': 'FIRST', 'breakfast': 0, 'base_price': 6000, 'prices': [6000], 'price': 5100, 'old_price': 6000, 'currency': 'RUB', 'payment_amount': 6000, 'extras_variants': [], 'extras': [], 'rate_id': 27145, 'deals': ['BASE'], 'cancellation_type': 'special', 'credit_card': 1, 'bonus': 1020, 'miles': 408, 'min_stay': 1, 'mircashback': 510}]",5100.0,408,660481_101hotels,2025-05-12
2258947,,Комната Семейная с диваном и двумя отдельными кроватями,2,2,0,1,Трехместный,37,1,"[{'single': 2, 'sofa': 1}]",[],"[{'id': 681717, 'force_prepayment': 0, 'capacity': 2, 'prepayment': 'FIRST', 'nonrefundable': 0, 'cancellation_period': 15, 'cancellation_fee': 'FIRST', 'breakfast': 0, 'base_price': 6500, 'prices': [6500], 'price': 5525, 'old_price': 6500, 'currency': 'RUB', 'payment_amount': 6500, 'extras_variants': [], 'extras': [], 'rate_id': 27145, 'deals': ['BASE'], 'cancellation_type': 'special', 'credit_card': 1, 'bonus': 1105, 'miles': 440, 'min_stay': 1, 'mircashback': 553}]",5525.0,440,660481_101hotels,2025-05-12
2258948,,Комната семейная без балкона,3,1,0,1,Трехместный,37,1,"[{'single': 2, 'double': 1}]",[],"[{'id': 681719, 'force_prepayment': 0, 'capacity': 2, 'prepayment': 'FIRST', 'nonrefundable': 0, 'cancellation_period': 15, 'cancellation_fee': 'FIRST', 'breakfast': 0, 'base_price': 5000, 'prices': [5000], 'price': 5000, 'old_price': 5000, 'currency': 'RUB', 'payment_amount': 5000, 'extras_variants': [], 'extras': [], 'rate_id': 27145, 'deals': [], 'cancellation_type': 'special', 'credit_card': 1, 'bonus': 1000, 'miles': 400, 'min_stay': 1, 'mircashback': 500}, {'id': 681720, 'force_prepayment': 0, 'capacity': 3, 'prepayment': 'FIRST', 'nonrefundable': 0, 'cancellation_period': 15, 'cancellation_fee': 'FIRST', 'breakfast': 0, 'base_price': 7500, 'prices': [7500], 'price': 7500, 'old_price': 7500, 'currency': 'RUB', 'payment_amount': 7500, 'extras_variants': [], 'extras': [], 'rate_id': 27145, 'deals': [], 'cancellation_type': 'special', 'credit_card': 1, 'bonus': 1500, 'miles': 600, 'min_stay': 1, 'mircashback': 750}]",5000.0,400,660481_101hotels,2025-05-12
2258950,,Комната улучшенная с большой двуспальной кроватью и балконом,2,0,0,1,Двухместный,2,1,[{'double': 1}],[],"[{'id': 681708, 'force_prepayment': 0, 'capacity': 1, 'prepayment': 'FIRST', 'nonrefundable': 0, 'cancellation_period': 15, 'cancellation_fee': 'FIRST', 'breakfast': 0, 'base_price': 6000, 'prices': [6000], 'price': 5100, 'old_price': 6000, 'currency': 'RUB', 'payment_amount': 6000, 'extras_variants': [], 'extras': [], 'rate_id': 27145, 'deals': ['BASE'], 'cancellation_type': 'special', 'credit_card': 1, 'bonus': 1020, 'miles': 408, 'min_stay': 1, 'mircashback': 510}, {'id': 681709, 'force_prepayment': 0, 'capacity': 2, 'prepayment': 'FIRST', 'nonrefundable': 0, 'cancellation_period': 15, 'cancellation_fee': 'FIRST', 'breakfast': 0, 'base_price': 6000, 'prices': [6000], 'price': 5100, 'old_price': 6000, 'currency': 'RUB', 'payment_amount': 6000, 'extras_variants': [], 'extras': [], 'rate_id': 27145, 'deals': ['BASE'], 'cancellation_type': 'special', 'credit_card': 1, 'bonus': 1020, 'miles': 408, 'min_stay': 1, 'mircashback': 510}]",5100.0,408,660481_101hotels,2025-05-12
2258951,,Комната улучшенная с 1 двуспальной кроватью,2,0,0,1,Двухместный,2,1,[{'double': 1}],[],"[{'id': 681710, 'force_prepayment': 0, 'capacity': 1, 'prepayment': 'FIRST', 'nonrefundable': 0, 'cancellation_period': 15, 'cancellation_fee': 'FIRST', 'breakfast': 0, 'base_price': 5500, 'prices': [5500], 'price': 4675, 'old_price': 5500, 'currency': 'RUB', 'payment_amount': 5500, 'extras_variants': [], 'extras': [], 'rate_id': 27145, 'deals': ['BASE'], 'cancellation_type': 'special', 'credit_card': 1, 'bonus': 935, 'miles': 372, 'min_stay': 1, 'mircashback': 468}, {'id': 681711, 'force_prepayment': 0, 'capacity': 2, 'prepayment': 'FIRST', 'nonrefundable': 0, 'cancellation_period': 15, 'cancellation_fee': 'FIRST', 'breakfast': 0, 'base_price': 5500, 'prices': [5500], 'price': 4675, 'old_price': 5500, 'currency': 'RUB', 'payment_amount': 5500, 'extras_variants': [], 'extras': [], 'rate_id': 27145, 'deals': ['BASE'], 'cancellation_type': 'special', 'credit_card': 1, 'bonus': 935, 'miles': 372, 'min_stay': 1, 'mircashback': 468}]",4675.0,372,660481_101hotels,2025-05-12
2259001,,Мансардный  с двумя отдельными кроватями без балкона,2,0,0,1,Двухместный,2,1,[{'single': 2}],[],"[{'id': 681712, 'force_prepayment': 0, 'capacity': 1, 'prepayment': 'FIRST', 'nonrefundable': 0, 'cancellation_period': 15, 'cancellation_fee': 'FIRST', 'breakfast': 0, 'base_price': 4500, 'prices': [4500], 'price': 4500, 'old_price': 4500, 'currency': 'RUB', 'payment_amount': 4500, 'extras_variants': [], 'extras': [], 'rate_id': 27145, 'deals': [], 'cancellation_type': 'special', 'credit_card': 1, 'bonus': 900, 'miles': 360, 'min_stay': 1, 'mircashback': 450}, {'id': 681713, 'force_prepayment': 0, 'capacity': 2, 'prepayment': 'FIRST', 'nonrefundable': 0, 'cancellation_period': 15, 'cancellation_fee': 'FIRST', 'breakfast': 0, 'base_price': 4500, 'prices': [4500], 'price': 4500, 'old_price': 4500, 'currency': 'RUB', 'payment_amount': 4500, 'extras_variants': [], 'extras': [], 'rate_id': 27145, 'deals': [], 'cancellation_type': 'special', 'credit_card': 1, 'bonus': 900, 'miles': 360, 'min_stay': 1, 'mircashback': 450}]",4500.0,360,660481_101hotels,2025-05-12
61039,,"Комфорт (ул. Гудина, д. 13г)",4,0,0,1,Дом,56,1,"[{'single': 2, 'sofa': 1}]",[],"[{'id': 344683, 'force_prepayment': 0, 'capacity': 1, 'prepayment': 'NO', 'nonrefundable': 0, 'cancellation_period': 0, 'cancellation_fee': 'NO', 'breakfast': 0, 'base_price': 12000, 'prices': [6000, 6000], 'price': 12000, 'old_price': 12000, 'currency': 'RUB', 'payment_amount': 0, 'extras_variants': [], 'extras': [], 'rate_id': 4509, 'deals': [], 'cancellation_type': 'free', 'credit_card': 0, 'bonus': 2400, 'miles': 960, 'min_stay': 2, 'mircashback': 1200}, {'id': 344684, 'force_prepayment': 0, 'capacity': 2, 'prepayment': 'NO', 'nonrefundable': 0, 'cancellation_period': 0, 'cancellation_fee': 'NO', 'breakfast': 0, 'base_price': 12000, 'prices': [6000, 6000], 'price': 12000, 'old_price': 12000, 'currency': 'RUB', 'payment_amount': 0, 'extras_variants': [], 'extras': [], 'rate_id': 4509, 'deals': [], 'cancellation_type': 'free', 'credit_card': 0, 'bonus': 2400, 'miles': 960, 'min_stay': 2, 'mircashback': 1200}, {'id': 344685, 'force_prepayment': 0, 'capacity': 3, 'prepayment': 'NO', 'nonrefundable': 0, 'cancellation_period': 0, 'cancellation_fee': 'NO', 'breakfast': 0, 'base_price': 12000, 'prices': [6000, 6000], 'price': 12000, 'old_price': 12000, 'currency': 'RUB', 'payment_amount': 0, 'extras_variants': [], 'extras': [], 'rate_id': 4509, 'deals': [], 'cancellation_type': 'free', 'credit_card': 0, 'bonus': 2400, 'miles': 960, 'min_stay': 2, 'mircashback': 1200}, {'id': 344686, 'force_prepayment': 0, 'capacity': 4, 'prepayment': 'NO', 'nonrefundable': 0, 'cancellation_period': 0, 'cancellation_fee': 'NO', 'breakfast': 0, 'base_price': 12000, 'prices': [6000, 6000], 'price': 12000, 'old_price': 12000, 'currency': 'RUB', 'payment_amount': 0, 'extras_variants': [], 'extras': [], 'rate_id': 4509, 'deals': [], 'cancellation_type': 'free', 'credit_card': 0, 'bonus': 2400, 'miles': 960, 'min_stay': 2, 'mircashback': 1200}]",12000.0,960,10557_101hotels,2025-05-12
61040,,"С 1 спальней (ул. Гудина, д. 13б)",4,0,0,1,Дом,56,1,"[{'single': 2, 'sofa': 1}]",[],"[{'id': 344687, 'force_prepayment': 0, 'capacity': 1, 'prepayment': 'NO', 'nonrefundable': 0, 'cancellation_period': 0, 'cancellation_fee': 'NO', 'breakfast': 0, 'base_price': 11000, 'prices': [5500, 5500], 'price': 11000, 'old_price': 11000, 'currency': 'RUB', 'payment_amount': 0, 'extras_variants': [], 'extras': [], 'rate_id': 4509, 'deals': [], 'cancellation_type': 'free', 'credit_card': 0, 'bonus': 2200, 'miles': 880, 'min_stay': 2, 'mircashback': 1100}, {'id': 344688, 'force_prepayment': 0, 'capacity': 2, 'prepayment': 'NO', 'nonrefundable': 0, 'cancellation_period': 0, 'cancellation_fee': 'NO', 'breakfast': 0, 'base_price': 11000, 'prices': [5500, 5500], 'price': 11000, 'old_price': 11000, 'currency': 'RUB', 'payment_amount': 0, 'extras_variants': [], 'extras': [], 'rate_id': 4509, 'deals': [], 'cancellation_type': 'free', 'credit_card': 0, 'bonus': 2200, 'miles': 880, 'min_stay': 2, 'mircashback': 1100}, {'id': 344689, 'force_prepayment': 0, 'capacity': 3, 'prepayment': 'NO', 'nonrefundable': 0, 'cancellation_period': 0, 'cancellation_fee': 'NO', 'breakfast': 0, 'base_price': 11000, 'prices': [5500, 5500], 'price': 11000, 'old_price': 11000, 'currency': 'RUB', 'payment_amount': 0, 'extras_variants': [], 'extras': [], 'rate_id': 4509, 'deals': [], 'cancellation_type': 'free', 'credit_card': 0, 'bonus': 2200, 'miles': 880, 'min_stay': 2, 'mircashback': 1100}, {'id': 344690, 'force_prepayment': 0, 'capacity': 4, 'prepayment': 'NO', 'nonrefundable': 0, 'cancellation_period': 0, 'cancellation_fee': 'NO', 'breakfast': 0, 'base_price': 11000, 'prices': [5500, 5500], 'price': 11000, 'old_price': 11000, 'currency': 'RUB', 'payment_amount': 0, 'extras_variants': [], 'extras': [], 'rate_id': 4509, 'deals': [], 'cancellation_type': 'free', 'credit_card': 0, 'bonus': 2200, 'miles': 880, 'min_stay': 2, 'mircashback': 1100}]",11000.0,880,10557_101hotels,2025-05-12
2227105,,Благоустроенный номер,2,0,0,1,Двухместный,2,1,[{'double': 1}],[],"[{'id': 374996, 'force_prepayment': 0, 'capacity': 1, 'prepayment': 'FIRST', 'nonrefundable': 0, 'cancellation_period': 14, 'cancellation_fee': 'FIRST', 'breakfast': 0, 'base_price': 4000, 'prices': [4000], 'price': 4000, 'old_price': 4000, 'currency': 'RUB', 'payment_amount': 4000, 'extras_variants': [], 'extras': [], 'rate_id': 6080, 'deals': [], 'cancellation_type': 'special', 'credit_card': 1, 'bonus': 800, 'miles': 320, 'min_stay': 1, 'mircashback': 400}, {'id': 374997, 'force_prepayment': 0, 'capacity': 2, 'prepayment': 'FIRST', 'nonrefundable': 0, 'cancellation_period': 14, 'cancellation_fee': 'FIRST', 'breakfast': 0, 'base_price': 4000, 'prices': [4000], 'price': 4000, 'old_price': 4000, 'currency': 'RUB', 'payment_amount': 4000, 'extras_variants': [], 'extras': [], 'rate_id': 6080, 'deals': [], 'cancellation_type': 'special', 'credit_card': 1, 'bonus': 800, 'miles': 320, 'min_stay': 1, 'mircashback': 400}]",4000.0,320,652511_101hotels,2025-05-12
2227148,,Благоустроенный номер,3,1,0,1,Трехместный,37,1,"[{'single': 1, 'double': 1}]",[],"[{'id': 377133, 'force_prepayment': 0, 'capacity': 1, 'prepayment': 'FIRST', 'nonrefundable': 0, 'cancellation_period': 14, 'cancellation_fee': 'FIRST', 'breakfast': 0, 'base_price': 6000, 'prices': [6000], 'price': 6000, 'old_price': 6000, 'currency': 'RUB', 'payment_amount': 6000, 'extras_variants': [], 'extras': [], 'rate_id': 6080, 'deals': [], 'cancellation_type': 'special', 'credit_card': 1, 'bonus': 1200, 'miles': 480, 'min_stay': 1, 'mircashback': 600}, {'id': 377134, 'force_prepayment': 0, 'capacity': 2, 'prepayment': 'FIRST', 'nonrefundable': 0, 'cancellation_period': 14, 'cancellation_fee': 'FIRST', 'breakfast': 0, 'base_price': 6000, 'prices': [6000], 'price': 6000, 'old_price': 6000, 'currency': 'RUB', 'payment_amount': 6000, 'extras_variants': [], 'extras': [], 'rate_id': 6080, 'deals': [], 'cancellation_type': 'special', 'credit_card': 1, 'bonus': 1200, 'miles': 480, 'min_stay': 1, 'mircashback': 600}, {'id': 377135, 'force_prepayment': 0, 'capacity': 3, 'prepayment': 'FIRST', 'nonrefundable': 0, 'cancellation_period': 14, 'cancellation_fee': 'FIRST', 'breakfast': 0, 'base_price': 6000, 'prices': [6000], 'price': 6000, 'old_price': 6000, 'currency': 'RUB', 'payment_amount': 6000, 'extras_variants': [], 'extras': [], 'rate_id': 6080, 'deals': [], 'cancellation_type': 'special', 'credit_card': 1, 'bonus': 1200, 'miles': 480, 'min_stay': 1, 'mircashback': 600}]",6000.0,480,652511_101hotels,2025-05-12
2227149,,четырехместный благоустроенный номер,4,0,0,1,Трёхместный и более,3,1,"[{'single': 2, 'double': 1}]",[],"[{'id': 377136, 'force_prepayment': 0, 'capacity': 1, 'prepayment': 'FIRST', 'nonrefundable': 0, 'cancellation_period': 14, 'cancellation_fee': 'FIRST', 'breakfast': 0, 'base_price': 7000, 'prices': [7000], 'price': 7000, 'old_price': 7000, 'currency': 'RUB', 'payment_amount': 7000, 'extras_variants': [], 'extras': [], 'rate_id': 6080, 'deals': [], 'cancellation_type': 'special', 'credit_card': 1, 'bonus': 1400, 'miles': 560, 'min_stay': 1, 'mircashback': 700}, {'id': 377137, 'force_prepayment': 0, 'capacity': 2, 'prepayment': 'FIRST', 'nonrefundable': 0, 'cancellation_period': 14, 'cancellation_fee': 'FIRST', 'breakfast': 0, 'base_price': 7000, 'prices': [7000], 'price': 7000, 'old_price': 7000, 'currency': 'RUB', 'payment_amount': 7000, 'extras_variants': [], 'extras': [], 'rate_id': 6080, 'deals': [], 'cancellation_type': 'special', 'credit_card': 1, 'bonus': 1400, 'miles': 560, 'min_stay': 1, 'mircashback': 700}, {'id': 377138, 'force_prepayment': 0, 'capacity': 3, 'prepayment': 'FIRST', 'nonrefundable': 0, 'cancellation_period': 14, 'cancellation_fee': 'FIRST', 'breakfast': 0, 'base_price': 7000, 'prices': [7000], 'price': 7000, 'old_price': 7000, 'currency': 'RUB', 'payment_amount': 7000, 'extras_variants': [], 'extras': [], 'rate_id': 6080, 'deals': [], 'cancellation_type': 'special', 'credit_card': 1, 'bonus': 1400, 'miles': 560, 'min_stay': 1, 'mircashback': 700}, {'id': 377139, 'force_prepayment': 0, 'capacity': 4, 'prepayment': 'FIRST', 'nonrefundable': 0, 'cancellation_period': 14, 'cancellation_fee': 'FIRST', 'breakfast': 0, 'base_price': 7000, 'prices': [7000], 'price': 7000, 'old_price': 7000, 'currency': 'RUB', 'payment_amount': 7000, 'extras_variants': [], 'extras': [], 'rate_id': 6080, 'deals': [], 'cancellation_type': 'special', 'credit_card': 1, 'bonus': 1400, 'miles': 560, 'min_stay': 1, 'mircashback': 700}]",7000.0,560,652511_101hotels,2025-05-12
2227150,,Бюджетный номер,2,0,0,0,Двухместный,2,1,[{'double': 1}],[],"[{'id': 377140, 'force_prepayment': 0, 'capacity': 1, 'prepayment': 'FIRST', 'nonrefundable': 0, 'cancellation_period': 14, 'cancellation_fee': 'FIRST', 'breakfast': 0, 'base_price': 2500, 'prices': [2500], 'price': 2500, 'old_price': 2500, 'currency': 'RUB', 'payment_amount': 2500, 'extras_variants': [], 'extras': [], 'rate_id': 6080, 'deals': [], 'cancellation_type': 'special', 'credit_card': 1, 'bonus': 500, 'miles': 200, 'min_stay': 1, 'mircashback': 250}, {'id': 377141, 'force_prepayment': 0, 'capacity': 2, 'prepayment': 'FIRST', 'nonrefundable': 0, 'cancellation_period': 14, 'cancellation_fee': 'FIRST', 'breakfast': 0, 'base_price': 2500, 'prices': [2500], 'price': 2500, 'old_price': 2500, 'currency': 'RUB', 'payment_amount': 2500, 'extras_variants': [], 'extras': [], 'rate_id': 6080, 'deals': [], 'cancellation_type': 'special', 'credit_card': 1, 'bonus': 500, 'miles': 200, 'min_stay': 1, 'mircashback': 250}]",2500.0,200,652511_101hotels,2025-05-12
2227151,,трехместный бюджетный номер,3,0,0,0,Трёхместный и более,3,1,"[{'single': 1, 'double': 1}]",[],"[{'id': 377142, 'force_prepayment': 0, 'capacity': 1, 'prepayment': 'FIRST', 'nonrefundable': 0, 'cancellation_period': 14, 'cancellation_fee': 'FIRST', 'breakfast': 0, 'base_price': 3700, 'prices': [3700], 'price': 3700, 'old_price': 3700, 'currency': 'RUB', 'payment_amount': 3700, 'extras_variants': [], 'extras': [], 'rate_id': 6080, 'deals': [], 'cancellation_type': 'special', 'credit_card': 1, 'bonus': 740, 'miles': 296, 'min_stay': 1, 'mircashback': 370}, {'id': 377143, 'force_prepayment': 0, 'capacity': 2, 'prepayment': 'FIRST', 'nonrefundable': 0, 'cancellation_period': 14, 'cancellation_fee': 'FIRST', 'breakfast': 0, 'base_price': 2700, 'prices': [2700], 'price': 2700, 'old_price': 2700, 'currency': 'RUB', 'payment_amount': 2700, 'extras_variants': [], 'extras': [], 'rate_id': 6080, 'deals': [], 'cancellation_type': 'special', 'credit_card': 1, 'bonus': 540, 'miles': 216, 'min_stay': 1, 'mircashback': 270}, {'id': 377144, 'force_prepayment': 0, 'capacity': 3, 'prepayment': 'FIRST', 'nonrefundable': 0, 'cancellation_period': 14, 'cancellation_fee': 'FIRST', 'breakfast': 0, 'base_price': 3700, 'prices': [3700], 'price': 3700, 'old_price': 3700, 'currency': 'RUB', 'payment_amount': 3700, 'extras_variants': [], 'extras': [], 'rate_id': 6080, 'deals': [], 'cancellation_type': 'special', 'credit_card': 1, 'bonus': 740, 'miles': 296, 'min_stay': 1, 'mircashback': 370}]",2700.0,216,652511_101hotels,2025-05-12
2227152,,Улучшенный благоустроенный номер,2,0,0,1,Двухместный,2,1,[{'double': 1}],[],"[{'id': 377145, 'force_prepayment': 0, 'capacity': 1, 'prepayment': 'FIRST', 'nonrefundable': 0, 'cancellation_period': 14, 'cancellation_fee': 'FIRST', 'breakfast': 0, 'base_price': 4500, 'prices': [4500], 'price': 4500, 'old_price': 4500, 'currency': 'RUB', 'payment_amount': 4500, 'extras_variants': [], 'extras': [], 'rate_id': 6080, 'deals': [], 'cancellation_type': 'special', 'credit_card': 1, 'bonus': 900, 'miles': 360, 'min_stay': 1, 'mircashback': 450}, {'id': 377146, 'force_prepayment': 0, 'capacity': 2, 'prepayment': 'FIRST', 'nonrefundable': 0, 'cancellation_period': 14, 'cancellation_fee': 'FIRST', 'breakfast': 0, 'base_price': 4500, 'prices': [4500], 'price': 4500, 'old_price': 4500, 'currency': 'RUB', 'payment_amount': 4500, 'extras_variants': [], 'extras': [], 'rate_id': 6080, 'deals': [], 'cancellation_type': 'special', 'credit_card': 1, 'bonus': 900, 'miles': 360, 'min_stay': 1, 'mircashback': 450}]",4500.0,360,652511_101hotels,2025-05-12
2294368,,Домики,3,1,0,1,Мини-дом,57,3,"[{'single': 1, 'double': 1}]",[],"[{'id': 992210, 'force_prepayment': 0, 'capacity': 1, 'prepayment': 'FIRST', 'nonrefundable': 0, 'cancellation_period': 0, 'cancellation_fee': 'NO', 'breakfast': 0, 'base_price': 9000, 'prices': [9000], 'price': 7200, 'old_price': 9000, 'currency': 'RUB', 'payment_amount': 9000, 'extras_variants': [], 'extras': [], 'rate_id': 47431, 'deals': ['LAST_MINUTE'], 'cancellation_type': 'free', 'credit_card': 1, 'bonus': 1440, 'miles': 576, 'min_stay': 1, 'mircashback': 720}, {'id': 992213, 'force_prepayment': 0, 'capacity': 1, 'prepayment': 'FIRST', 'nonrefundable': 0, 'cancellation_period': 0, 'cancellation_fee': 'NO', 'breakfast': 0, 'base_price': 9000, 'prices': [9000], 'price': 9000, 'old_price': 9000, 'currency': 'RUB', 'payment_amount': 9000, 'extras_variants': [], 'extras': [], 'rate_id': 47432, 'deals': [], 'cancellation_type': 'free', 'credit_card': 1, 'bonus': 1800, 'miles': 720, 'min_stay': 1, 'mircashback': 900}, {'id': 992211, 'force_prepayment': 0, 'capacity': 2, 'prepayment': 'FIRST', 'nonrefundable': 0, 'cancellation_period': 0, 'cancellation_fee': 'NO', 'breakfast': 0, 'base_price': 9000, 'prices': [9000], 'price': 7200, 'old_price': 9000, 'currency': 'RUB', 'payment_amount': 9000, 'extras_variants': [], 'extras': [], 'rate_id': 47431, 'deals': ['LAST_MINUTE'], 'cancellation_type': 'free', 'credit_card': 1, 'bonus': 1440, 'miles': 576, 'min_stay': 1, 'mircashback': 720}, {'id': 992214, 'force_prepayment': 0, 'capacity': 2, 'prepayment': 'FIRST', 'nonrefundable': 0, 'cancellation_period': 0, 'cancellation_fee': 'NO', 'breakfast': 0, 'base_price': 9000, 'prices': [9000], 'price': 9000, 'old_price': 9000, 'currency': 'RUB', 'payment_amount': 9000, 'extras_variants': [], 'extras': [], 'rate_id': 47432, 'deals': [], 'cancellation_type': 'free', 'credit_card': 1, 'bonus': 1800, 'miles': 720, 'min_stay': 1, 'mircashback': 900}, {'id': 992212, 'force_prepayment': 0, 'capacity': 3, 'prepayment': 'FIRST', 'nonrefundable': 0, 'cancellation_period': 0, 'cancellation_fee': 'NO', 'breakfast': 0, 'base_price': 9000, 'prices': [9000], 'price': 7200, 'old_price': 9000, 'currency': 'RUB', 'payment_amount': 9000, 'extras_variants': [], 'extras': [], 'rate_id': 47431, 'deals': ['LAST_MINUTE'], 'cancellation_type': 'free', 'credit_card': 1, 'bonus': 1440, 'miles': 576, 'min_stay': 1, 'mircashback': 720}, {'id': 992215, 'force_prepayment': 0, 'capacity': 3, 'prepayment': 'FIRST', 'nonrefundable': 0, 'cancellation_period': 0, 'cancellation_fee': 'NO', 'breakfast': 0, 'base_price': 9000, 'prices': [9000], 'price': 9000, 'old_price': 9000, 'currency': 'RUB', 'payment_amount': 9000, 'extras_variants': [], 'extras': [], 'rate_id': 47432, 'deals': [], 'cancellation_type': 'free', 'credit_card': 1, 'bonus': 1800, 'miles': 720, 'min_stay': 1, 'mircashback': 900}]",7200.0,576,671631_101hotels,2025-05-12
1867680,,"с 1 кроватью, вид на озеро",2,1,0,1,Двухместный,2,3,[{'single': 1}],[],"[{'id': 810651, 'force_prepayment': 0, 'capacity': 2, 'prepayment': 'FULL', 'nonrefundable': 0, 'cancellation_period': 0, 'cancellation_fee': 'NO', 'breakfast': 0, 'base_price': 3500, 'prices': [3500], 'price': 3500, 'old_price': 3500, 'currency': 'RUB', 'payment_amount': 3500, 'extras_variants': [], 'extras': [], 'rate_id': 37086, 'deals': [], 'cancellation_type': 'free', 'credit_card': 1, 'bonus': 700, 'miles': 280, 'min_stay': 1, 'mircashback': 350}]",3500.0,280,559426_101hotels,2025-05-12
1867683,,с 2 отдельными кроватями и видом на озеро,2,1,0,1,Двухместный,2,3,[{'single': 2}],[],"[{'id': 810653, 'force_prepayment': 0, 'capacity': 2, 'prepayment': 'FULL', 'nonrefundable': 0, 'cancellation_period': 0, 'cancellation_fee': 'NO', 'breakfast': 0, 'base_price': 3500, 'prices': [3500], 'price': 3500, 'old_price': 3500, 'currency': 'RUB', 'payment_amount': 3500, 'extras_variants': [], 'extras': [], 'rate_id': 37086, 'deals': [], 'cancellation_type': 'free', 'credit_card': 1, 'bonus': 700, 'miles': 280, 'min_stay': 1, 'mircashback': 350}]",3500.0,280,559426_101hotels,2025-05-12
1867687,,с видом на озеро,3,1,0,1,Трехместный,37,3,[{'single': 2}],[],"[{'id': 810660, 'force_prepayment': 0, 'capacity': 3, 'prepayment': 'FULL', 'nonrefundable': 0, 'cancellation_period': 0, 'cancellation_fee': 'NO', 'breakfast': 0, 'base_price': 4500, 'prices': [4500], 'price': 4500, 'old_price': 4500, 'currency': 'RUB', 'payment_amount': 4500, 'extras_variants': [], 'extras': [], 'rate_id': 37086, 'deals': [], 'cancellation_type': 'free', 'credit_card': 1, 'bonus': 900, 'miles': 360, 'min_stay': 1, 'mircashback': 450}]",4500.0,360,559426_101hotels,2025-05-12
1867689,,с собственной ванной комнатой вне номера,4,1,0,1,Четырехместный,34,1,[{'single': 2}],[],"[{'id': 810657, 'force_prepayment': 0, 'capacity': 4, 'prepayment': 'FULL', 'nonrefundable': 0, 'cancellation_period': 0, 'cancellation_fee': 'NO', 'breakfast': 0, 'base_price': 6000, 'prices': [6000], 'price': 6000, 'old_price': 6000, 'currency': 'RUB', 'payment_amount': 6000, 'extras_variants': [], 'extras': [], 'rate_id': 37086, 'deals': [], 'cancellation_type': 'free', 'credit_card': 1, 'bonus': 1200, 'miles': 480, 'min_stay': 1, 'mircashback': 600}]",6000.0,480,559426_101hotels,2025-05-12
2228441,,,2,1,0,1,Двухместный,2,4,[{'single': 2}],[],"[{'id': 391349, 'force_prepayment': 0, 'capacity': 1, 'prepayment': 'NO', 'nonrefundable': 0, 'cancellation_period': 0, 'cancellation_fee': 'NO', 'breakfast': 0, 'base_price': 3000, 'prices': [3000], 'price': 3000, 'old_price': 3000, 'currency': 'RUB', 'payment_amount': 0, 'extras_variants': [], 'extras': [], 'rate_id': 6940, 'deals': [], 'cancellation_type': 'free', 'credit_card': 0, 'bonus': 600, 'miles': 240, 'min_stay': 1, 'mircashback': 300}, {'id': 391350, 'force_prepayment': 0, 'capacity': 2, 'prepayment': 'NO', 'nonrefundable': 0, 'cancellation_period': 0, 'cancellation_fee': 'NO', 'breakfast': 0, 'base_price': 4200, 'prices': [4200], 'price': 4200, 'old_price': 4200, 'currency': 'RUB', 'payment_amount': 0, 'extras_variants': [], 'extras': [], 'rate_id': 6940, 'deals': [], 'cancellation_type': 'free', 'credit_card': 0, 'bonus': 840, 'miles': 336, 'min_stay': 1, 'mircashback': 420}]",3000.0,240,652826_101hotels,2025-05-12
79510,,Номер с 2 отдельными кроватями и душем,2,0,0,1,Двухместный,2,5,[{'single': 2}],[],"[{'id': 403796, 'force_prepayment': 0, 'capacity': 1, 'prepayment': 'NO', 'nonrefundable': 0, 'cancellation_period': 0, 'cancellation_fee': 'NO', 'breakfast': 1, 'base_price': 5400, 'prices': [5400], 'price': 5400, 'old_price': 5400, 'currency': 'RUB', 'payment_amount': 0, 'extras_variants': [], 'extras': [], 'rate_id': 7725, 'deals': [], 'cancellation_type': 'free', 'credit_card': 0, 'bonus': 1080, 'miles': 432, 'min_stay': 1, 'mircashback': 540}, {'id': 403797, 'force_prepayment': 0, 'capacity': 2, 'prepayment': 'NO', 'nonrefundable': 0, 'cancellation_period': 0, 'cancellation_fee': 'NO', 'breakfast': 1, 'base_price': 5400, 'prices': [5400], 'price': 5400, 'old_price': 5400, 'currency': 'RUB', 'payment_amount': 0, 'extras_variants': [], 'extras': [], 'rate_id': 7725, 'deals': [], 'cancellation_type': 'free', 'credit_card': 0, 'bonus': 1080, 'miles': 432, 'min_stay': 1, 'mircashback': 540}]",5400.0,432,15486_101hotels,2025-05-12
79513,,С 1 спальней,2,0,0,1,Апартаменты,14,1,[{'g-double': 1}],[],"[{'id': 403802, 'force_prepayment': 0, 'capacity': 1, 'prepayment': 'NO', 'nonrefundable': 0, 'cancellation_period': 0, 'cancellation_fee': 'NO', 'breakfast': 1, 'base_price': 14950, 'prices': [14950], 'price': 14950, 'old_price': 14950, 'currency': 'RUB', 'payment_amount': 0, 'extras_variants': [], 'extras': [], 'rate_id': 7725, 'deals': [], 'cancellation_type': 'free', 'credit_card': 0, 'bonus': 2990, 'miles': 1196, 'min_stay': 1, 'mircashback': 1495}, {'id': 403803, 'force_prepayment': 0, 'capacity': 2, 'prepayment': 'NO', 'nonrefundable': 0, 'cancellation_period': 0, 'cancellation_fee': 'NO', 'breakfast': 1, 'base_price': 14950, 'prices': [14950], 'price': 14950, 'old_price': 14950, 'currency': 'RUB', 'payment_amount': 0, 'extras_variants': [], 'extras': [], 'rate_id': 7725, 'deals': [], 'cancellation_type': 'free', 'credit_card': 0, 'bonus': 2990, 'miles': 1196, 'min_stay': 1, 'mircashback': 1495}]",14950.0,1196,15486_101hotels,2025-05-12
2208004,,Улучшенный номер с 2 отдельными кроватями и видом на море,2,0,0,1,Двухместный,2,4,[{'single': 2}],[],"[{'id': 403798, 'force_prepayment': 0, 'capacity': 1, 'prepayment': 'NO', 'nonrefundable': 0, 'cancellation_period': 0, 'cancellation_fee': 'NO', 'breakfast': 1, 'base_price': 8900, 'prices': [8900], 'price': 8900, 'old_price': 8900, 'currency': 'RUB', 'payment_amount': 0, 'extras_variants': [], 'extras': [], 'rate_id': 7725, 'deals': [], 'cancellation_type': 'free', 'credit_card': 0, 'bonus': 1780, 'miles': 712, 'min_stay': 1, 'mircashback': 890}, {'id': 403799, 'force_prepayment': 0, 'capacity': 2, 'prepayment': 'NO', 'nonrefundable': 0, 'cancellation_period': 0, 'cancellation_fee': 'NO', 'breakfast': 1, 'base_price': 8900, 'prices': [8900], 'price': 8900, 'old_price': 8900, 'currency': 'RUB', 'payment_amount': 0, 'extras_variants': [], 'extras': [], 'rate_id': 7725, 'deals': [], 'cancellation_type': 'free', 'credit_card': 0, 'bonus': 1780, 'miles': 712, 'min_stay': 1, 'mircashback': 890}]",8900.0,712,15486_101hotels,2025-05-12
1311622,,Стандарт с 1 кроватью,2,0,0,1,Двухместный,2,4,[{'double': 1}],[],"[{'id': 493673, 'force_prepayment': 0, 'capacity': 1, 'prepayment': 'FIRST', 'nonrefundable': 0, 'cancellation_period': 3, 'cancellation_fee': 'FIRST', 'breakfast': 1, 'base_price': 5600, 'prices': [5600], 'price': 5600, 'old_price': 5600, 'currency': 'RUB', 'payment_amount': 5600, 'extras_variants': [], 'extras': [], 'rate_id': 13904, 'deals': [], 'cancellation_type': 'special', 'credit_card': 1, 'bonus': 1120, 'miles': 448, 'min_stay': 1, 'mircashback': 560}, {'id': 493674, 'force_prepayment': 0, 'capacity': 2, 'prepayment': 'FIRST', 'nonrefundable': 0, 'cancellation_period': 3, 'cancellation_fee': 'FIRST', 'breakfast': 1, 'base_price': 6500, 'prices': [6500], 'price': 6500, 'old_price': 6500, 'currency': 'RUB', 'payment_amount': 6500, 'extras_variants': [], 'extras': [], 'rate_id': 13904, 'deals': [], 'cancellation_type': 'special', 'credit_card': 1, 'bonus': 1300, 'miles': 520, 'min_stay': 1, 'mircashback': 650}]",5600.0,448,411742_101hotels,2025-05-12
1311623,,Стандарт с 2 отдельными кроватями,2,0,0,1,Двухместный,2,1,[{'single': 2}],[],"[{'id': 493675, 'force_prepayment': 0, 'capacity': 1, 'prepayment': 'FIRST', 'nonrefundable': 0, 'cancellation_period': 3, 'cancellation_fee': 'FIRST', 'breakfast': 1, 'base_price': 5600, 'prices': [5600], 'price': 5600, 'old_price': 5600, 'currency': 'RUB', 'payment_amount': 5600, 'extras_variants': [], 'extras': [], 'rate_id': 13904, 'deals': [], 'cancellation_type': 'special', 'credit_card': 1, 'bonus': 1120, 'miles': 448, 'min_stay': 1, 'mircashback': 560}, {'id': 493676, 'force_prepayment': 0, 'capacity': 2, 'prepayment': 'FIRST', 'nonrefundable': 0, 'cancellation_period': 3, 'cancellation_fee': 'FIRST', 'breakfast': 1, 'base_price': 6500, 'prices': [6500], 'price': 6500, 'old_price': 6500, 'currency': 'RUB', 'payment_amount': 6500, 'extras_variants': [], 'extras': [], 'rate_id': 13904, 'deals': [], 'cancellation_type': 'special', 'credit_card': 1, 'bonus': 1300, 'miles': 520, 'min_stay': 1, 'mircashback': 650}]",5600.0,448,411742_101hotels,2025-05-12
1311624,,Стандарт улучшенный с 1 кроватью или 2 отдельными кроватями,2,1,0,1,Двухместный,2,13,"[{'single': 2}, {'double': 1}]","[{'number': '1', 'min_age': '0', 'max_age': '2', 'is_extra_bed': '1', 'extra_bed_type_id': '4'}]","[{'id': 493677, 'force_prepayment': 0, 'capacity': 1, 'prepayment': 'FIRST', 'nonrefundable': 0, 'cancellation_period': 3, 'cancellation_fee': 'FIRST', 'breakfast': 1, 'base_price': 7000, 'prices': [7000], 'price': 7000, 'old_price': 7000, 'currency': 'RUB', 'payment_amount': 7000, 'extras_variants': [], 'extras': [], 'rate_id': 13904, 'deals': [], 'cancellation_type': 'special', 'credit_card': 1, 'bonus': 1400, 'miles': 560, 'min_stay': 1, 'mircashback': 700}, {'id': 493678, 'force_prepayment': 0, 'capacity': 2, 'prepayment': 'FIRST', 'nonrefundable': 0, 'cancellation_period': 3, 'cancellation_fee': 'FIRST', 'breakfast': 1, 'base_price': 7700, 'prices': [7700], 'price': 7700, 'old_price': 7700, 'currency': 'RUB', 'payment_amount': 7700, 'extras_variants': [], 'extras': [], 'rate_id': 13904, 'deals': [], 'cancellation_type': 'special', 'credit_card': 1, 'bonus': 1540, 'miles': 616, 'min_stay': 1, 'mircashback': 770}]",7000.0,560,411742_101hotels,2025-05-12
1311625,,Джуниор Сьют,2,1,0,1,Студио,5,4,"[{'single': 2}, {'double': 1}]","[{'number': '1', 'min_age': '0', 'max_age': '2', 'is_extra_bed': '1', 'extra_bed_type_id': '4'}]","[{'id': 493679, 'force_prepayment': 0, 'capacity': 1, 'prepayment': 'FIRST', 'nonrefundable': 0, 'cancellation_period': 3, 'cancellation_fee': 'FIRST', 'breakfast': 1, 'base_price': 10500, 'prices': [10500], 'price': 10500, 'old_price': 10500, 'currency': 'RUB', 'payment_amount': 10500, 'extras_variants': [], 'extras': [], 'rate_id': 13904, 'deals': [], 'cancellation_type': 'special', 'credit_card': 1, 'bonus': 2100, 'miles': 840, 'min_stay': 1, 'mircashback': 1050}, {'id': 493680, 'force_prepayment': 0, 'capacity': 2, 'prepayment': 'FIRST', 'nonrefundable': 0, 'cancellation_period': 3, 'cancellation_fee': 'FIRST', 'breakfast': 1, 'base_price': 10500, 'prices': [10500], 'price': 10500, 'old_price': 10500, 'currency': 'RUB', 'payment_amount': 10500, 'extras_variants': [], 'extras': [], 'rate_id': 13904, 'deals': [], 'cancellation_type': 'special', 'credit_card': 1, 'bonus': 2100, 'miles': 840, 'min_stay': 1, 'mircashback': 1050}]",10500.0,840,411742_101hotels,2025-05-12
1311626,,Двухкомнатный номер с видом на озеро,2,2,0,1,Люкс,6,1,"[{'single': 2}, {'double': 1}]","[{'number': '1', 'min_age': '0', 'max_age': '2', 'is_extra_bed': '1', 'extra_bed_type_id': '4'}]","[{'id': 493681, 'force_prepayment': 0, 'capacity': 1, 'prepayment': 'FIRST', 'nonrefundable': 0, 'cancellation_period': 3, 'cancellation_fee': 'FIRST', 'breakfast': 1, 'base_price': 12200, 'prices': [12200], 'price': 12200, 'old_price': 12200, 'currency': 'RUB', 'payment_amount': 12200, 'extras_variants': [], 'extras': [], 'rate_id': 13904, 'deals': [], 'cancellation_type': 'special', 'credit_card': 1, 'bonus': 2440, 'miles': 976, 'min_stay': 1, 'mircashback': 1220}, {'id': 493682, 'force_prepayment': 0, 'capacity': 2, 'prepayment': 'FIRST', 'nonrefundable': 0, 'cancellation_period': 3, 'cancellation_fee': 'FIRST', 'breakfast': 1, 'base_price': 12200, 'prices': [12200], 'price': 12200, 'old_price': 12200, 'currency': 'RUB', 'payment_amount': 12200, 'extras_variants': [], 'extras': [], 'rate_id': 13904, 'deals': [], 'cancellation_type': 'special', 'credit_card': 1, 'bonus': 2440, 'miles': 976, 'min_stay': 1, 'mircashback': 1220}]",12200.0,976,411742_101hotels,2025-05-12
2278075,,"Номер высшей категории ""Джуниор Сюит""  - Премиальный",2,2,0,1,Полулюкс,4,2,"[{'single': 2}, {'double': 1}]",[],"[{'id': 835105, 'force_prepayment': 0, 'capacity': 1, 'prepayment': 'FIRST', 'nonrefundable': 0, 'cancellation_period': 3, 'cancellation_fee': 'FIRST', 'breakfast': 1, 'base_price': 15600, 'prices': [15600], 'price': 15600, 'old_price': 15600, 'currency': 'RUB', 'payment_amount': 15600, 'extras_variants': [], 'extras': [], 'rate_id': 13904, 'deals': [], 'cancellation_type': 'special', 'credit_card': 1, 'bonus': 3120, 'miles': 1248, 'min_stay': 1, 'mircashback': 1560}, {'id': 835106, 'force_prepayment': 0, 'capacity': 2, 'prepayment': 'FIRST', 'nonrefundable': 0, 'cancellation_period': 3, 'cancellation_fee': 'FIRST', 'breakfast': 1, 'base_price': 15600, 'prices': [15600], 'price': 15600, 'old_price': 15600, 'currency': 'RUB', 'payment_amount': 15600, 'extras_variants': [], 'extras': [], 'rate_id': 13904, 'deals': [], 'cancellation_type': 'special', 'credit_card': 1, 'bonus': 3120, 'miles': 1248, 'min_stay': 1, 'mircashback': 1560}]",15600.0,1248,411742_101hotels,2025-05-12
142516,,Двухэтажный с 3 спальнями,8,2,0,1,Коттедж,15,2,"[{'double': 3, 'sofa': 1}, {'double': 1}, {'double': 1}]",[],"[{'id': 378249, 'force_prepayment': 0, 'capacity': 1, 'prepayment': 'FULL', 'nonrefundable': 0, 'cancellation_period': 3, 'cancellation_fee': 'FIRST', 'breakfast': 1, 'base_price': 58320, 'prices': [58320], 'price': 58320, 'old_price': 58320, 'currency': 'RUB', 'payment_amount': 58320, 'extras_variants': [], 'extras': [], 'rate_id': 6256, 'deals': [], 'cancellation_type': 'special', 'credit_card': 1, 'bonus': 11664, 'miles': 4664, 'min_stay': 1, 'mircashback': 5832}, {'id': 378250, 'force_prepayment': 0, 'capacity': 2, 'prepayment': 'FULL', 'nonrefundable': 0, 'cancellation_period': 3, 'cancellation_fee': 'FIRST', 'breakfast': 1, 'base_price': 58320, 'prices': [58320], 'price': 58320, 'old_price': 58320, 'currency': 'RUB', 'payment_amount': 58320, 'extras_variants': [], 'extras': [], 'rate_id': 6256, 'deals': [], 'cancellation_type': 'special', 'credit_card': 1, 'bonus': 11664, 'miles': 4664, 'min_stay': 1, 'mircashback': 5832}, {'id': 378251, 'force_prepayment': 0, 'capacity': 3, 'prepayment': 'FULL', 'nonrefundable': 0, 'cancellation_period': 3, 'cancellation_fee': 'FIRST', 'breakfast': 1, 'base_price': 58320, 'prices': [58320], 'price': 58320, 'old_price': 58320, 'currency': 'RUB', 'payment_amount': 58320, 'extras_variants': [], 'extras': [], 'rate_id': 6256, 'deals': [], 'cancellation_type': 'special', 'credit_card': 1, 'bonus': 11664, 'miles': 4664, 'min_stay': 1, 'mircashback': 5832}, {'id': 378252, 'force_prepayment': 0, 'capacity': 4, 'prepayment': 'FULL', 'nonrefundable': 0, 'cancellation_period': 3, 'cancellation_fee': 'FIRST', 'breakfast': 1, 'base_price': 58320, 'prices': [58320], 'price': 58320, 'old_price': 58320, 'currency': 'RUB', 'payment_amount': 58320, 'extras_variants': [], 'extras': [], 'rate_id': 6256, 'deals': [], 'cancellation_type': 'special', 'credit_card': 1, 'bonus': 11664, 'miles': 4664, 'min_stay': 1, 'mircashback': 5832}, {'id': 378253, 'force_prepayment': 0, 'capacity': 5, 'prepayment': 'FULL', 'nonrefundable': 0, 'cancellation_period': 3, 'cancellation_fee': 'FIRST', 'breakfast': 1, 'base_price': 58320, 'prices': [58320], 'price': 58320, 'old_price': 58320, 'currency': 'RUB', 'payment_amount': 58320, 'extras_variants': [], 'extras': [], 'rate_id': 6256, 'deals': [], 'cancellation_type': 'special', 'credit_card': 1, 'bonus': 11664, 'miles': 4664, 'min_stay': 1, 'mircashback': 5832}, {'id': 378254, 'force_prepayment': 0, 'capacity': 6, 'prepayment': 'FULL', 'nonrefundable': 0, 'cancellation_period': 3, 'cancellation_fee': 'FIRST', 'breakfast': 1, 'base_price': 58320, 'prices': [58320], 'price': 58320, 'old_price': 58320, 'currency': 'RUB', 'payment_amount': 58320, 'extras_variants': [], 'extras': [], 'rate_id': 6256, 'deals': [], 'cancellation_type': 'special', 'credit_card': 1, 'bonus': 11664, 'miles': 4664, 'min_stay': 1, 'mircashback': 5832}, {'id': 378255, 'force_prepayment': 0, 'capacity': 7, 'prepayment': 'FULL', 'nonrefundable': 0, 'cancellation_period': 3, 'cancellation_fee': 'FIRST', 'breakfast': 1, 'base_price': 58320, 'prices': [58320], 'price': 58320, 'old_price': 58320, 'currency': 'RUB', 'payment_amount': 58320, 'extras_variants': [], 'extras': [], 'rate_id': 6256, 'deals': [], 'cancellation_type': 'special', 'credit_card': 1, 'bonus': 11664, 'miles': 4664, 'min_stay': 1, 'mircashback': 5832}, {'id': 378256, 'force_prepayment': 0, 'capacity': 8, 'prepayment': 'FULL', 'nonrefundable': 0, 'cancellation_period': 3, 'cancellation_fee': 'FIRST', 'breakfast': 1, 'base_price': 58320, 'prices': [58320], 'price': 58320, 'old_price': 58320, 'currency': 'RUB', 'payment_amount': 58320, 'extras_variants': [], 'extras': [], 'rate_id': 6256, 'deals': [], 'cancellation_type': 'special', 'credit_card': 1, 'bonus': 11664, 'miles': 4664, 'min_stay': 1, 'mircashback': 5832}]",58320.0,4664,33872_101hotels,2025-05-12
142517,,Одноэтажный 2 спальнями,3,1,0,1,Коттедж,15,2,"[{'single': 1, 'double': 1}]",[],"[{'id': 378246, 'force_prepayment': 0, 'capacity': 1, 'prepayment': 'FULL', 'nonrefundable': 0, 'cancellation_period': 3, 'cancellation_fee': 'FIRST', 'breakfast': 1, 'base_price': 28320, 'prices': [28320], 'price': 24072, 'old_price': 28320, 'currency': 'RUB', 'payment_amount': 28320, 'extras_variants': [], 'extras': [], 'rate_id': 6256, 'deals': ['LAST_MINUTE'], 'cancellation_type': 'special', 'credit_card': 1, 'bonus': 4814, 'miles': 1924, 'min_stay': 1, 'mircashback': 2407}, {'id': 378247, 'force_prepayment': 0, 'capacity': 2, 'prepayment': 'FULL', 'nonrefundable': 0, 'cancellation_period': 3, 'cancellation_fee': 'FIRST', 'breakfast': 1, 'base_price': 28320, 'prices': [28320], 'price': 24072, 'old_price': 28320, 'currency': 'RUB', 'payment_amount': 28320, 'extras_variants': [], 'extras': [], 'rate_id': 6256, 'deals': ['LAST_MINUTE'], 'cancellation_type': 'special', 'credit_card': 1, 'bonus': 4814, 'miles': 1924, 'min_stay': 1, 'mircashback': 2407}, {'id': 378248, 'force_prepayment': 0, 'capacity': 3, 'prepayment': 'FULL', 'nonrefundable': 0, 'cancellation_period': 3, 'cancellation_fee': 'FIRST', 'breakfast': 1, 'base_price': 28320, 'prices': [28320], 'price': 24072, 'old_price': 28320, 'currency': 'RUB', 'payment_amount': 28320, 'extras_variants': [], 'extras': [], 'rate_id': 6256, 'deals': ['LAST_MINUTE'], 'cancellation_type': 'special', 'credit_card': 1, 'bonus': 4814, 'miles': 1924, 'min_stay': 1, 'mircashback': 2407}]",24072.0,1924,33872_101hotels,2025-05-12
142518,,Стандарт,2,1,0,1,Двухместный,2,12,"[{'double': 1}, {'double': 1}]",[],"[{'id': 378240, 'force_prepayment': 0, 'capacity': 1, 'prepayment': 'FULL', 'nonrefundable': 0, 'cancellation_period': 3, 'cancellation_fee': 'FIRST', 'breakfast': 1, 'base_price': 12000, 'prices': [12000], 'price': 10200, 'old_price': 12000, 'currency': 'RUB', 'payment_amount': 12000, 'extras_variants': [], 'extras': [], 'rate_id': 6256, 'deals': ['LAST_MINUTE'], 'cancellation_type': 'special', 'credit_card': 1, 'bonus': 2040, 'miles': 816, 'min_stay': 1, 'mircashback': 1020}, {'id': 378241, 'force_prepayment': 0, 'capacity': 2, 'prepayment': 'FULL', 'nonrefundable': 0, 'cancellation_period': 3, 'cancellation_fee': 'FIRST', 'breakfast': 1, 'base_price': 12000, 'prices': [12000], 'price': 10200, 'old_price': 12000, 'currency': 'RUB', 'payment_amount': 12000, 'extras_variants': [], 'extras': [], 'rate_id': 6256, 'deals': ['LAST_MINUTE'], 'cancellation_type': 'special', 'credit_card': 1, 'bonus': 2040, 'miles': 816, 'min_stay': 1, 'mircashback': 1020}]",10200.0,816,33872_101hotels,2025-05-12
142519,,Люкс,2,1,0,1,Сьюит,27,1,"[{'double': 1}, {'sofa': 1}]",[],"[{'id': 378242, 'force_prepayment': 0, 'capacity': 1, 'prepayment': 'FULL', 'nonrefundable': 0, 'cancellation_period': 3, 'cancellation_fee': 'FIRST', 'breakfast': 1, 'base_price': 19920, 'prices': [19920], 'price': 16932, 'old_price': 19920, 'currency': 'RUB', 'payment_amount': 19920, 'extras_variants': [], 'extras': [], 'rate_id': 6256, 'deals': ['LAST_MINUTE'], 'cancellation_type': 'special', 'credit_card': 1, 'bonus': 3386, 'miles': 1352, 'min_stay': 1, 'mircashback': 1693}, {'id': 378243, 'force_prepayment': 0, 'capacity': 2, 'prepayment': 'FULL', 'nonrefundable': 0, 'cancellation_period': 3, 'cancellation_fee': 'FIRST', 'breakfast': 1, 'base_price': 19920, 'prices': [19920], 'price': 16932, 'old_price': 19920, 'currency': 'RUB', 'payment_amount': 19920, 'extras_variants': [], 'extras': [], 'rate_id': 6256, 'deals': ['LAST_MINUTE'], 'cancellation_type': 'special', 'credit_card': 1, 'bonus': 3386, 'miles': 1352, 'min_stay': 1, 'mircashback': 1693}]",16932.0,1352,33872_101hotels,2025-05-12
142520,,Зимовье,2,0,0,1,Бунгало,30,3,[{'double': 1}],[],"[{'id': 378257, 'force_prepayment': 0, 'capacity': 1, 'prepayment': 'FULL', 'nonrefundable': 0, 'cancellation_period': 3, 'cancellation_fee': 'FIRST', 'breakfast': 1, 'base_price': 20760, 'prices': [20760], 'price': 17646, 'old_price': 20760, 'currency': 'RUB', 'payment_amount': 20760, 'extras_variants': [], 'extras': [], 'rate_id': 6256, 'deals': ['LAST_MINUTE'], 'cancellation_type': 'special', 'credit_card': 1, 'bonus': 3529, 'miles': 1408, 'min_stay': 1, 'mircashback': 1765}, {'id': 378258, 'force_prepayment': 0, 'capacity': 2, 'prepayment': 'FULL', 'nonrefundable': 0, 'cancellation_period': 3, 'cancellation_fee': 'FIRST', 'breakfast': 1, 'base_price': 20760, 'prices': [20760], 'price': 17646, 'old_price': 20760, 'currency': 'RUB', 'payment_amount': 20760, 'extras_variants': [], 'extras': [], 'rate_id': 6256, 'deals': ['LAST_MINUTE'], 'cancellation_type': 'special', 'credit_card': 1, 'bonus': 3529, 'miles': 1408, 'min_stay': 1, 'mircashback': 1765}]",17646.0,1408,33872_101hotels,2025-05-12
142521,,Двухкомнатный люкс,4,0,0,1,Сьюит,27,2,"[{'double': 1}, {'double': 1}]",[],"[{'id': 378244, 'force_prepayment': 0, 'capacity': 1, 'prepayment': 'FULL', 'nonrefundable': 0, 'cancellation_period': 3, 'cancellation_fee': 'FIRST', 'breakfast': 1, 'base_price': 20760, 'prices': [20760], 'price': 17646, 'old_price': 20760, 'currency': 'RUB', 'payment_amount': 20760, 'extras_variants': [], 'extras': [], 'rate_id': 6256, 'deals': ['LAST_MINUTE'], 'cancellation_type': 'special', 'credit_card': 1, 'bonus': 3529, 'miles': 1408, 'min_stay': 1, 'mircashback': 1765}, {'id': 378245, 'force_prepayment': 0, 'capacity': 2, 'prepayment': 'FULL', 'nonrefundable': 0, 'cancellation_period': 3, 'cancellation_fee': 'FIRST', 'breakfast': 1, 'base_price': 20760, 'prices': [20760], 'price': 17646, 'old_price': 20760, 'currency': 'RUB', 'payment_amount': 20760, 'extras_variants': [], 'extras': [], 'rate_id': 6256, 'deals': ['LAST_MINUTE'], 'cancellation_type': 'special', 'credit_card': 1, 'bonus': 3529, 'miles': 1408, 'min_stay': 1, 'mircashback': 1765}, {'id': 651707, 'force_prepayment': 0, 'capacity': 3, 'prepayment': 'FULL', 'nonrefundable': 0, 'cancellation_period': 3, 'cancellation_fee': 'FIRST', 'breakfast': 1, 'base_price': 20760, 'prices': [20760], 'price': 17646, 'old_price': 20760, 'currency': 'RUB', 'payment_amount': 20760, 'extras_variants': [], 'extras': [], 'rate_id': 6256, 'deals': ['LAST_MINUTE'], 'cancellation_type': 'special', 'credit_card': 1, 'bonus': 3529, 'miles': 1408, 'min_stay': 1, 'mircashback': 1765}]",17646.0,1408,33872_101hotels,2025-05-12
61067,,Делюкс с двумя односпальными кроватями,2,1,0,1,Двухместный,2,2,[{'single': 2}],"[{'number': '1', 'min_age': '0', 'max_age': '1', 'is_extra_bed': '1', 'extra_bed_type_id': '4'}]","[{'id': 667251, 'force_prepayment': 0, 'capacity': 1, 'prepayment': 'FIRST', 'nonrefundable': 1, 'cancellation_period': 0, 'cancellation_fee': 'FIRST', 'breakfast': 0, 'base_price': 6200, 'prices': [6200], 'price': 6200, 'old_price': 6200, 'currency': 'RUB', 'payment_amount': 6200, 'extras_variants': [], 'extras': [], 'rate_id': 26129, 'deals': [], 'cancellation_type': 'nonrefundable', 'credit_card': 1, 'bonus': 1240, 'miles': 496, 'min_stay': 1, 'mircashback': 620}, {'id': 667252, 'force_prepayment': 0, 'capacity': 2, 'prepayment': 'FIRST', 'nonrefundable': 1, 'cancellation_period': 0, 'cancellation_fee': 'FIRST', 'breakfast': 0, 'base_price': 6200, 'prices': [6200], 'price': 6200, 'old_price': 6200, 'currency': 'RUB', 'payment_amount': 6200, 'extras_variants': [], 'extras': [], 'rate_id': 26129, 'deals': [], 'cancellation_type': 'nonrefundable', 'credit_card': 1, 'bonus': 1240, 'miles': 496, 'min_stay': 1, 'mircashback': 620}]",6200.0,496,10564_101hotels,2025-05-12
61068,,Люкс,4,2,0,1,Сьюит,27,1,"[{'double': 1}, {'double': 1}]",[],"[{'id': 667256, 'force_prepayment': 0, 'capacity': 2, 'prepayment': 'FIRST', 'nonrefundable': 1, 'cancellation_period': 0, 'cancellation_fee': 'FIRST', 'breakfast': 0, 'base_price': 9700, 'prices': [9700], 'price': 9700, 'old_price': 9700, 'currency': 'RUB', 'payment_amount': 9700, 'extras_variants': [], 'extras': [], 'rate_id': 26129, 'deals': [], 'cancellation_type': 'nonrefundable', 'credit_card': 1, 'bonus': 1940, 'miles': 776, 'min_stay': 1, 'mircashback': 970}, {'id': 667257, 'force_prepayment': 0, 'capacity': 3, 'prepayment': 'FIRST', 'nonrefundable': 1, 'cancellation_period': 0, 'cancellation_fee': 'FIRST', 'breakfast': 0, 'base_price': 10200, 'prices': [10200], 'price': 10200, 'old_price': 10200, 'currency': 'RUB', 'payment_amount': 10200, 'extras_variants': [], 'extras': [], 'rate_id': 26129, 'deals': [], 'cancellation_type': 'nonrefundable', 'credit_card': 1, 'bonus': 2040, 'miles': 816, 'min_stay': 1, 'mircashback': 1020}, {'id': 703489, 'force_prepayment': 0, 'capacity': 4, 'prepayment': 'FIRST', 'nonrefundable': 1, 'cancellation_period': 0, 'cancellation_fee': 'FIRST', 'breakfast': 0, 'base_price': 10200, 'prices': [10200], 'price': 10200, 'old_price': 10200, 'currency': 'RUB', 'payment_amount': 10200, 'extras_variants': [], 'extras': [], 'rate_id': 26129, 'deals': [], 'cancellation_type': 'nonrefundable', 'credit_card': 1, 'bonus': 2040, 'miles': 816, 'min_stay': 1, 'mircashback': 1020}]",9700.0,776,10564_101hotels,2025-05-12
1573905,,,4,2,0,1,Семейный,44,1,"[{'single': 2, 'double': 1}, {'single': 4}]",[],"[{'id': 667258, 'force_prepayment': 0, 'capacity': 1, 'prepayment': 'FIRST', 'nonrefundable': 1, 'cancellation_period': 0, 'cancellation_fee': 'FIRST', 'breakfast': 0, 'base_price': 10200, 'prices': [10200], 'price': 10200, 'old_price': 10200, 'currency': 'RUB', 'payment_amount': 10200, 'extras_variants': [], 'extras': [], 'rate_id': 26129, 'deals': [], 'cancellation_type': 'nonrefundable', 'credit_card': 1, 'bonus': 2040, 'miles': 816, 'min_stay': 1, 'mircashback': 1020}, {'id': 667259, 'force_prepayment': 0, 'capacity': 2, 'prepayment': 'FIRST', 'nonrefundable': 1, 'cancellation_period': 0, 'cancellation_fee': 'FIRST', 'breakfast': 0, 'base_price': 10200, 'prices': [10200], 'price': 10200, 'old_price': 10200, 'currency': 'RUB', 'payment_amount': 10200, 'extras_variants': [], 'extras': [], 'rate_id': 26129, 'deals': [], 'cancellation_type': 'nonrefundable', 'credit_card': 1, 'bonus': 2040, 'miles': 816, 'min_stay': 1, 'mircashback': 1020}, {'id': 667260, 'force_prepayment': 0, 'capacity': 3, 'prepayment': 'FIRST', 'nonrefundable': 1, 'cancellation_period': 0, 'cancellation_fee': 'FIRST', 'breakfast': 0, 'base_price': 10200, 'prices': [10200], 'price': 10200, 'old_price': 10200, 'currency': 'RUB', 'payment_amount': 10200, 'extras_variants': [], 'extras': [], 'rate_id': 26129, 'deals': [], 'cancellation_type': 'nonrefundable', 'credit_card': 1, 'bonus': 2040, 'miles': 816, 'min_stay': 1, 'mircashback': 1020}, {'id': 667261, 'force_prepayment': 0, 'capacity': 4, 'prepayment': 'FIRST', 'nonrefundable': 1, 'cancellation_period': 0, 'cancellation_fee': 'FIRST', 'breakfast': 0, 'base_price': 10200, 'prices': [10200], 'price': 10200, 'old_price': 10200, 'currency': 'RUB', 'payment_amount': 10200, 'extras_variants': [], 'extras': [], 'rate_id': 26129, 'deals': [], 'cancellation_type': 'nonrefundable', 'credit_card': 1, 'bonus': 2040, 'miles': 816, 'min_stay': 1, 'mircashback': 1020}]",10200.0,816,10564_101hotels,2025-05-12
2227221,,Делюкс с одной двуспальной кроватью,2,1,0,1,Двухместный,2,4,[{'double': 1}],[],"[{'id': 667253, 'force_prepayment': 0, 'capacity': 1, 'prepayment': 'FIRST', 'nonrefundable': 1, 'cancellation_period': 0, 'cancellation_fee': 'FIRST', 'breakfast': 0, 'base_price': 6700, 'prices': [6700], 'price': 6700, 'old_price': 6700, 'currency': 'RUB', 'payment_amount': 6700, 'extras_variants': [], 'extras': [], 'rate_id': 26129, 'deals': [], 'cancellation_type': 'nonrefundable', 'credit_card': 1, 'bonus': 1340, 'miles': 536, 'min_stay': 1, 'mircashback': 670}, {'id': 667254, 'force_prepayment': 0, 'capacity': 2, 'prepayment': 'FIRST', 'nonrefundable': 1, 'cancellation_period': 0, 'cancellation_fee': 'FIRST', 'breakfast': 0, 'base_price': 6700, 'prices': [6700], 'price': 6700, 'old_price': 6700, 'currency': 'RUB', 'payment_amount': 6700, 'extras_variants': [], 'extras': [], 'rate_id': 26129, 'deals': [], 'cancellation_type': 'nonrefundable', 'credit_card': 1, 'bonus': 1340, 'miles': 536, 'min_stay': 1, 'mircashback': 670}]",6700.0,536,10564_101hotels,2025-05-12
5827,,Стандарт,1,0,0,1,Одноместный,1,3,[{'single': 1}],[],"[{'id': 1021599, 'force_prepayment': 1, 'capacity': 1, 'prepayment': 'NO', 'nonrefundable': 0, 'cancellation_period': 0, 'cancellation_fee': 'NO', 'breakfast': 1, 'base_price': 2400, 'prices': [2400], 'price': 2400, 'old_price': 2400, 'currency': 'RUB', 'payment_amount': 0, 'extras_variants': [], 'extras': [], 'rate_id': 49270, 'deals': [], 'cancellation_type': 'free', 'credit_card': 0, 'bonus': 480, 'miles': 192, 'min_stay': 1, 'mircashback': 240}, {'id': '1021599P', 'force_prepayment': 1, 'capacity': 1, 'prepayment': 'FULL', 'nonrefundable': 0, 'cancellation_period': 0, 'cancellation_fee': 'NO', 'breakfast': 1, 'base_price': 2400, 'prices': [2400], 'price': 2400, 'old_price': 2400, 'currency': 'RUB', 'payment_amount': 2400, 'extras_variants': [], 'extras': [], 'rate_id': 49270, 'deals': [], 'cancellation_type': 'free', 'credit_card': 0, 'bonus': 480, 'miles': 192, 'min_stay': 1, 'mircashback': 240}]",2400.0,192,2270_101hotels,2025-05-12
5830,,Стандарт,2,0,0,1,Двухместный,2,3,[{'single': 2}],[],"[{'id': 1021600, 'force_prepayment': 1, 'capacity': 1, 'prepayment': 'NO', 'nonrefundable': 0, 'cancellation_period': 0, 'cancellation_fee': 'NO', 'breakfast': 1, 'base_price': 4400, 'prices': [4400], 'price': 4400, 'old_price': 4400, 'currency': 'RUB', 'payment_amount': 0, 'extras_variants': [], 'extras': [], 'rate_id': 49270, 'deals': [], 'cancellation_type': 'free', 'credit_card': 0, 'bonus': 880, 'miles': 352, 'min_stay': 1, 'mircashback': 440}, {'id': 1021601, 'force_prepayment': 1, 'capacity': 2, 'prepayment': 'NO', 'nonrefundable': 0, 'cancellation_period': 0, 'cancellation_fee': 'NO', 'breakfast': 1, 'base_price': 4400, 'prices': [4400], 'price': 4400, 'old_price': 4400, 'currency': 'RUB', 'payment_amount': 0, 'extras_variants': [], 'extras': [], 'rate_id': 49270, 'deals': [], 'cancellation_type': 'free', 'credit_card': 0, 'bonus': 880, 'miles': 352, 'min_stay': 1, 'mircashback': 440}, {'id': '1021600P', 'force_prepayment': 1, 'capacity': 1, 'prepayment': 'FULL', 'nonrefundable': 0, 'cancellation_period': 0, 'cancellation_fee': 'NO', 'breakfast': 1, 'base_price': 4400, 'prices': [4400], 'price': 4400, 'old_price': 4400, 'currency': 'RUB', 'payment_amount': 4400, 'extras_variants': [], 'extras': [], 'rate_id': 49270, 'deals': [], 'cancellation_type': 'free', 'credit_card': 0, 'bonus': 880, 'miles': 352, 'min_stay': 1, 'mircashback': 440}, {'id': '1021601P', 'force_prepayment': 1, 'capacity': 2, 'prepayment': 'FULL', 'nonrefundable': 0, 'cancellation_period': 0, 'cancellation_fee': 'NO', 'breakfast': 1, 'base_price': 4400, 'prices': [4400], 'price': 4400, 'old_price': 4400, 'currency': 'RUB', 'payment_amount': 4400, 'extras_variants': [], 'extras': [], 'rate_id': 49270, 'deals': [], 'cancellation_type': 'free', 'credit_card': 0, 'bonus': 880, 'miles': 352, 'min_stay': 1, 'mircashback': 440}]",4400.0,352,2270_101hotels,2025-05-12
2234329,,,2,1,0,1,Семейный,44,2,"[{'double': 1, 'sofa': 1}]",[],"[{'id': 1021608, 'force_prepayment': 1, 'capacity': 1, 'prepayment': 'NO', 'nonrefundable': 0, 'cancellation_period': 0, 'cancellation_fee': 'NO', 'breakfast': 1, 'base_price': 4800, 'prices': [4800], 'price': 4800, 'old_price': 4800, 'currency': 'RUB', 'payment_amount': 0, 'extras_variants': [], 'extras': [], 'rate_id': 49270, 'deals': [], 'cancellation_type': 'free', 'credit_card': 0, 'bonus': 960, 'miles': 384, 'min_stay': 1, 'mircashback': 480}, {'id': 1021609, 'force_prepayment': 1, 'capacity': 2, 'prepayment': 'NO', 'nonrefundable': 0, 'cancellation_period': 0, 'cancellation_fee': 'NO', 'breakfast': 1, 'base_price': 4800, 'prices': [4800], 'price': 4800, 'old_price': 4800, 'currency': 'RUB', 'payment_amount': 0, 'extras_variants': [], 'extras': [], 'rate_id': 49270, 'deals': [], 'cancellation_type': 'free', 'credit_card': 0, 'bonus': 960, 'miles': 384, 'min_stay': 1, 'mircashback': 480}, {'id': '1021608P', 'force_prepayment': 1, 'capacity': 1, 'prepayment': 'FULL', 'nonrefundable': 0, 'cancellation_period': 0, 'cancellation_fee': 'NO', 'breakfast': 1, 'base_price': 4800, 'prices': [4800], 'price': 4800, 'old_price': 4800, 'currency': 'RUB', 'payment_amount': 4800, 'extras_variants': [], 'extras': [], 'rate_id': 49270, 'deals': [], 'cancellation_type': 'free', 'credit_card': 0, 'bonus': 960, 'miles': 384, 'min_stay': 1, 'mircashback': 480}, {'id': '1021609P', 'force_prepayment': 1, 'capacity': 2, 'prepayment': 'FULL', 'nonrefundable': 0, 'cancellation_period': 0, 'cancellation_fee': 'NO', 'breakfast': 1, 'base_price': 4800, 'prices': [4800], 'price': 4800, 'old_price': 4800, 'currency': 'RUB', 'payment_amount': 4800, 'extras_variants': [], 'extras': [], 'rate_id': 49270, 'deals': [], 'cancellation_type': 'free', 'credit_card': 0, 'bonus': 960, 'miles': 384, 'min_stay': 1, 'mircashback': 480}]",4800.0,384,2270_101hotels,2025-05-12
2234330,,Бизнес,2,1,0,1,Полулюкс,4,2,[{'single': 2}],[],"[{'id': 1021602, 'force_prepayment': 1, 'capacity': 1, 'prepayment': 'NO', 'nonrefundable': 0, 'cancellation_period': 0, 'cancellation_fee': 'NO', 'breakfast': 1, 'base_price': 4800, 'prices': [4800], 'price': 4800, 'old_price': 4800, 'currency': 'RUB', 'payment_amount': 0, 'extras_variants': [], 'extras': [], 'rate_id': 49270, 'deals': [], 'cancellation_type': 'free', 'credit_card': 0, 'bonus': 960, 'miles': 384, 'min_stay': 1, 'mircashback': 480}, {'id': 1021603, 'force_prepayment': 1, 'capacity': 2, 'prepayment': 'NO', 'nonrefundable': 0, 'cancellation_period': 0, 'cancellation_fee': 'NO', 'breakfast': 1, 'base_price': 4800, 'prices': [4800], 'price': 4800, 'old_price': 4800, 'currency': 'RUB', 'payment_amount': 0, 'extras_variants': [], 'extras': [], 'rate_id': 49270, 'deals': [], 'cancellation_type': 'free', 'credit_card': 0, 'bonus': 960, 'miles': 384, 'min_stay': 1, 'mircashback': 480}, {'id': '1021602P', 'force_prepayment': 1, 'capacity': 1, 'prepayment': 'FULL', 'nonrefundable': 0, 'cancellation_period': 0, 'cancellation_fee': 'NO', 'breakfast': 1, 'base_price': 4800, 'prices': [4800], 'price': 4800, 'old_price': 4800, 'currency': 'RUB', 'payment_amount': 4800, 'extras_variants': [], 'extras': [], 'rate_id': 49270, 'deals': [], 'cancellation_type': 'free', 'credit_card': 0, 'bonus': 960, 'miles': 384, 'min_stay': 1, 'mircashback': 480}, {'id': '1021603P', 'force_prepayment': 1, 'capacity': 2, 'prepayment': 'FULL', 'nonrefundable': 0, 'cancellation_period': 0, 'cancellation_fee': 'NO', 'breakfast': 1, 'base_price': 4800, 'prices': [4800], 'price': 4800, 'old_price': 4800, 'currency': 'RUB', 'payment_amount': 4800, 'extras_variants': [], 'extras': [], 'rate_id': 49270, 'deals': [], 'cancellation_type': 'free', 'credit_card': 0, 'bonus': 960, 'miles': 384, 'min_stay': 1, 'mircashback': 480}]",4800.0,384,2270_101hotels,2025-05-12
2234331,,Джуниор сюит (с двуспальной кроватью),2,1,0,1,Люкс,6,1,"[{'double': 1, 'sofa': 1}]",[],"[{'id': 1021604, 'force_prepayment': 1, 'capacity': 1, 'prepayment': 'NO', 'nonrefundable': 0, 'cancellation_period': 0, 'cancellation_fee': 'NO', 'breakfast': 1, 'base_price': 5600, 'prices': [5600], 'price': 5600, 'old_price': 5600, 'currency': 'RUB', 'payment_amount': 0, 'extras_variants': [], 'extras': [], 'rate_id': 49270, 'deals': [], 'cancellation_type': 'free', 'credit_card': 0, 'bonus': 1120, 'miles': 448, 'min_stay': 1, 'mircashback': 560}, {'id': 1021605, 'force_prepayment': 1, 'capacity': 2, 'prepayment': 'NO', 'nonrefundable': 0, 'cancellation_period': 0, 'cancellation_fee': 'NO', 'breakfast': 1, 'base_price': 5600, 'prices': [5600], 'price': 5600, 'old_price': 5600, 'currency': 'RUB', 'payment_amount': 0, 'extras_variants': [], 'extras': [], 'rate_id': 49270, 'deals': [], 'cancellation_type': 'free', 'credit_card': 0, 'bonus': 1120, 'miles': 448, 'min_stay': 1, 'mircashback': 560}, {'id': '1021604P', 'force_prepayment': 1, 'capacity': 1, 'prepayment': 'FULL', 'nonrefundable': 0, 'cancellation_period': 0, 'cancellation_fee': 'NO', 'breakfast': 1, 'base_price': 5600, 'prices': [5600], 'price': 5600, 'old_price': 5600, 'currency': 'RUB', 'payment_amount': 5600, 'extras_variants': [], 'extras': [], 'rate_id': 49270, 'deals': [], 'cancellation_type': 'free', 'credit_card': 0, 'bonus': 1120, 'miles': 448, 'min_stay': 1, 'mircashback': 560}, {'id': '1021605P', 'force_prepayment': 1, 'capacity': 2, 'prepayment': 'FULL', 'nonrefundable': 0, 'cancellation_period': 0, 'cancellation_fee': 'NO', 'breakfast': 1, 'base_price': 5600, 'prices': [5600], 'price': 5600, 'old_price': 5600, 'currency': 'RUB', 'payment_amount': 5600, 'extras_variants': [], 'extras': [], 'rate_id': 49270, 'deals': [], 'cancellation_type': 'free', 'credit_card': 0, 'bonus': 1120, 'miles': 448, 'min_stay': 1, 'mircashback': 560}]",5600.0,448,2270_101hotels,2025-05-12
2234332,,Джуниор сюит (с двумя раздельными кроватями),2,1,0,1,Люкс,6,1,"[{'single': 2, 'sofa': 1}]",[],"[{'id': 1021606, 'force_prepayment': 1, 'capacity': 1, 'prepayment': 'NO', 'nonrefundable': 0, 'cancellation_period': 0, 'cancellation_fee': 'NO', 'breakfast': 1, 'base_price': 5600, 'prices': [5600], 'price': 5600, 'old_price': 5600, 'currency': 'RUB', 'payment_amount': 0, 'extras_variants': [], 'extras': [], 'rate_id': 49270, 'deals': [], 'cancellation_type': 'free', 'credit_card': 0, 'bonus': 1120, 'miles': 448, 'min_stay': 1, 'mircashback': 560}, {'id': 1021607, 'force_prepayment': 1, 'capacity': 2, 'prepayment': 'NO', 'nonrefundable': 0, 'cancellation_period': 0, 'cancellation_fee': 'NO', 'breakfast': 1, 'base_price': 5600, 'prices': [5600], 'price': 5600, 'old_price': 5600, 'currency': 'RUB', 'payment_amount': 0, 'extras_variants': [], 'extras': [], 'rate_id': 49270, 'deals': [], 'cancellation_type': 'free', 'credit_card': 0, 'bonus': 1120, 'miles': 448, 'min_stay': 1, 'mircashback': 560}, {'id': '1021606P', 'force_prepayment': 1, 'capacity': 1, 'prepayment': 'FULL', 'nonrefundable': 0, 'cancellation_period': 0, 'cancellation_fee': 'NO', 'breakfast': 1, 'base_price': 5600, 'prices': [5600], 'price': 5600, 'old_price': 5600, 'currency': 'RUB', 'payment_amount': 5600, 'extras_variants': [], 'extras': [], 'rate_id': 49270, 'deals': [], 'cancellation_type': 'free', 'credit_card': 0, 'bonus': 1120, 'miles': 448, 'min_stay': 1, 'mircashback': 560}, {'id': '1021607P', 'force_prepayment': 1, 'capacity': 2, 'prepayment': 'FULL', 'nonrefundable': 0, 'cancellation_period': 0, 'cancellation_fee': 'NO', 'breakfast': 1, 'base_price': 5600, 'prices': [5600], 'price': 5600, 'old_price': 5600, 'currency': 'RUB', 'payment_amount': 5600, 'extras_variants': [], 'extras': [], 'rate_id': 49270, 'deals': [], 'cancellation_type': 'free', 'credit_card': 0, 'bonus': 1120, 'miles': 448, 'min_stay': 1, 'mircashback': 560}]",5600.0,448,2270_101hotels,2025-05-12
5699,,Бизнес-Стандарт,1,0,0,1,Одноместный,1,12,[{'single': 1}],[],"[{'id': 505518, 'force_prepayment': 0, 'capacity': 1, 'prepayment': 'FULL', 'nonrefundable': 0, 'cancellation_period': 0, 'cancellation_fee': 'NO', 'breakfast': 0, 'base_price': 4450, 'prices': [4450], 'price': 4450, 'old_price': 0, 'currency': 'RUB', 'payment_amount': 4450, 'extras_variants': [], 'extras': [], 'rate_id': 14781, 'deals': [], 'cancellation_type': 'free', 'credit_card': 1, 'bonus': 890, 'miles': 356, 'min_stay': 1, 'mircashback': 445}, {'id': 289365, 'force_prepayment': 0, 'capacity': 1, 'prepayment': 'FULL', 'nonrefundable': 0, 'cancellation_period': 0, 'cancellation_fee': 'NO', 'breakfast': 6, 'base_price': 4700, 'prices': [4700], 'price': 4700, 'old_price': 0, 'currency': 'RUB', 'payment_amount': 4700, 'extras_variants': [], 'extras': [], 'rate_id': 1933, 'deals': [], 'cancellation_type': 'free', 'credit_card': 1, 'bonus': 940, 'miles': 376, 'min_stay': 1, 'mircashback': 470}]",4450.0,356,220_101hotels,2025-05-12
5708,,Бизнес-Стандарт,2,0,0,1,Двухместный,2,18,[{'single': 2}],[],"[{'id': 505520, 'force_prepayment': 0, 'capacity': 1, 'prepayment': 'FULL', 'nonrefundable': 0, 'cancellation_period': 0, 'cancellation_fee': 'NO', 'breakfast': 0, 'base_price': 4750, 'prices': [4750], 'price': 4750, 'old_price': 0, 'currency': 'RUB', 'payment_amount': 4750, 'extras_variants': [], 'extras': [], 'rate_id': 14781, 'deals': [], 'cancellation_type': 'free', 'credit_card': 1, 'bonus': 950, 'miles': 380, 'min_stay': 1, 'mircashback': 475}, {'id': 289355, 'force_prepayment': 0, 'capacity': 1, 'prepayment': 'FULL', 'nonrefundable': 0, 'cancellation_period': 0, 'cancellation_fee': 'NO', 'breakfast': 6, 'base_price': 5000, 'prices': [5000], 'price': 5000, 'old_price': 0, 'currency': 'RUB', 'payment_amount': 5000, 'extras_variants': [], 'extras': [], 'rate_id': 1933, 'deals': [], 'cancellation_type': 'free', 'credit_card': 1, 'bonus': 1000, 'miles': 400, 'min_stay': 1, 'mircashback': 500}, {'id': 505521, 'force_prepayment': 0, 'capacity': 2, 'prepayment': 'FULL', 'nonrefundable': 0, 'cancellation_period': 0, 'cancellation_fee': 'NO', 'breakfast': 0, 'base_price': 5200, 'prices': [5200], 'price': 5200, 'old_price': 0, 'currency': 'RUB', 'payment_amount': 5200, 'extras_variants': [], 'extras': [], 'rate_id': 14781, 'deals': [], 'cancellation_type': 'free', 'credit_card': 1, 'bonus': 1040, 'miles': 416, 'min_stay': 1, 'mircashback': 520}, {'id': 289356, 'force_prepayment': 0, 'capacity': 2, 'prepayment': 'FULL', 'nonrefundable': 0, 'cancellation_period': 0, 'cancellation_fee': 'NO', 'breakfast': 6, 'base_price': 5700, 'prices': [5700], 'price': 5700, 'old_price': 0, 'currency': 'RUB', 'payment_amount': 5700, 'extras_variants': [], 'extras': [], 'rate_id': 1933, 'deals': [], 'cancellation_type': 'free', 'credit_card': 1, 'bonus': 1140, 'miles': 456, 'min_stay': 1, 'mircashback': 570}]",4750.0,380,220_101hotels,2025-05-12
5713,,Стандарт,2,0,0,1,Двухместный,2,17,[{'single': 2}],[],"[{'id': 505522, 'force_prepayment': 0, 'capacity': 1, 'prepayment': 'FULL', 'nonrefundable': 0, 'cancellation_period': 0, 'cancellation_fee': 'NO', 'breakfast': 0, 'base_price': 4250, 'prices': [4250], 'price': 4250, 'old_price': 0, 'currency': 'RUB', 'payment_amount': 4250, 'extras_variants': [], 'extras': [], 'rate_id': 14781, 'deals': [], 'cancellation_type': 'free', 'credit_card': 1, 'bonus': 850, 'miles': 340, 'min_stay': 1, 'mircashback': 425}, {'id': 289357, 'force_prepayment': 0, 'capacity': 1, 'prepayment': 'FULL', 'nonrefundable': 0, 'cancellation_period': 0, 'cancellation_fee': 'NO', 'breakfast': 6, 'base_price': 4500, 'prices': [4500], 'price': 4500, 'old_price': 0, 'currency': 'RUB', 'payment_amount': 4500, 'extras_variants': [], 'extras': [], 'rate_id': 1933, 'deals': [], 'cancellation_type': 'free', 'credit_card': 1, 'bonus': 900, 'miles': 360, 'min_stay': 1, 'mircashback': 450}, {'id': 505523, 'force_prepayment': 0, 'capacity': 2, 'prepayment': 'FULL', 'nonrefundable': 0, 'cancellation_period': 0, 'cancellation_fee': 'NO', 'breakfast': 0, 'base_price': 5000, 'prices': [5000], 'price': 5000, 'old_price': 0, 'currency': 'RUB', 'payment_amount': 5000, 'extras_variants': [], 'extras': [], 'rate_id': 14781, 'deals': [], 'cancellation_type': 'free', 'credit_card': 1, 'bonus': 1000, 'miles': 400, 'min_stay': 1, 'mircashback': 500}, {'id': 289358, 'force_prepayment': 0, 'capacity': 2, 'prepayment': 'FULL', 'nonrefundable': 0, 'cancellation_period': 0, 'cancellation_fee': 'NO', 'breakfast': 6, 'base_price': 5500, 'prices': [5500], 'price': 5500, 'old_price': 0, 'currency': 'RUB', 'payment_amount': 5500, 'extras_variants': [], 'extras': [], 'rate_id': 1933, 'deals': [], 'cancellation_type': 'free', 'credit_card': 1, 'bonus': 1100, 'miles': 440, 'min_stay': 1, 'mircashback': 550}]",4250.0,340,220_101hotels,2025-05-12
5722,,Джуниор Сюит,2,0,0,1,De Luxe,29,4,[{'double': 1}],[],"[{'id': 505528, 'force_prepayment': 0, 'capacity': 1, 'prepayment': 'FULL', 'nonrefundable': 0, 'cancellation_period': 0, 'cancellation_fee': 'NO', 'breakfast': 0, 'base_price': 6250, 'prices': [6250], 'price': 6250, 'old_price': 0, 'currency': 'RUB', 'payment_amount': 6250, 'extras_variants': [], 'extras': [], 'rate_id': 14781, 'deals': [], 'cancellation_type': 'free', 'credit_card': 1, 'bonus': 1250, 'miles': 500, 'min_stay': 1, 'mircashback': 625}, {'id': 289363, 'force_prepayment': 0, 'capacity': 1, 'prepayment': 'FULL', 'nonrefundable': 0, 'cancellation_period': 0, 'cancellation_fee': 'NO', 'breakfast': 6, 'base_price': 6500, 'prices': [6500], 'price': 6500, 'old_price': 0, 'currency': 'RUB', 'payment_amount': 6500, 'extras_variants': [], 'extras': [], 'rate_id': 1933, 'deals': [], 'cancellation_type': 'free', 'credit_card': 1, 'bonus': 1300, 'miles': 520, 'min_stay': 1, 'mircashback': 650}, {'id': 505529, 'force_prepayment': 0, 'capacity': 2, 'prepayment': 'FULL', 'nonrefundable': 0, 'cancellation_period': 0, 'cancellation_fee': 'NO', 'breakfast': 0, 'base_price': 6700, 'prices': [6700], 'price': 6700, 'old_price': 0, 'currency': 'RUB', 'payment_amount': 6700, 'extras_variants': [], 'extras': [], 'rate_id': 14781, 'deals': [], 'cancellation_type': 'free', 'credit_card': 1, 'bonus': 1340, 'miles': 536, 'min_stay': 1, 'mircashback': 670}, {'id': 289364, 'force_prepayment': 0, 'capacity': 2, 'prepayment': 'FULL', 'nonrefundable': 0, 'cancellation_period': 0, 'cancellation_fee': 'NO', 'breakfast': 6, 'base_price': 7200, 'prices': [7200], 'price': 7200, 'old_price': 0, 'currency': 'RUB', 'payment_amount': 7200, 'extras_variants': [], 'extras': [], 'rate_id': 1933, 'deals': [], 'cancellation_type': 'free', 'credit_card': 1, 'bonus': 1440, 'miles': 576, 'min_stay': 1, 'mircashback': 720}]",6250.0,500,220_101hotels,2025-05-12
31429,,Комфорт,2,0,0,1,Двухместный,2,1,[{'double': 1}],[],"[{'id': 505524, 'force_prepayment': 0, 'capacity': 1, 'prepayment': 'FULL', 'nonrefundable': 0, 'cancellation_period': 0, 'cancellation_fee': 'NO', 'breakfast': 0, 'base_price': 4750, 'prices': [4750], 'price': 4750, 'old_price': 0, 'currency': 'RUB', 'payment_amount': 4750, 'extras_variants': [], 'extras': [], 'rate_id': 14781, 'deals': [], 'cancellation_type': 'free', 'credit_card': 1, 'bonus': 950, 'miles': 380, 'min_stay': 1, 'mircashback': 475}, {'id': 289359, 'force_prepayment': 0, 'capacity': 1, 'prepayment': 'FULL', 'nonrefundable': 0, 'cancellation_period': 0, 'cancellation_fee': 'NO', 'breakfast': 6, 'base_price': 5000, 'prices': [5000], 'price': 5000, 'old_price': 0, 'currency': 'RUB', 'payment_amount': 5000, 'extras_variants': [], 'extras': [], 'rate_id': 1933, 'deals': [], 'cancellation_type': 'free', 'credit_card': 1, 'bonus': 1000, 'miles': 400, 'min_stay': 1, 'mircashback': 500}, {'id': 505525, 'force_prepayment': 0, 'capacity': 2, 'prepayment': 'FULL', 'nonrefundable': 0, 'cancellation_period': 0, 'cancellation_fee': 'NO', 'breakfast': 0, 'base_price': 5200, 'prices': [5200], 'price': 5200, 'old_price': 0, 'currency': 'RUB', 'payment_amount': 5200, 'extras_variants': [], 'extras': [], 'rate_id': 14781, 'deals': [], 'cancellation_type': 'free', 'credit_card': 1, 'bonus': 1040, 'miles': 416, 'min_stay': 1, 'mircashback': 520}, {'id': 289360, 'force_prepayment': 0, 'capacity': 2, 'prepayment': 'FULL', 'nonrefundable': 0, 'cancellation_period': 0, 'cancellation_fee': 'NO', 'breakfast': 6, 'base_price': 5700, 'prices': [5700], 'price': 5700, 'old_price': 0, 'currency': 'RUB', 'payment_amount': 5700, 'extras_variants': [], 'extras': [], 'rate_id': 1933, 'deals': [], 'cancellation_type': 'free', 'credit_card': 1, 'bonus': 1140, 'miles': 456, 'min_stay': 1, 'mircashback': 570}]",4750.0,380,220_101hotels,2025-05-12
31430,,,2,0,0,1,Люкс,6,2,[{'double': 1}],[],"[{'id': 505526, 'force_prepayment': 0, 'capacity': 1, 'prepayment': 'FULL', 'nonrefundable': 0, 'cancellation_period': 0, 'cancellation_fee': 'NO', 'breakfast': 0, 'base_price': 6950, 'prices': [6950], 'price': 6950, 'old_price': 0, 'currency': 'RUB', 'payment_amount': 6950, 'extras_variants': [], 'extras': [], 'rate_id': 14781, 'deals': [], 'cancellation_type': 'free', 'credit_card': 1, 'bonus': 1390, 'miles': 556, 'min_stay': 1, 'mircashback': 695}, {'id': 289361, 'force_prepayment': 0, 'capacity': 1, 'prepayment': 'FULL', 'nonrefundable': 0, 'cancellation_period': 0, 'cancellation_fee': 'NO', 'breakfast': 6, 'base_price': 7200, 'prices': [7200], 'price': 7200, 'old_price': 0, 'currency': 'RUB', 'payment_amount': 7200, 'extras_variants': [], 'extras': [], 'rate_id': 1933, 'deals': [], 'cancellation_type': 'free', 'credit_card': 1, 'bonus': 1440, 'miles': 576, 'min_stay': 1, 'mircashback': 720}, {'id': 505527, 'force_prepayment': 0, 'capacity': 2, 'prepayment': 'FULL', 'nonrefundable': 0, 'cancellation_period': 0, 'cancellation_fee': 'NO', 'breakfast': 0, 'base_price': 7700, 'prices': [7700], 'price': 7700, 'old_price': 0, 'currency': 'RUB', 'payment_amount': 7700, 'extras_variants': [], 'extras': [], 'rate_id': 14781, 'deals': [], 'cancellation_type': 'free', 'credit_card': 1, 'bonus': 1540, 'miles': 616, 'min_stay': 1, 'mircashback': 770}, {'id': 289362, 'force_prepayment': 0, 'capacity': 2, 'prepayment': 'FULL', 'nonrefundable': 0, 'cancellation_period': 0, 'cancellation_fee': 'NO', 'breakfast': 6, 'base_price': 8200, 'prices': [8200], 'price': 8200, 'old_price': 0, 'currency': 'RUB', 'payment_amount': 8200, 'extras_variants': [], 'extras': [], 'rate_id': 1933, 'deals': [], 'cancellation_type': 'free', 'credit_card': 1, 'bonus': 1640, 'miles': 656, 'min_stay': 1, 'mircashback': 820}]",6950.0,556,220_101hotels,2025-05-12
602834,,Стандарт с двумя раздельными кроватями,2,0,0,1,Двухместный,2,7,[{'single': 2}],[],"[{'id': 663182, 'force_prepayment': 0, 'capacity': 1, 'prepayment': 'FIRST', 'nonrefundable': 0, 'cancellation_period': 2, 'cancellation_fee': 'FIRST', 'breakfast': 0, 'base_price': 3300, 'prices': [3300], 'price': 3300, 'old_price': 0, 'currency': 'RUB', 'payment_amount': 3300, 'extras_variants': [], 'extras': [], 'rate_id': 25839, 'deals': [], 'cancellation_type': 'special', 'credit_card': 1, 'bonus': 660, 'miles': 264, 'min_stay': 1, 'mircashback': 330}, {'id': 663183, 'force_prepayment': 0, 'capacity': 2, 'prepayment': 'FIRST', 'nonrefundable': 0, 'cancellation_period': 2, 'cancellation_fee': 'FIRST', 'breakfast': 0, 'base_price': 3300, 'prices': [3300], 'price': 3300, 'old_price': 0, 'currency': 'RUB', 'payment_amount': 3300, 'extras_variants': [], 'extras': [], 'rate_id': 25839, 'deals': [], 'cancellation_type': 'special', 'credit_card': 1, 'bonus': 660, 'miles': 264, 'min_stay': 1, 'mircashback': 330}]",3300.0,264,189360_101hotels,2025-05-12
602836,,,3,0,0,1,Люкс,6,2,[{'double': 1}],[],"[{'id': 663187, 'force_prepayment': 0, 'capacity': 1, 'prepayment': 'FIRST', 'nonrefundable': 0, 'cancellation_period': 2, 'cancellation_fee': 'FIRST', 'breakfast': 0, 'base_price': 5400, 'prices': [5400], 'price': 5400, 'old_price': 0, 'currency': 'RUB', 'payment_amount': 5400, 'extras_variants': [], 'extras': [], 'rate_id': 25839, 'deals': [], 'cancellation_type': 'special', 'credit_card': 1, 'bonus': 1080, 'miles': 432, 'min_stay': 1, 'mircashback': 540}, {'id': 663188, 'force_prepayment': 0, 'capacity': 2, 'prepayment': 'FIRST', 'nonrefundable': 0, 'cancellation_period': 2, 'cancellation_fee': 'FIRST', 'breakfast': 0, 'base_price': 5400, 'prices': [5400], 'price': 5400, 'old_price': 0, 'currency': 'RUB', 'payment_amount': 5400, 'extras_variants': [], 'extras': [], 'rate_id': 25839, 'deals': [], 'cancellation_type': 'special', 'credit_card': 1, 'bonus': 1080, 'miles': 432, 'min_stay': 1, 'mircashback': 540}, {'id': 663189, 'force_prepayment': 0, 'capacity': 3, 'prepayment': 'FIRST', 'nonrefundable': 0, 'cancellation_period': 2, 'cancellation_fee': 'FIRST', 'breakfast': 0, 'base_price': 5400, 'prices': [5400], 'price': 5400, 'old_price': 0, 'currency': 'RUB', 'payment_amount': 5400, 'extras_variants': [], 'extras': [], 'rate_id': 25839, 'deals': [], 'cancellation_type': 'special', 'credit_card': 1, 'bonus': 1080, 'miles': 432, 'min_stay': 1, 'mircashback': 540}]",5400.0,432,189360_101hotels,2025-05-12
2268583,,Улучшенный с 2 односпальными кроватями,2,0,0,1,Двухместный,2,1,[{'single': 2}],[],"[{'id': 748747, 'force_prepayment': 0, 'capacity': 1, 'prepayment': 'FIRST', 'nonrefundable': 0, 'cancellation_period': 2, 'cancellation_fee': 'FIRST', 'breakfast': 0, 'base_price': 3500, 'prices': [3500], 'price': 3500, 'old_price': 0, 'currency': 'RUB', 'payment_amount': 3500, 'extras_variants': [], 'extras': [], 'rate_id': 25839, 'deals': [], 'cancellation_type': 'special', 'credit_card': 1, 'bonus': 700, 'miles': 280, 'min_stay': 1, 'mircashback': 350}, {'id': 748748, 'force_prepayment': 0, 'capacity': 2, 'prepayment': 'FIRST', 'nonrefundable': 0, 'cancellation_period': 2, 'cancellation_fee': 'FIRST', 'breakfast': 0, 'base_price': 3500, 'prices': [3500], 'price': 3500, 'old_price': 0, 'currency': 'RUB', 'payment_amount': 3500, 'extras_variants': [], 'extras': [], 'rate_id': 25839, 'deals': [], 'cancellation_type': 'special', 'credit_card': 1, 'bonus': 700, 'miles': 280, 'min_stay': 1, 'mircashback': 350}]",3500.0,280,189360_101hotels,2025-05-12
2268589,,,2,1,0,1,De Luxe,29,2,[{'double': 1}],[],"[{'id': 748749, 'force_prepayment': 0, 'capacity': 1, 'prepayment': 'FIRST', 'nonrefundable': 0, 'cancellation_period': 2, 'cancellation_fee': 'FIRST', 'breakfast': 0, 'base_price': 5500, 'prices': [5500], 'price': 5500, 'old_price': 0, 'currency': 'RUB', 'payment_amount': 5500, 'extras_variants': [], 'extras': [], 'rate_id': 25839, 'deals': [], 'cancellation_type': 'special', 'credit_card': 1, 'bonus': 1100, 'miles': 440, 'min_stay': 1, 'mircashback': 550}, {'id': 748750, 'force_prepayment': 0, 'capacity': 2, 'prepayment': 'FIRST', 'nonrefundable': 0, 'cancellation_period': 2, 'cancellation_fee': 'FIRST', 'breakfast': 0, 'base_price': 5500, 'prices': [5500], 'price': 5500, 'old_price': 0, 'currency': 'RUB', 'payment_amount': 5500, 'extras_variants': [], 'extras': [], 'rate_id': 25839, 'deals': [], 'cancellation_type': 'special', 'credit_card': 1, 'bonus': 1100, 'miles': 440, 'min_stay': 1, 'mircashback': 550}]",5500.0,440,189360_101hotels,2025-05-12
21257,,Стандарт,3,0,0,1,Трехместный,37,2,[{'single': 3}],[],"[{'id': 246940, 'force_prepayment': 1, 'capacity': 1, 'prepayment': 'NO', 'nonrefundable': 0, 'cancellation_period': 0, 'cancellation_fee': 'NO', 'breakfast': 0, 'base_price': 2900, 'prices': [2900], 'price': 2900, 'old_price': 2900, 'currency': 'RUB', 'payment_amount': 0, 'extras_variants': [], 'extras': [], 'rate_id': 116, 'deals': [], 'cancellation_type': 'free', 'credit_card': 0, 'bonus': 580, 'miles': 232, 'min_stay': 1, 'mircashback': 290}, {'id': 246941, 'force_prepayment': 1, 'capacity': 2, 'prepayment': 'NO', 'nonrefundable': 0, 'cancellation_period': 0, 'cancellation_fee': 'NO', 'breakfast': 0, 'base_price': 3100, 'prices': [3100], 'price': 3100, 'old_price': 3100, 'currency': 'RUB', 'payment_amount': 0, 'extras_variants': [], 'extras': [], 'rate_id': 116, 'deals': [], 'cancellation_type': 'free', 'credit_card': 0, 'bonus': 620, 'miles': 248, 'min_stay': 1, 'mircashback': 310}, {'id': 246942, 'force_prepayment': 1, 'capacity': 3, 'prepayment': 'NO', 'nonrefundable': 0, 'cancellation_period': 0, 'cancellation_fee': 'NO', 'breakfast': 0, 'base_price': 3300, 'prices': [3300], 'price': 3300, 'old_price': 3300, 'currency': 'RUB', 'payment_amount': 0, 'extras_variants': [], 'extras': [], 'rate_id': 116, 'deals': [], 'cancellation_type': 'free', 'credit_card': 0, 'bonus': 660, 'miles': 264, 'min_stay': 1, 'mircashback': 330}, {'id': '246940P', 'force_prepayment': 1, 'capacity': 1, 'prepayment': 'FULL', 'nonrefundable': 0, 'cancellation_period': 0, 'cancellation_fee': 'NO', 'breakfast': 0, 'base_price': 2900, 'prices': [2900], 'price': 2900, 'old_price': 2900, 'currency': 'RUB', 'payment_amount': 2900, 'extras_variants': [], 'extras': [], 'rate_id': 116, 'deals': [], 'cancellation_type': 'free', 'credit_card': 0, 'bonus': 580, 'miles': 232, 'min_stay': 1, 'mircashback': 290}, {'id': '246941P', 'force_prepayment': 1, 'capacity': 2, 'prepayment': 'FULL', 'nonrefundable': 0, 'cancellation_period': 0, 'cancellation_fee': 'NO', 'breakfast': 0, 'base_price': 3100, 'prices': [3100], 'price': 3100, 'old_price': 3100, 'currency': 'RUB', 'payment_amount': 3100, 'extras_variants': [], 'extras': [], 'rate_id': 116, 'deals': [], 'cancellation_type': 'free', 'credit_card': 0, 'bonus': 620, 'miles': 248, 'min_stay': 1, 'mircashback': 310}, {'id': '246942P', 'force_prepayment': 1, 'capacity': 3, 'prepayment': 'FULL', 'nonrefundable': 0, 'cancellation_period': 0, 'cancellation_fee': 'NO', 'breakfast': 0, 'base_price': 3300, 'prices': [3300], 'price': 3300, 'old_price': 3300, 'currency': 'RUB', 'payment_amount': 3300, 'extras_variants': [], 'extras': [], 'rate_id': 116, 'deals': [], 'cancellation_type': 'free', 'credit_card': 0, 'bonus': 660, 'miles': 264, 'min_stay': 1, 'mircashback': 330}]",2900.0,232,4398_101hotels,2025-05-12
27383,,Эконом,2,0,0,0,Двухместный,2,1,[{'single': 2}],[],"[{'id': 246930, 'force_prepayment': 1, 'capacity': 1, 'prepayment': 'NO', 'nonrefundable': 0, 'cancellation_period': 0, 'cancellation_fee': 'NO', 'breakfast': 0, 'base_price': 2000, 'prices': [2000], 'price': 2000, 'old_price': 2000, 'currency': 'RUB', 'payment_amount': 0, 'extras_variants': [], 'extras': [], 'rate_id': 116, 'deals': [], 'cancellation_type': 'free', 'credit_card': 0, 'bonus': 400, 'miles': 160, 'min_stay': 1, 'mircashback': 200}, {'id': 246931, 'force_prepayment': 1, 'capacity': 2, 'prepayment': 'NO', 'nonrefundable': 0, 'cancellation_period': 0, 'cancellation_fee': 'NO', 'breakfast': 0, 'base_price': 2000, 'prices': [2000], 'price': 2000, 'old_price': 2000, 'currency': 'RUB', 'payment_amount': 0, 'extras_variants': [], 'extras': [], 'rate_id': 116, 'deals': [], 'cancellation_type': 'free', 'credit_card': 0, 'bonus': 400, 'miles': 160, 'min_stay': 1, 'mircashback': 200}, {'id': '246930P', 'force_prepayment': 1, 'capacity': 1, 'prepayment': 'FULL', 'nonrefundable': 0, 'cancellation_period': 0, 'cancellation_fee': 'NO', 'breakfast': 0, 'base_price': 2000, 'prices': [2000], 'price': 2000, 'old_price': 2000, 'currency': 'RUB', 'payment_amount': 2000, 'extras_variants': [], 'extras': [], 'rate_id': 116, 'deals': [], 'cancellation_type': 'free', 'credit_card': 0, 'bonus': 400, 'miles': 160, 'min_stay': 1, 'mircashback': 200}, {'id': '246931P', 'force_prepayment': 1, 'capacity': 2, 'prepayment': 'FULL', 'nonrefundable': 0, 'cancellation_period': 0, 'cancellation_fee': 'NO', 'breakfast': 0, 'base_price': 2000, 'prices': [2000], 'price': 2000, 'old_price': 2000, 'currency': 'RUB', 'payment_amount': 2000, 'extras_variants': [], 'extras': [], 'rate_id': 116, 'deals': [], 'cancellation_type': 'free', 'credit_card': 0, 'bonus': 400, 'miles': 160, 'min_stay': 1, 'mircashback': 200}]",2000.0,160,4398_101hotels,2025-05-12
1263836,,Комфорт,2,0,0,1,Двухместный,2,6,"[{'double': 1}, {'single': 2}]",[],"[{'id': 246932, 'force_prepayment': 1, 'capacity': 1, 'prepayment': 'NO', 'nonrefundable': 0, 'cancellation_period': 0, 'cancellation_fee': 'NO', 'breakfast': 0, 'base_price': 2500, 'prices': [2500], 'price': 2500, 'old_price': 2500, 'currency': 'RUB', 'payment_amount': 0, 'extras_variants': [], 'extras': [], 'rate_id': 116, 'deals': [], 'cancellation_type': 'free', 'credit_card': 0, 'bonus': 500, 'miles': 200, 'min_stay': 1, 'mircashback': 250}, {'id': 246933, 'force_prepayment': 1, 'capacity': 2, 'prepayment': 'NO', 'nonrefundable': 0, 'cancellation_period': 0, 'cancellation_fee': 'NO', 'breakfast': 0, 'base_price': 3000, 'prices': [3000], 'price': 3000, 'old_price': 3000, 'currency': 'RUB', 'payment_amount': 0, 'extras_variants': [], 'extras': [], 'rate_id': 116, 'deals': [], 'cancellation_type': 'free', 'credit_card': 0, 'bonus': 600, 'miles': 240, 'min_stay': 1, 'mircashback': 300}, {'id': '246932P', 'force_prepayment': 1, 'capacity': 1, 'prepayment': 'FULL', 'nonrefundable': 0, 'cancellation_period': 0, 'cancellation_fee': 'NO', 'breakfast': 0, 'base_price': 2500, 'prices': [2500], 'price': 2500, 'old_price': 2500, 'currency': 'RUB', 'payment_amount': 2500, 'extras_variants': [], 'extras': [], 'rate_id': 116, 'deals': [], 'cancellation_type': 'free', 'credit_card': 0, 'bonus': 500, 'miles': 200, 'min_stay': 1, 'mircashback': 250}, {'id': '246933P', 'force_prepayment': 1, 'capacity': 2, 'prepayment': 'FULL', 'nonrefundable': 0, 'cancellation_period': 0, 'cancellation_fee': 'NO', 'breakfast': 0, 'base_price': 3000, 'prices': [3000], 'price': 3000, 'old_price': 3000, 'currency': 'RUB', 'payment_amount': 3000, 'extras_variants': [], 'extras': [], 'rate_id': 116, 'deals': [], 'cancellation_type': 'free', 'credit_card': 0, 'bonus': 600, 'miles': 240, 'min_stay': 1, 'mircashback': 300}]",2500.0,200,4398_101hotels,2025-05-12
1263837,,,2,0,0,1,Студио,5,1,[{'single': 2}],[],"[{'id': 246934, 'force_prepayment': 1, 'capacity': 1, 'prepayment': 'NO', 'nonrefundable': 0, 'cancellation_period': 0, 'cancellation_fee': 'NO', 'breakfast': 0, 'base_price': 3000, 'prices': [3000], 'price': 3000, 'old_price': 3000, 'currency': 'RUB', 'payment_amount': 0, 'extras_variants': [], 'extras': [], 'rate_id': 116, 'deals': [], 'cancellation_type': 'free', 'credit_card': 0, 'bonus': 600, 'miles': 240, 'min_stay': 1, 'mircashback': 300}, {'id': 246935, 'force_prepayment': 1, 'capacity': 2, 'prepayment': 'NO', 'nonrefundable': 0, 'cancellation_period': 0, 'cancellation_fee': 'NO', 'breakfast': 0, 'base_price': 3500, 'prices': [3500], 'price': 3500, 'old_price': 3500, 'currency': 'RUB', 'payment_amount': 0, 'extras_variants': [], 'extras': [], 'rate_id': 116, 'deals': [], 'cancellation_type': 'free', 'credit_card': 0, 'bonus': 700, 'miles': 280, 'min_stay': 1, 'mircashback': 350}, {'id': '246934P', 'force_prepayment': 1, 'capacity': 1, 'prepayment': 'FULL', 'nonrefundable': 0, 'cancellation_period': 0, 'cancellation_fee': 'NO', 'breakfast': 0, 'base_price': 3000, 'prices': [3000], 'price': 3000, 'old_price': 3000, 'currency': 'RUB', 'payment_amount': 3000, 'extras_variants': [], 'extras': [], 'rate_id': 116, 'deals': [], 'cancellation_type': 'free', 'credit_card': 0, 'bonus': 600, 'miles': 240, 'min_stay': 1, 'mircashback': 300}, {'id': '246935P', 'force_prepayment': 1, 'capacity': 2, 'prepayment': 'FULL', 'nonrefundable': 0, 'cancellation_period': 0, 'cancellation_fee': 'NO', 'breakfast': 0, 'base_price': 3500, 'prices': [3500], 'price': 3500, 'old_price': 3500, 'currency': 'RUB', 'payment_amount': 3500, 'extras_variants': [], 'extras': [], 'rate_id': 116, 'deals': [], 'cancellation_type': 'free', 'credit_card': 0, 'bonus': 700, 'miles': 280, 'min_stay': 1, 'mircashback': 350}]",3000.0,240,4398_101hotels,2025-05-12
1820873,,Эконом,4,0,1,1,Четырехместный,34,2,[{'single': 4}],[],"[{'id': 246936, 'force_prepayment': 1, 'capacity': 1, 'prepayment': 'NO', 'nonrefundable': 0, 'cancellation_period': 0, 'cancellation_fee': 'NO', 'breakfast': 0, 'base_price': 1100, 'prices': [1100], 'price': 1100, 'old_price': 1100, 'currency': 'RUB', 'payment_amount': 0, 'extras_variants': [], 'extras': [], 'rate_id': 116, 'deals': [], 'cancellation_type': 'free', 'credit_card': 0, 'bonus': 220, 'miles': 88, 'min_stay': 1, 'mircashback': 110}, {'id': 246937, 'force_prepayment': 1, 'capacity': 2, 'prepayment': 'NO', 'nonrefundable': 0, 'cancellation_period': 0, 'cancellation_fee': 'NO', 'breakfast': 0, 'base_price': 2200, 'prices': [2200], 'price': 2200, 'old_price': 2200, 'currency': 'RUB', 'payment_amount': 0, 'extras_variants': [], 'extras': [], 'rate_id': 116, 'deals': [], 'cancellation_type': 'free', 'credit_card': 0, 'bonus': 440, 'miles': 176, 'min_stay': 1, 'mircashback': 220}, {'id': 246938, 'force_prepayment': 1, 'capacity': 3, 'prepayment': 'NO', 'nonrefundable': 0, 'cancellation_period': 0, 'cancellation_fee': 'NO', 'breakfast': 0, 'base_price': 3300, 'prices': [3300], 'price': 3300, 'old_price': 3300, 'currency': 'RUB', 'payment_amount': 0, 'extras_variants': [], 'extras': [], 'rate_id': 116, 'deals': [], 'cancellation_type': 'free', 'credit_card': 0, 'bonus': 660, 'miles': 264, 'min_stay': 1, 'mircashback': 330}, {'id': 246939, 'force_prepayment': 1, 'capacity': 4, 'prepayment': 'NO', 'nonrefundable': 0, 'cancellation_period': 0, 'cancellation_fee': 'NO', 'breakfast': 0, 'base_price': 4400, 'prices': [4400], 'price': 4400, 'old_price': 4400, 'currency': 'RUB', 'payment_amount': 0, 'extras_variants': [], 'extras': [], 'rate_id': 116, 'deals': [], 'cancellation_type': 'free', 'credit_card': 0, 'bonus': 880, 'miles': 352, 'min_stay': 1, 'mircashback': 440}, {'id': 973135, 'force_prepayment': 1, 'capacity': 5, 'prepayment': 'NO', 'nonrefundable': 0, 'cancellation_period': 0, 'cancellation_fee': 'NO', 'breakfast': 0, 'base_price': 4400, 'prices': [4400], 'price': 4400, 'old_price': 4400, 'currency': 'RUB', 'payment_amount': 0, 'extras_variants': [], 'extras': [], 'rate_id': 116, 'deals': [], 'cancellation_type': 'free', 'credit_card': 0, 'bonus': 880, 'miles': 352, 'min_stay': 1, 'mircashback': 440}, {'id': 973136, 'force_prepayment': 1, 'capacity': 6, 'prepayment': 'NO', 'nonrefundable': 0, 'cancellation_period': 0, 'cancellation_fee': 'NO', 'breakfast': 0, 'base_price': 4400, 'prices': [4400], 'price': 4400, 'old_price': 4400, 'currency': 'RUB', 'payment_amount': 0, 'extras_variants': [], 'extras': [], 'rate_id': 116, 'deals': [], 'cancellation_type': 'free', 'credit_card': 0, 'bonus': 880, 'miles': 352, 'min_stay': 1, 'mircashback': 440}, {'id': 973137, 'force_prepayment': 1, 'capacity': 7, 'prepayment': 'NO', 'nonrefundable': 0, 'cancellation_period': 0, 'cancellation_fee': 'NO', 'breakfast': 0, 'base_price': 4400, 'prices': [4400], 'price': 4400, 'old_price': 4400, 'currency': 'RUB', 'payment_amount': 0, 'extras_variants': [], 'extras': [], 'rate_id': 116, 'deals': [], 'cancellation_type': 'free', 'credit_card': 0, 'bonus': 880, 'miles': 352, 'min_stay': 1, 'mircashback': 440}, {'id': 973138, 'force_prepayment': 1, 'capacity': 8, 'prepayment': 'NO', 'nonrefundable': 0, 'cancellation_period': 0, 'cancellation_fee': 'NO', 'breakfast': 0, 'base_price': 4400, 'prices': [4400], 'price': 4400, 'old_price': 4400, 'currency': 'RUB', 'payment_amount': 0, 'extras_variants': [], 'extras': [], 'rate_id': 116, 'deals': [], 'cancellation_type': 'free', 'credit_card': 0, 'bonus': 880, 'miles': 352, 'min_stay': 1, 'mircashback': 440}, {'id': '246936P', 'force_prepayment': 1, 'capacity': 1, 'prepayment': 'FULL', 'nonrefundable': 0, 'cancellation_period': 0, 'cancellation_fee': 'NO', 'breakfast': 0, 'base_price': 1100, 'prices': [1100], 'price': 1100, 'old_price': 1100, 'currency': 'RUB', 'payment_amount': 1100, 'extras_variants': [], 'extras': [], 'rate_id': 116, 'deals': [], 'cancellation_type': 'free', 'credit_card': 0, 'bonus': 220, 'miles': 88, 'min_stay': 1, 'mircashback': 110}, {'id': '246937P', 'force_prepayment': 1, 'capacity': 2, 'prepayment': 'FULL', 'nonrefundable': 0, 'cancellation_period': 0, 'cancellation_fee': 'NO', 'breakfast': 0, 'base_price': 2200, 'prices': [2200], 'price': 2200, 'old_price': 2200, 'currency': 'RUB', 'payment_amount': 2200, 'extras_variants': [], 'extras': [], 'rate_id': 116, 'deals': [], 'cancellation_type': 'free', 'credit_card': 0, 'bonus': 440, 'miles': 176, 'min_stay': 1, 'mircashback': 220}, {'id': '246938P', 'force_prepayment': 1, 'capacity': 3, 'prepayment': 'FULL', 'nonrefundable': 0, 'cancellation_period': 0, 'cancellation_fee': 'NO', 'breakfast': 0, 'base_price': 3300, 'prices': [3300], 'price': 3300, 'old_price': 3300, 'currency': 'RUB', 'payment_amount': 3300, 'extras_variants': [], 'extras': [], 'rate_id': 116, 'deals': [], 'cancellation_type': 'free', 'credit_card': 0, 'bonus': 660, 'miles': 264, 'min_stay': 1, 'mircashback': 330}, {'id': '246939P', 'force_prepayment': 1, 'capacity': 4, 'prepayment': 'FULL', 'nonrefundable': 0, 'cancellation_period': 0, 'cancellation_fee': 'NO', 'breakfast': 0, 'base_price': 4400, 'prices': [4400], 'price': 4400, 'old_price': 4400, 'currency': 'RUB', 'payment_amount': 4400, 'extras_variants': [], 'extras': [], 'rate_id': 116, 'deals': [], 'cancellation_type': 'free', 'credit_card': 0, 'bonus': 880, 'miles': 352, 'min_stay': 1, 'mircashback': 440}, {'id': '973135P', 'force_prepayment': 1, 'capacity': 5, 'prepayment': 'FULL', 'nonrefundable': 0, 'cancellation_period': 0, 'cancellation_fee': 'NO', 'breakfast': 0, 'base_price': 4400, 'prices': [4400], 'price': 4400, 'old_price': 4400, 'currency': 'RUB', 'payment_amount': 4400, 'extras_variants': [], 'extras': [], 'rate_id': 116, 'deals': [], 'cancellation_type': 'free', 'credit_card': 0, 'bonus': 880, 'miles': 352, 'min_stay': 1, 'mircashback': 440}, {'id': '973136P', 'force_prepayment': 1, 'capacity': 6, 'prepayment': 'FULL', 'nonrefundable': 0, 'cancellation_period': 0, 'cancellation_fee': 'NO', 'breakfast': 0, 'base_price': 4400, 'prices': [4400], 'price': 4400, 'old_price': 4400, 'currency': 'RUB', 'payment_amount': 4400, 'extras_variants': [], 'extras': [], 'rate_id': 116, 'deals': [], 'cancellation_type': 'free', 'credit_card': 0, 'bonus': 880, 'miles': 352, 'min_stay': 1, 'mircashback': 440}, {'id': '973137P', 'force_prepayment': 1, 'capacity': 7, 'prepayment': 'FULL', 'nonrefundable': 0, 'cancellation_period': 0, 'cancellation_fee': 'NO', 'breakfast': 0, 'base_price': 4400, 'prices': [4400], 'price': 4400, 'old_price': 4400, 'currency': 'RUB', 'payment_amount': 4400, 'extras_variants': [], 'extras': [], 'rate_id': 116, 'deals': [], 'cancellation_type': 'free', 'credit_card': 0, 'bonus': 880, 'miles': 352, 'min_stay': 1, 'mircashback': 440}, {'id': '973138P', 'force_prepayment': 1, 'capacity': 8, 'prepayment': 'FULL', 'nonrefundable': 0, 'cancellation_period': 0, 'cancellation_fee': 'NO', 'breakfast': 0, 'base_price': 4400, 'prices': [4400], 'price': 4400, 'old_price': 4400, 'currency': 'RUB', 'payment_amount': 4400, 'extras_variants': [], 'extras': [], 'rate_id': 116, 'deals': [], 'cancellation_type': 'free', 'credit_card': 0, 'bonus': 880, 'miles': 352, 'min_stay': 1, 'mircashback': 440}]",1100.0,88,4398_101hotels,2025-05-12
32287,,Twin (1 категория),2,0,0,1,Двухместный,2,3,[{'single': 2}],[],"[{'id': 684160, 'force_prepayment': 0, 'capacity': 1, 'prepayment': 'FULL', 'nonrefundable': 1, 'cancellation_period': 0, 'cancellation_fee': 'FIRST', 'breakfast': 0, 'base_price': 4000, 'prices': [4000], 'price': 4000, 'old_price': 4000, 'currency': 'RUB', 'payment_amount': 4000, 'extras_variants': [], 'extras': [], 'rate_id': 27299, 'deals': [], 'cancellation_type': 'nonrefundable', 'credit_card': 1, 'bonus': 800, 'miles': 320, 'min_stay': 1, 'mircashback': 400}, {'id': 684133, 'force_prepayment': 0, 'capacity': 1, 'prepayment': 'FULL', 'nonrefundable': 1, 'cancellation_period': 0, 'cancellation_fee': 'FIRST', 'breakfast': 1, 'base_price': 4500, 'prices': [4500], 'price': 4500, 'old_price': 4500, 'currency': 'RUB', 'payment_amount': 4500, 'extras_variants': [], 'extras': [], 'rate_id': 27286, 'deals': [], 'cancellation_type': 'nonrefundable', 'credit_card': 1, 'bonus': 900, 'miles': 360, 'min_stay': 1, 'mircashback': 450}, {'id': 684161, 'force_prepayment': 0, 'capacity': 2, 'prepayment': 'FULL', 'nonrefundable': 1, 'cancellation_period': 0, 'cancellation_fee': 'FIRST', 'breakfast': 0, 'base_price': 4700, 'prices': [4700], 'price': 4700, 'old_price': 4700, 'currency': 'RUB', 'payment_amount': 4700, 'extras_variants': [], 'extras': [], 'rate_id': 27299, 'deals': [], 'cancellation_type': 'nonrefundable', 'credit_card': 1, 'bonus': 940, 'miles': 376, 'min_stay': 1, 'mircashback': 470}, {'id': 684134, 'force_prepayment': 0, 'capacity': 2, 'prepayment': 'FULL', 'nonrefundable': 1, 'cancellation_period': 0, 'cancellation_fee': 'FIRST', 'breakfast': 1, 'base_price': 5700, 'prices': [5700], 'price': 5700, 'old_price': 5700, 'currency': 'RUB', 'payment_amount': 5700, 'extras_variants': [], 'extras': [], 'rate_id': 27286, 'deals': [], 'cancellation_type': 'nonrefundable', 'credit_card': 1, 'bonus': 1140, 'miles': 456, 'min_stay': 1, 'mircashback': 570}]",4000.0,320,6855_101hotels,2025-05-12
32288,,Double (1 категория),2,0,0,1,Двухместный,2,4,[{'double': 1}],[],"[{'id': 684162, 'force_prepayment': 0, 'capacity': 1, 'prepayment': 'FULL', 'nonrefundable': 1, 'cancellation_period': 0, 'cancellation_fee': 'FIRST', 'breakfast': 0, 'base_price': 4200, 'prices': [4200], 'price': 4200, 'old_price': 4200, 'currency': 'RUB', 'payment_amount': 4200, 'extras_variants': [], 'extras': [], 'rate_id': 27299, 'deals': [], 'cancellation_type': 'nonrefundable', 'credit_card': 1, 'bonus': 840, 'miles': 336, 'min_stay': 1, 'mircashback': 420}, {'id': 684135, 'force_prepayment': 0, 'capacity': 1, 'prepayment': 'FULL', 'nonrefundable': 1, 'cancellation_period': 0, 'cancellation_fee': 'FIRST', 'breakfast': 1, 'base_price': 4700, 'prices': [4700], 'price': 4700, 'old_price': 4700, 'currency': 'RUB', 'payment_amount': 4700, 'extras_variants': [], 'extras': [], 'rate_id': 27286, 'deals': [], 'cancellation_type': 'nonrefundable', 'credit_card': 1, 'bonus': 940, 'miles': 376, 'min_stay': 1, 'mircashback': 470}, {'id': 684163, 'force_prepayment': 0, 'capacity': 2, 'prepayment': 'FULL', 'nonrefundable': 1, 'cancellation_period': 0, 'cancellation_fee': 'FIRST', 'breakfast': 0, 'base_price': 4700, 'prices': [4700], 'price': 4700, 'old_price': 4700, 'currency': 'RUB', 'payment_amount': 4700, 'extras_variants': [], 'extras': [], 'rate_id': 27299, 'deals': [], 'cancellation_type': 'nonrefundable', 'credit_card': 1, 'bonus': 940, 'miles': 376, 'min_stay': 1, 'mircashback': 470}, {'id': 684136, 'force_prepayment': 0, 'capacity': 2, 'prepayment': 'FULL', 'nonrefundable': 1, 'cancellation_period': 0, 'cancellation_fee': 'FIRST', 'breakfast': 1, 'base_price': 5700, 'prices': [5700], 'price': 5700, 'old_price': 5700, 'currency': 'RUB', 'payment_amount': 5700, 'extras_variants': [], 'extras': [], 'rate_id': 27286, 'deals': [], 'cancellation_type': 'nonrefundable', 'credit_card': 1, 'bonus': 1140, 'miles': 456, 'min_stay': 1, 'mircashback': 570}]",4200.0,336,6855_101hotels,2025-05-12
32289,,Номер Джуниор Сюит (семейная кровать),2,0,0,1,Студио,5,1,[{'double': 1}],[],"[{'id': 684164, 'force_prepayment': 0, 'capacity': 1, 'prepayment': 'FULL', 'nonrefundable': 1, 'cancellation_period': 0, 'cancellation_fee': 'FIRST', 'breakfast': 0, 'base_price': 6000, 'prices': [6000], 'price': 6000, 'old_price': 6000, 'currency': 'RUB', 'payment_amount': 6000, 'extras_variants': [], 'extras': [], 'rate_id': 27299, 'deals': [], 'cancellation_type': 'nonrefundable', 'credit_card': 1, 'bonus': 1200, 'miles': 480, 'min_stay': 1, 'mircashback': 600}, {'id': 684137, 'force_prepayment': 0, 'capacity': 1, 'prepayment': 'FULL', 'nonrefundable': 1, 'cancellation_period': 0, 'cancellation_fee': 'FIRST', 'breakfast': 1, 'base_price': 6500, 'prices': [6500], 'price': 6500, 'old_price': 6500, 'currency': 'RUB', 'payment_amount': 6500, 'extras_variants': [], 'extras': [], 'rate_id': 27286, 'deals': [], 'cancellation_type': 'nonrefundable', 'credit_card': 1, 'bonus': 1300, 'miles': 520, 'min_stay': 1, 'mircashback': 650}, {'id': 684165, 'force_prepayment': 0, 'capacity': 2, 'prepayment': 'FULL', 'nonrefundable': 1, 'cancellation_period': 0, 'cancellation_fee': 'FIRST', 'breakfast': 0, 'base_price': 6000, 'prices': [6000], 'price': 6000, 'old_price': 6000, 'currency': 'RUB', 'payment_amount': 6000, 'extras_variants': [], 'extras': [], 'rate_id': 27299, 'deals': [], 'cancellation_type': 'nonrefundable', 'credit_card': 1, 'bonus': 1200, 'miles': 480, 'min_stay': 1, 'mircashback': 600}, {'id': 684138, 'force_prepayment': 0, 'capacity': 2, 'prepayment': 'FULL', 'nonrefundable': 1, 'cancellation_period': 0, 'cancellation_fee': 'FIRST', 'breakfast': 1, 'base_price': 7000, 'prices': [7000], 'price': 7000, 'old_price': 7000, 'currency': 'RUB', 'payment_amount': 7000, 'extras_variants': [], 'extras': [], 'rate_id': 27286, 'deals': [], 'cancellation_type': 'nonrefundable', 'credit_card': 1, 'bonus': 1400, 'miles': 560, 'min_stay': 1, 'mircashback': 700}]",6000.0,480,6855_101hotels,2025-05-12
1619384,,С кухней,5,0,0,1,Апартаменты,14,2,"[{'single': 1, 'double': 1, 'sofa': 1}]",[],"[{'id': 684166, 'force_prepayment': 0, 'capacity': 1, 'prepayment': 'FULL', 'nonrefundable': 1, 'cancellation_period': 0, 'cancellation_fee': 'FIRST', 'breakfast': 0, 'base_price': 8000, 'prices': [8000], 'price': 8000, 'old_price': 8000, 'currency': 'RUB', 'payment_amount': 8000, 'extras_variants': [], 'extras': [], 'rate_id': 27299, 'deals': [], 'cancellation_type': 'nonrefundable', 'credit_card': 1, 'bonus': 1600, 'miles': 640, 'min_stay': 1, 'mircashback': 800}, {'id': 684167, 'force_prepayment': 0, 'capacity': 2, 'prepayment': 'FULL', 'nonrefundable': 1, 'cancellation_period': 0, 'cancellation_fee': 'FIRST', 'breakfast': 0, 'base_price': 8000, 'prices': [8000], 'price': 8000, 'old_price': 8000, 'currency': 'RUB', 'payment_amount': 8000, 'extras_variants': [], 'extras': [], 'rate_id': 27299, 'deals': [], 'cancellation_type': 'nonrefundable', 'credit_card': 1, 'bonus': 1600, 'miles': 640, 'min_stay': 1, 'mircashback': 800}, {'id': 684168, 'force_prepayment': 0, 'capacity': 3, 'prepayment': 'FULL', 'nonrefundable': 1, 'cancellation_period': 0, 'cancellation_fee': 'FIRST', 'breakfast': 0, 'base_price': 8000, 'prices': [8000], 'price': 8000, 'old_price': 8000, 'currency': 'RUB', 'payment_amount': 8000, 'extras_variants': [], 'extras': [], 'rate_id': 27299, 'deals': [], 'cancellation_type': 'nonrefundable', 'credit_card': 1, 'bonus': 1600, 'miles': 640, 'min_stay': 1, 'mircashback': 800}, {'id': 684169, 'force_prepayment': 0, 'capacity': 4, 'prepayment': 'FULL', 'nonrefundable': 1, 'cancellation_period': 0, 'cancellation_fee': 'FIRST', 'breakfast': 0, 'base_price': 8000, 'prices': [8000], 'price': 8000, 'old_price': 8000, 'currency': 'RUB', 'payment_amount': 8000, 'extras_variants': [], 'extras': [], 'rate_id': 27299, 'deals': [], 'cancellation_type': 'nonrefundable', 'credit_card': 1, 'bonus': 1600, 'miles': 640, 'min_stay': 1, 'mircashback': 800}, {'id': 684170, 'force_prepayment': 0, 'capacity': 5, 'prepayment': 'FULL', 'nonrefundable': 1, 'cancellation_period': 0, 'cancellation_fee': 'FIRST', 'breakfast': 0, 'base_price': 8000, 'prices': [8000], 'price': 8000, 'old_price': 8000, 'currency': 'RUB', 'payment_amount': 8000, 'extras_variants': [], 'extras': [], 'rate_id': 27299, 'deals': [], 'cancellation_type': 'nonrefundable', 'credit_card': 1, 'bonus': 1600, 'miles': 640, 'min_stay': 1, 'mircashback': 800}]",8000.0,640,6855_101hotels,2025-05-12
1300454,,,2,1,0,1,Люкс,6,3,"[{'single': 2, 'sofa': 1}, {'double': 1, 'sofa': 1}]",[],"[{'id': 755005, 'force_prepayment': 0, 'capacity': 1, 'prepayment': 'NO', 'nonrefundable': 0, 'cancellation_period': 0, 'cancellation_fee': 'NO', 'breakfast': 1, 'base_price': 13000, 'prices': [13000], 'price': 13000, 'old_price': 13000, 'currency': 'RUB', 'payment_amount': 0, 'extras_variants': [], 'extras': [], 'rate_id': 32986, 'deals': [], 'cancellation_type': 'free', 'credit_card': 0, 'bonus': 2600, 'miles': 1040, 'min_stay': 1, 'mircashback': 1300}, {'id': 755006, 'force_prepayment': 0, 'capacity': 2, 'prepayment': 'NO', 'nonrefundable': 0, 'cancellation_period': 0, 'cancellation_fee': 'NO', 'breakfast': 1, 'base_price': 14000, 'prices': [14000], 'price': 14000, 'old_price': 14000, 'currency': 'RUB', 'payment_amount': 0, 'extras_variants': [], 'extras': [], 'rate_id': 32986, 'deals': [], 'cancellation_type': 'free', 'credit_card': 0, 'bonus': 2800, 'miles': 1120, 'min_stay': 1, 'mircashback': 1400}]",13000.0,1040,406989_101hotels,2025-05-12
1334467,,"Стандарт, Double/Twin",2,0,0,1,Двухместный,2,10,"[{'single': 2}, {'double': 1}]",[],"[{'id': 755001, 'force_prepayment': 0, 'capacity': 1, 'prepayment': 'NO', 'nonrefundable': 0, 'cancellation_period': 0, 'cancellation_fee': 'NO', 'breakfast': 1, 'base_price': 5000, 'prices': [5000], 'price': 5000, 'old_price': 5000, 'currency': 'RUB', 'payment_amount': 0, 'extras_variants': [], 'extras': [], 'rate_id': 32986, 'deals': [], 'cancellation_type': 'free', 'credit_card': 0, 'bonus': 1000, 'miles': 400, 'min_stay': 1, 'mircashback': 500}, {'id': 755002, 'force_prepayment': 0, 'capacity': 2, 'prepayment': 'NO', 'nonrefundable': 0, 'cancellation_period': 0, 'cancellation_fee': 'NO', 'breakfast': 1, 'base_price': 5950, 'prices': [5950], 'price': 5950, 'old_price': 5950, 'currency': 'RUB', 'payment_amount': 0, 'extras_variants': [], 'extras': [], 'rate_id': 32986, 'deals': [], 'cancellation_type': 'free', 'credit_card': 0, 'bonus': 1190, 'miles': 476, 'min_stay': 1, 'mircashback': 595}]",5000.0,400,406989_101hotels,2025-05-12
2269881,,Дизайнерский - Ретро,2,0,0,1,Двухместный,2,1,[{'double': 1}],[],"[{'id': 755000, 'force_prepayment': 0, 'capacity': 1, 'prepayment': 'NO', 'nonrefundable': 0, 'cancellation_period': 0, 'cancellation_fee': 'NO', 'breakfast': 1, 'base_price': 5000, 'prices': [5000], 'price': 5000, 'old_price': 5000, 'currency': 'RUB', 'payment_amount': 0, 'extras_variants': [], 'extras': [], 'rate_id': 32986, 'deals': [], 'cancellation_type': 'free', 'credit_card': 0, 'bonus': 1000, 'miles': 400, 'min_stay': 1, 'mircashback': 500}, {'id': 755014, 'force_prepayment': 0, 'capacity': 2, 'prepayment': 'NO', 'nonrefundable': 0, 'cancellation_period': 0, 'cancellation_fee': 'NO', 'breakfast': 1, 'base_price': 5950, 'prices': [5950], 'price': 5950, 'old_price': 5950, 'currency': 'RUB', 'payment_amount': 0, 'extras_variants': [], 'extras': [], 'rate_id': 32986, 'deals': [], 'cancellation_type': 'free', 'credit_card': 0, 'bonus': 1190, 'miles': 476, 'min_stay': 1, 'mircashback': 595}]",5000.0,400,406989_101hotels,2025-05-12
2269883,,Улучшенный стандартный,2,0,0,1,Двухместный,2,3,"[{'single': 2}, {'double': 2}]",[],"[{'id': 755003, 'force_prepayment': 0, 'capacity': 1, 'prepayment': 'NO', 'nonrefundable': 0, 'cancellation_period': 0, 'cancellation_fee': 'NO', 'breakfast': 1, 'base_price': 6000, 'prices': [6000], 'price': 6000, 'old_price': 6000, 'currency': 'RUB', 'payment_amount': 0, 'extras_variants': [], 'extras': [], 'rate_id': 32986, 'deals': [], 'cancellation_type': 'free', 'credit_card': 0, 'bonus': 1200, 'miles': 480, 'min_stay': 1, 'mircashback': 600}, {'id': 755004, 'force_prepayment': 0, 'capacity': 2, 'prepayment': 'NO', 'nonrefundable': 0, 'cancellation_period': 0, 'cancellation_fee': 'NO', 'breakfast': 1, 'base_price': 6950, 'prices': [6950], 'price': 6950, 'old_price': 6950, 'currency': 'RUB', 'payment_amount': 0, 'extras_variants': [], 'extras': [], 'rate_id': 32986, 'deals': [], 'cancellation_type': 'free', 'credit_card': 0, 'bonus': 1390, 'miles': 556, 'min_stay': 1, 'mircashback': 695}]",6000.0,480,406989_101hotels,2025-05-12
2278069,,Business Grand Deluxe с кроватью king-size,2,0,0,1,Двухместный,2,2,[{'double': 1}],[],"[{'id': 835383, 'force_prepayment': 0, 'capacity': 1, 'prepayment': 'FIRST', 'nonrefundable': 0, 'cancellation_period': 1, 'cancellation_fee': 'FIRST', 'breakfast': 0, 'base_price': 9700, 'prices': [9700], 'price': 9700, 'old_price': 9700, 'currency': 'RUB', 'payment_amount': 9700, 'extras_variants': [], 'extras': [], 'rate_id': 37755, 'deals': [], 'cancellation_type': 'special', 'credit_card': 1, 'bonus': 1940, 'miles': 776, 'min_stay': 1, 'mircashback': 970}, {'id': 835389, 'force_prepayment': 0, 'capacity': 1, 'prepayment': 'FIRST', 'nonrefundable': 0, 'cancellation_period': 1, 'cancellation_fee': 'FIRST', 'breakfast': 1, 'base_price': 10700, 'prices': [10700], 'price': 10700, 'old_price': 10700, 'currency': 'RUB', 'payment_amount': 10700, 'extras_variants': [], 'extras': [], 'rate_id': 37754, 'deals': [], 'cancellation_type': 'special', 'credit_card': 1, 'bonus': 2140, 'miles': 856, 'min_stay': 1, 'mircashback': 1070}, {'id': 835384, 'force_prepayment': 0, 'capacity': 2, 'prepayment': 'FIRST', 'nonrefundable': 0, 'cancellation_period': 1, 'cancellation_fee': 'FIRST', 'breakfast': 0, 'base_price': 11200, 'prices': [11200], 'price': 11200, 'old_price': 11200, 'currency': 'RUB', 'payment_amount': 11200, 'extras_variants': [], 'extras': [], 'rate_id': 37755, 'deals': [], 'cancellation_type': 'special', 'credit_card': 1, 'bonus': 2240, 'miles': 896, 'min_stay': 1, 'mircashback': 1120}, {'id': 835390, 'force_prepayment': 0, 'capacity': 2, 'prepayment': 'FIRST', 'nonrefundable': 0, 'cancellation_period': 1, 'cancellation_fee': 'FIRST', 'breakfast': 1, 'base_price': 12700, 'prices': [12700], 'price': 12700, 'old_price': 12700, 'currency': 'RUB', 'payment_amount': 12700, 'extras_variants': [], 'extras': [], 'rate_id': 37754, 'deals': [], 'cancellation_type': 'special', 'credit_card': 1, 'bonus': 2540, 'miles': 1016, 'min_stay': 1, 'mircashback': 1270}]",9700.0,776,2397_101hotels,2025-05-12
2278071,,Двухместный Business Suite,2,0,0,1,Люкс,6,1,[{'double': 1}],[],"[{'id': 835369, 'force_prepayment': 0, 'capacity': 1, 'prepayment': 'FIRST', 'nonrefundable': 0, 'cancellation_period': 1, 'cancellation_fee': 'FIRST', 'breakfast': 0, 'base_price': 15900, 'prices': [15900], 'price': 15900, 'old_price': 15900, 'currency': 'RUB', 'payment_amount': 15900, 'extras_variants': [], 'extras': [], 'rate_id': 37757, 'deals': [], 'cancellation_type': 'special', 'credit_card': 1, 'bonus': 3180, 'miles': 1272, 'min_stay': 1, 'mircashback': 1590}, {'id': 835371, 'force_prepayment': 0, 'capacity': 1, 'prepayment': 'FIRST', 'nonrefundable': 0, 'cancellation_period': 1, 'cancellation_fee': 'FIRST', 'breakfast': 1, 'base_price': 17500, 'prices': [17500], 'price': 17500, 'old_price': 17500, 'currency': 'RUB', 'payment_amount': 17500, 'extras_variants': [], 'extras': [], 'rate_id': 37756, 'deals': [], 'cancellation_type': 'special', 'credit_card': 1, 'bonus': 3500, 'miles': 1400, 'min_stay': 1, 'mircashback': 1750}, {'id': 835370, 'force_prepayment': 0, 'capacity': 2, 'prepayment': 'FIRST', 'nonrefundable': 0, 'cancellation_period': 1, 'cancellation_fee': 'FIRST', 'breakfast': 0, 'base_price': 17400, 'prices': [17400], 'price': 17400, 'old_price': 17400, 'currency': 'RUB', 'payment_amount': 17400, 'extras_variants': [], 'extras': [], 'rate_id': 37757, 'deals': [], 'cancellation_type': 'special', 'credit_card': 1, 'bonus': 3480, 'miles': 1392, 'min_stay': 1, 'mircashback': 1740}, {'id': 835372, 'force_prepayment': 0, 'capacity': 2, 'prepayment': 'FIRST', 'nonrefundable': 0, 'cancellation_period': 1, 'cancellation_fee': 'FIRST', 'breakfast': 1, 'base_price': 19500, 'prices': [19500], 'price': 19500, 'old_price': 19500, 'currency': 'RUB', 'payment_amount': 19500, 'extras_variants': [], 'extras': [], 'rate_id': 37756, 'deals': [], 'cancellation_type': 'special', 'credit_card': 1, 'bonus': 3900, 'miles': 1560, 'min_stay': 1, 'mircashback': 1950}]",15900.0,1272,2397_101hotels,2025-05-12
2278072,,Deluxe Business с кроватью king-size,2,0,0,1,Двухместный,2,18,[{'double': 1}],[],"[{'id': 835373, 'force_prepayment': 0, 'capacity': 1, 'prepayment': 'FIRST', 'nonrefundable': 0, 'cancellation_period': 1, 'cancellation_fee': 'FIRST', 'breakfast': 0, 'base_price': 7700, 'prices': [7700], 'price': 7700, 'old_price': 7700, 'currency': 'RUB', 'payment_amount': 7700, 'extras_variants': [], 'extras': [], 'rate_id': 37755, 'deals': [], 'cancellation_type': 'special', 'credit_card': 1, 'bonus': 1540, 'miles': 616, 'min_stay': 1, 'mircashback': 770}, {'id': 835391, 'force_prepayment': 0, 'capacity': 1, 'prepayment': 'FIRST', 'nonrefundable': 0, 'cancellation_period': 1, 'cancellation_fee': 'FIRST', 'breakfast': 1, 'base_price': 8700, 'prices': [8700], 'price': 8700, 'old_price': 8700, 'currency': 'RUB', 'payment_amount': 8700, 'extras_variants': [], 'extras': [], 'rate_id': 37754, 'deals': [], 'cancellation_type': 'special', 'credit_card': 1, 'bonus': 1740, 'miles': 696, 'min_stay': 1, 'mircashback': 870}, {'id': 835374, 'force_prepayment': 0, 'capacity': 2, 'prepayment': 'FIRST', 'nonrefundable': 0, 'cancellation_period': 1, 'cancellation_fee': 'FIRST', 'breakfast': 0, 'base_price': 9200, 'prices': [9200], 'price': 9200, 'old_price': 9200, 'currency': 'RUB', 'payment_amount': 9200, 'extras_variants': [], 'extras': [], 'rate_id': 37755, 'deals': [], 'cancellation_type': 'special', 'credit_card': 1, 'bonus': 1840, 'miles': 736, 'min_stay': 1, 'mircashback': 920}, {'id': 835392, 'force_prepayment': 0, 'capacity': 2, 'prepayment': 'FIRST', 'nonrefundable': 0, 'cancellation_period': 1, 'cancellation_fee': 'FIRST', 'breakfast': 1, 'base_price': 10700, 'prices': [10700], 'price': 10700, 'old_price': 10700, 'currency': 'RUB', 'payment_amount': 10700, 'extras_variants': [], 'extras': [], 'rate_id': 37754, 'deals': [], 'cancellation_type': 'special', 'credit_card': 1, 'bonus': 2140, 'miles': 856, 'min_stay': 1, 'mircashback': 1070}]",7700.0,616,2397_101hotels,2025-05-12
2278121,,Deluxe c 2 односпальными кроватями,2,0,0,1,Двухместный,2,8,[{'single': 2}],[],"[{'id': 835363, 'force_prepayment': 0, 'capacity': 1, 'prepayment': 'FIRST', 'nonrefundable': 0, 'cancellation_period': 1, 'cancellation_fee': 'FIRST', 'breakfast': 0, 'base_price': 5700, 'prices': [5700], 'price': 5700, 'old_price': 5700, 'currency': 'RUB', 'payment_amount': 5700, 'extras_variants': [], 'extras': [], 'rate_id': 37722, 'deals': [], 'cancellation_type': 'special', 'credit_card': 1, 'bonus': 1140, 'miles': 456, 'min_stay': 1, 'mircashback': 570}, {'id': 835367, 'force_prepayment': 0, 'capacity': 1, 'prepayment': 'FIRST', 'nonrefundable': 0, 'cancellation_period': 1, 'cancellation_fee': 'FIRST', 'breakfast': 1, 'base_price': 6700, 'prices': [6700], 'price': 6700, 'old_price': 6700, 'currency': 'RUB', 'payment_amount': 6700, 'extras_variants': [], 'extras': [], 'rate_id': 37723, 'deals': [], 'cancellation_type': 'special', 'credit_card': 1, 'bonus': 1340, 'miles': 536, 'min_stay': 1, 'mircashback': 670}, {'id': 835364, 'force_prepayment': 0, 'capacity': 2, 'prepayment': 'FIRST', 'nonrefundable': 0, 'cancellation_period': 1, 'cancellation_fee': 'FIRST', 'breakfast': 0, 'base_price': 7200, 'prices': [7200], 'price': 7200, 'old_price': 7200, 'currency': 'RUB', 'payment_amount': 7200, 'extras_variants': [], 'extras': [], 'rate_id': 37722, 'deals': [], 'cancellation_type': 'special', 'credit_card': 1, 'bonus': 1440, 'miles': 576, 'min_stay': 1, 'mircashback': 720}, {'id': 835368, 'force_prepayment': 0, 'capacity': 2, 'prepayment': 'FIRST', 'nonrefundable': 0, 'cancellation_period': 1, 'cancellation_fee': 'FIRST', 'breakfast': 1, 'base_price': 8700, 'prices': [8700], 'price': 8700, 'old_price': 8700, 'currency': 'RUB', 'payment_amount': 8700, 'extras_variants': [], 'extras': [], 'rate_id': 37723, 'deals': [], 'cancellation_type': 'special', 'credit_card': 1, 'bonus': 1740, 'miles': 696, 'min_stay': 1, 'mircashback': 870}]",5700.0,456,2397_101hotels,2025-05-12
2278124,,Deluxe Business c 2 односпальными кроватями,2,0,0,1,Двухместный,2,22,[{'double': 1}],[],"[{'id': 835375, 'force_prepayment': 0, 'capacity': 1, 'prepayment': 'FIRST', 'nonrefundable': 0, 'cancellation_period': 1, 'cancellation_fee': 'FIRST', 'breakfast': 0, 'base_price': 7700, 'prices': [7700], 'price': 7700, 'old_price': 7700, 'currency': 'RUB', 'payment_amount': 7700, 'extras_variants': [], 'extras': [], 'rate_id': 37755, 'deals': [], 'cancellation_type': 'special', 'credit_card': 1, 'bonus': 1540, 'miles': 616, 'min_stay': 1, 'mircashback': 770}, {'id': 835393, 'force_prepayment': 0, 'capacity': 1, 'prepayment': 'FIRST', 'nonrefundable': 0, 'cancellation_period': 1, 'cancellation_fee': 'FIRST', 'breakfast': 1, 'base_price': 8700, 'prices': [8700], 'price': 8700, 'old_price': 8700, 'currency': 'RUB', 'payment_amount': 8700, 'extras_variants': [], 'extras': [], 'rate_id': 37754, 'deals': [], 'cancellation_type': 'special', 'credit_card': 1, 'bonus': 1740, 'miles': 696, 'min_stay': 1, 'mircashback': 870}, {'id': 835376, 'force_prepayment': 0, 'capacity': 2, 'prepayment': 'FIRST', 'nonrefundable': 0, 'cancellation_period': 1, 'cancellation_fee': 'FIRST', 'breakfast': 0, 'base_price': 9200, 'prices': [9200], 'price': 9200, 'old_price': 9200, 'currency': 'RUB', 'payment_amount': 9200, 'extras_variants': [], 'extras': [], 'rate_id': 37755, 'deals': [], 'cancellation_type': 'special', 'credit_card': 1, 'bonus': 1840, 'miles': 736, 'min_stay': 1, 'mircashback': 920}, {'id': 835394, 'force_prepayment': 0, 'capacity': 2, 'prepayment': 'FIRST', 'nonrefundable': 0, 'cancellation_period': 1, 'cancellation_fee': 'FIRST', 'breakfast': 1, 'base_price': 10700, 'prices': [10700], 'price': 10700, 'old_price': 10700, 'currency': 'RUB', 'payment_amount': 10700, 'extras_variants': [], 'extras': [], 'rate_id': 37754, 'deals': [], 'cancellation_type': 'special', 'credit_card': 1, 'bonus': 2140, 'miles': 856, 'min_stay': 1, 'mircashback': 1070}]",7700.0,616,2397_101hotels,2025-05-12
1336377,,"Стандарт с 1 двуспальной, или 2 раздельными кроватями",2,1,0,1,Двухместный,2,6,"[{'single': 2}, {'double': 1}]",[],"[{'id': 594734, 'force_prepayment': 0, 'capacity': 1, 'prepayment': 'NO', 'nonrefundable': 0, 'cancellation_period': 0, 'cancellation_fee': 'NO', 'breakfast': 0, 'base_price': 5700, 'prices': [5700], 'price': 5700, 'old_price': 5700, 'currency': 'RUB', 'payment_amount': 0, 'extras_variants': [], 'extras': [], 'rate_id': 20742, 'deals': [], 'cancellation_type': 'free', 'credit_card': 0, 'bonus': 1140, 'miles': 456, 'min_stay': 1, 'mircashback': 570}, {'id': 594725, 'force_prepayment': 0, 'capacity': 1, 'prepayment': 'NO', 'nonrefundable': 0, 'cancellation_period': 0, 'cancellation_fee': 'NO', 'breakfast': 6, 'base_price': 6400, 'prices': [6400], 'price': 6400, 'old_price': 6400, 'currency': 'RUB', 'payment_amount': 0, 'extras_variants': [], 'extras': [], 'rate_id': 20741, 'deals': [], 'cancellation_type': 'free', 'credit_card': 0, 'bonus': 1280, 'miles': 512, 'min_stay': 1, 'mircashback': 640}, {'id': 594735, 'force_prepayment': 0, 'capacity': 2, 'prepayment': 'NO', 'nonrefundable': 0, 'cancellation_period': 0, 'cancellation_fee': 'NO', 'breakfast': 0, 'base_price': 6200, 'prices': [6200], 'price': 6200, 'old_price': 6200, 'currency': 'RUB', 'payment_amount': 0, 'extras_variants': [], 'extras': [], 'rate_id': 20742, 'deals': [], 'cancellation_type': 'free', 'credit_card': 0, 'bonus': 1240, 'miles': 496, 'min_stay': 1, 'mircashback': 620}, {'id': 594726, 'force_prepayment': 0, 'capacity': 2, 'prepayment': 'NO', 'nonrefundable': 0, 'cancellation_period': 0, 'cancellation_fee': 'NO', 'breakfast': 6, 'base_price': 7600, 'prices': [7600], 'price': 7600, 'old_price': 7600, 'currency': 'RUB', 'payment_amount': 0, 'extras_variants': [], 'extras': [], 'rate_id': 20741, 'deals': [], 'cancellation_type': 'free', 'credit_card': 0, 'bonus': 1520, 'miles': 608, 'min_stay': 1, 'mircashback': 760}]",5700.0,456,421457_101hotels,2025-05-12
1336388,,Стандарт для людей с ограниченными возможностями,2,1,0,1,Двухместный,2,1,[{'single': 2}],[],"[{'id': 594736, 'force_prepayment': 0, 'capacity': 1, 'prepayment': 'NO', 'nonrefundable': 0, 'cancellation_period': 0, 'cancellation_fee': 'NO', 'breakfast': 0, 'base_price': 5700, 'prices': [5700], 'price': 5700, 'old_price': 5700, 'currency': 'RUB', 'payment_amount': 0, 'extras_variants': [], 'extras': [], 'rate_id': 20742, 'deals': [], 'cancellation_type': 'free', 'credit_card': 0, 'bonus': 1140, 'miles': 456, 'min_stay': 1, 'mircashback': 570}, {'id': 594727, 'force_prepayment': 0, 'capacity': 1, 'prepayment': 'NO', 'nonrefundable': 0, 'cancellation_period': 0, 'cancellation_fee': 'NO', 'breakfast': 6, 'base_price': 6400, 'prices': [6400], 'price': 6400, 'old_price': 6400, 'currency': 'RUB', 'payment_amount': 0, 'extras_variants': [], 'extras': [], 'rate_id': 20741, 'deals': [], 'cancellation_type': 'free', 'credit_card': 0, 'bonus': 1280, 'miles': 512, 'min_stay': 1, 'mircashback': 640}, {'id': 594737, 'force_prepayment': 0, 'capacity': 2, 'prepayment': 'NO', 'nonrefundable': 0, 'cancellation_period': 0, 'cancellation_fee': 'NO', 'breakfast': 0, 'base_price': 6200, 'prices': [6200], 'price': 6200, 'old_price': 6200, 'currency': 'RUB', 'payment_amount': 0, 'extras_variants': [], 'extras': [], 'rate_id': 20742, 'deals': [], 'cancellation_type': 'free', 'credit_card': 0, 'bonus': 1240, 'miles': 496, 'min_stay': 1, 'mircashback': 620}, {'id': 594728, 'force_prepayment': 0, 'capacity': 2, 'prepayment': 'NO', 'nonrefundable': 0, 'cancellation_period': 0, 'cancellation_fee': 'NO', 'breakfast': 6, 'base_price': 7600, 'prices': [7600], 'price': 7600, 'old_price': 7600, 'currency': 'RUB', 'payment_amount': 0, 'extras_variants': [], 'extras': [], 'rate_id': 20741, 'deals': [], 'cancellation_type': 'free', 'credit_card': 0, 'bonus': 1520, 'miles': 608, 'min_stay': 1, 'mircashback': 760}]",5700.0,456,421457_101hotels,2025-05-12
1336395,,Полулюкс,2,1,0,1,Двухместный,2,10,"[{'single': 2}, {'double': 1}]",[],"[{'id': 594738, 'force_prepayment': 0, 'capacity': 1, 'prepayment': 'NO', 'nonrefundable': 0, 'cancellation_period': 0, 'cancellation_fee': 'NO', 'breakfast': 0, 'base_price': 6300, 'prices': [6300], 'price': 6300, 'old_price': 6300, 'currency': 'RUB', 'payment_amount': 0, 'extras_variants': [], 'extras': [], 'rate_id': 20742, 'deals': [], 'cancellation_type': 'free', 'credit_card': 0, 'bonus': 1260, 'miles': 504, 'min_stay': 1, 'mircashback': 630}, {'id': 594729, 'force_prepayment': 0, 'capacity': 1, 'prepayment': 'NO', 'nonrefundable': 0, 'cancellation_period': 0, 'cancellation_fee': 'NO', 'breakfast': 6, 'base_price': 7000, 'prices': [7000], 'price': 7000, 'old_price': 7000, 'currency': 'RUB', 'payment_amount': 0, 'extras_variants': [], 'extras': [], 'rate_id': 20741, 'deals': [], 'cancellation_type': 'free', 'credit_card': 0, 'bonus': 1400, 'miles': 560, 'min_stay': 1, 'mircashback': 700}, {'id': 594739, 'force_prepayment': 0, 'capacity': 2, 'prepayment': 'NO', 'nonrefundable': 0, 'cancellation_period': 0, 'cancellation_fee': 'NO', 'breakfast': 0, 'base_price': 6800, 'prices': [6800], 'price': 6800, 'old_price': 6800, 'currency': 'RUB', 'payment_amount': 0, 'extras_variants': [], 'extras': [], 'rate_id': 20742, 'deals': [], 'cancellation_type': 'free', 'credit_card': 0, 'bonus': 1360, 'miles': 544, 'min_stay': 1, 'mircashback': 680}, {'id': 594730, 'force_prepayment': 0, 'capacity': 2, 'prepayment': 'NO', 'nonrefundable': 0, 'cancellation_period': 0, 'cancellation_fee': 'NO', 'breakfast': 6, 'base_price': 8200, 'prices': [8200], 'price': 8200, 'old_price': 8200, 'currency': 'RUB', 'payment_amount': 0, 'extras_variants': [], 'extras': [], 'rate_id': 20741, 'deals': [], 'cancellation_type': 'free', 'credit_card': 0, 'bonus': 1640, 'miles': 656, 'min_stay': 1, 'mircashback': 820}]",6300.0,504,421457_101hotels,2025-05-12
1336396,,Люкс,2,1,0,1,Двухместный,2,1,"[{'single': 2, 'double': 1}]",[],"[{'id': 594731, 'force_prepayment': 0, 'capacity': 1, 'prepayment': 'NO', 'nonrefundable': 0, 'cancellation_period': 0, 'cancellation_fee': 'NO', 'breakfast': 6, 'base_price': 12100, 'prices': [12100], 'price': 12100, 'old_price': 12100, 'currency': 'RUB', 'payment_amount': 0, 'extras_variants': [], 'extras': [], 'rate_id': 20741, 'deals': [], 'cancellation_type': 'free', 'credit_card': 0, 'bonus': 2420, 'miles': 968, 'min_stay': 1, 'mircashback': 1210}, {'id': 594732, 'force_prepayment': 0, 'capacity': 2, 'prepayment': 'NO', 'nonrefundable': 0, 'cancellation_period': 0, 'cancellation_fee': 'NO', 'breakfast': 6, 'base_price': 12100, 'prices': [12100], 'price': 12100, 'old_price': 12100, 'currency': 'RUB', 'payment_amount': 0, 'extras_variants': [], 'extras': [], 'rate_id': 20741, 'deals': [], 'cancellation_type': 'free', 'credit_card': 0, 'bonus': 2420, 'miles': 968, 'min_stay': 1, 'mircashback': 1210}]",12100.0,968,421457_101hotels,2025-05-12
1870573,,,1,0,0,1,Одноместный,1,2,[{'single': 1}],[],"[{'id': 251392, 'force_prepayment': 1, 'capacity': 1, 'prepayment': 'NO', 'nonrefundable': 0, 'cancellation_period': 0, 'cancellation_fee': 'NO', 'breakfast': 1, 'base_price': 5000, 'prices': [5000], 'price': 5000, 'old_price': 5000, 'currency': 'RUB', 'payment_amount': 0, 'extras_variants': [], 'extras': [], 'rate_id': 259, 'deals': [], 'cancellation_type': 'free', 'credit_card': 0, 'bonus': 1000, 'miles': 400, 'min_stay': 1, 'mircashback': 500}, {'id': '251392P', 'force_prepayment': 1, 'capacity': 1, 'prepayment': 'FULL', 'nonrefundable': 0, 'cancellation_period': 0, 'cancellation_fee': 'NO', 'breakfast': 1, 'base_price': 5000, 'prices': [5000], 'price': 5000, 'old_price': 5000, 'currency': 'RUB', 'payment_amount': 5000, 'extras_variants': [], 'extras': [], 'rate_id': 259, 'deals': [], 'cancellation_type': 'free', 'credit_card': 0, 'bonus': 1000, 'miles': 400, 'min_stay': 1, 'mircashback': 500}]",5000.0,400,560073_101hotels,2025-05-12
1870574,,Стандартный номер с 1 кроватью или 2 отдельными кроватями,2,0,0,1,Двухместный,2,3,[{'single': 2}],[],"[{'id': 251393, 'force_prepayment': 1, 'capacity': 1, 'prepayment': 'NO', 'nonrefundable': 0, 'cancellation_period': 0, 'cancellation_fee': 'NO', 'breakfast': 1, 'base_price': 5800, 'prices': [5800], 'price': 5800, 'old_price': 5800, 'currency': 'RUB', 'payment_amount': 0, 'extras_variants': [], 'extras': [], 'rate_id': 259, 'deals': [], 'cancellation_type': 'free', 'credit_card': 0, 'bonus': 1160, 'miles': 464, 'min_stay': 1, 'mircashback': 580}, {'id': 251394, 'force_prepayment': 1, 'capacity': 2, 'prepayment': 'NO', 'nonrefundable': 0, 'cancellation_period': 0, 'cancellation_fee': 'NO', 'breakfast': 1, 'base_price': 6800, 'prices': [6800], 'price': 6800, 'old_price': 6800, 'currency': 'RUB', 'payment_amount': 0, 'extras_variants': [], 'extras': [], 'rate_id': 259, 'deals': [], 'cancellation_type': 'free', 'credit_card': 0, 'bonus': 1360, 'miles': 544, 'min_stay': 1, 'mircashback': 680}, {'id': '251393P', 'force_prepayment': 1, 'capacity': 1, 'prepayment': 'FULL', 'nonrefundable': 0, 'cancellation_period': 0, 'cancellation_fee': 'NO', 'breakfast': 1, 'base_price': 5800, 'prices': [5800], 'price': 5800, 'old_price': 5800, 'currency': 'RUB', 'payment_amount': 5800, 'extras_variants': [], 'extras': [], 'rate_id': 259, 'deals': [], 'cancellation_type': 'free', 'credit_card': 0, 'bonus': 1160, 'miles': 464, 'min_stay': 1, 'mircashback': 580}, {'id': '251394P', 'force_prepayment': 1, 'capacity': 2, 'prepayment': 'FULL', 'nonrefundable': 0, 'cancellation_period': 0, 'cancellation_fee': 'NO', 'breakfast': 1, 'base_price': 6800, 'prices': [6800], 'price': 6800, 'old_price': 6800, 'currency': 'RUB', 'payment_amount': 6800, 'extras_variants': [], 'extras': [], 'rate_id': 259, 'deals': [], 'cancellation_type': 'free', 'credit_card': 0, 'bonus': 1360, 'miles': 544, 'min_stay': 1, 'mircashback': 680}]",5800.0,464,560073_101hotels,2025-05-12
1870576,,Джуниор Сюит,2,0,0,1,Двухместный,2,1,[{'single': 2}],[],"[{'id': 251397, 'force_prepayment': 1, 'capacity': 1, 'prepayment': 'NO', 'nonrefundable': 0, 'cancellation_period': 0, 'cancellation_fee': 'NO', 'breakfast': 1, 'base_price': 6400, 'prices': [6400], 'price': 6400, 'old_price': 6400, 'currency': 'RUB', 'payment_amount': 0, 'extras_variants': [], 'extras': [], 'rate_id': 259, 'deals': [], 'cancellation_type': 'free', 'credit_card': 0, 'bonus': 1280, 'miles': 512, 'min_stay': 1, 'mircashback': 640}, {'id': 251398, 'force_prepayment': 1, 'capacity': 2, 'prepayment': 'NO', 'nonrefundable': 0, 'cancellation_period': 0, 'cancellation_fee': 'NO', 'breakfast': 1, 'base_price': 7400, 'prices': [7400], 'price': 7400, 'old_price': 7400, 'currency': 'RUB', 'payment_amount': 0, 'extras_variants': [], 'extras': [], 'rate_id': 259, 'deals': [], 'cancellation_type': 'free', 'credit_card': 0, 'bonus': 1480, 'miles': 592, 'min_stay': 1, 'mircashback': 740}, {'id': '251397P', 'force_prepayment': 1, 'capacity': 1, 'prepayment': 'FULL', 'nonrefundable': 0, 'cancellation_period': 0, 'cancellation_fee': 'NO', 'breakfast': 1, 'base_price': 6400, 'prices': [6400], 'price': 6400, 'old_price': 6400, 'currency': 'RUB', 'payment_amount': 6400, 'extras_variants': [], 'extras': [], 'rate_id': 259, 'deals': [], 'cancellation_type': 'free', 'credit_card': 0, 'bonus': 1280, 'miles': 512, 'min_stay': 1, 'mircashback': 640}, {'id': '251398P', 'force_prepayment': 1, 'capacity': 2, 'prepayment': 'FULL', 'nonrefundable': 0, 'cancellation_period': 0, 'cancellation_fee': 'NO', 'breakfast': 1, 'base_price': 7400, 'prices': [7400], 'price': 7400, 'old_price': 7400, 'currency': 'RUB', 'payment_amount': 7400, 'extras_variants': [], 'extras': [], 'rate_id': 259, 'deals': [], 'cancellation_type': 'free', 'credit_card': 0, 'bonus': 1480, 'miles': 592, 'min_stay': 1, 'mircashback': 740}]",6400.0,512,560073_101hotels,2025-05-12
1870577,,Джуниор Сюит «Дизайнерский»,2,0,0,1,Семейный,44,2,[{'double': 1}],[],"[{'id': 251401, 'force_prepayment': 1, 'capacity': 1, 'prepayment': 'NO', 'nonrefundable': 0, 'cancellation_period': 0, 'cancellation_fee': 'NO', 'breakfast': 1, 'base_price': 9000, 'prices': [9000], 'price': 9000, 'old_price': 9000, 'currency': 'RUB', 'payment_amount': 0, 'extras_variants': [], 'extras': [], 'rate_id': 259, 'deals': [], 'cancellation_type': 'free', 'credit_card': 0, 'bonus': 1800, 'miles': 720, 'min_stay': 1, 'mircashback': 900}, {'id': 251402, 'force_prepayment': 1, 'capacity': 2, 'prepayment': 'NO', 'nonrefundable': 0, 'cancellation_period': 0, 'cancellation_fee': 'NO', 'breakfast': 1, 'base_price': 10000, 'prices': [10000], 'price': 10000, 'old_price': 10000, 'currency': 'RUB', 'payment_amount': 0, 'extras_variants': [], 'extras': [], 'rate_id': 259, 'deals': [], 'cancellation_type': 'free', 'credit_card': 0, 'bonus': 2000, 'miles': 800, 'min_stay': 1, 'mircashback': 1000}, {'id': '251401P', 'force_prepayment': 1, 'capacity': 1, 'prepayment': 'FULL', 'nonrefundable': 0, 'cancellation_period': 0, 'cancellation_fee': 'NO', 'breakfast': 1, 'base_price': 9000, 'prices': [9000], 'price': 9000, 'old_price': 9000, 'currency': 'RUB', 'payment_amount': 9000, 'extras_variants': [], 'extras': [], 'rate_id': 259, 'deals': [], 'cancellation_type': 'free', 'credit_card': 0, 'bonus': 1800, 'miles': 720, 'min_stay': 1, 'mircashback': 900}, {'id': '251402P', 'force_prepayment': 1, 'capacity': 2, 'prepayment': 'FULL', 'nonrefundable': 0, 'cancellation_period': 0, 'cancellation_fee': 'NO', 'breakfast': 1, 'base_price': 10000, 'prices': [10000], 'price': 10000, 'old_price': 10000, 'currency': 'RUB', 'payment_amount': 10000, 'extras_variants': [], 'extras': [], 'rate_id': 259, 'deals': [], 'cancellation_type': 'free', 'credit_card': 0, 'bonus': 2000, 'miles': 800, 'min_stay': 1, 'mircashback': 1000}]",9000.0,720,560073_101hotels,2025-05-12
1217581,,С 1 кроватью или 2 отдельными кроватями,2,0,0,0,Двухместный,2,1,"[{'single': 2, 'f-chair': 1}]",[],"[{'id': 375787, 'force_prepayment': 0, 'capacity': 1, 'prepayment': 'FIRST', 'nonrefundable': 0, 'cancellation_period': 2, 'cancellation_fee': 'FIRST', 'breakfast': 0, 'base_price': 1800, 'prices': [1800], 'price': 1800, 'old_price': 1800, 'currency': 'RUB', 'payment_amount': 1800, 'extras_variants': [], 'extras': [], 'rate_id': 6123, 'deals': [], 'cancellation_type': 'special', 'credit_card': 1, 'bonus': 360, 'miles': 144, 'min_stay': 1, 'mircashback': 180}, {'id': 375788, 'force_prepayment': 0, 'capacity': 2, 'prepayment': 'FIRST', 'nonrefundable': 0, 'cancellation_period': 2, 'cancellation_fee': 'FIRST', 'breakfast': 0, 'base_price': 2200, 'prices': [2200], 'price': 2200, 'old_price': 2200, 'currency': 'RUB', 'payment_amount': 2200, 'extras_variants': [], 'extras': [], 'rate_id': 6123, 'deals': [], 'cancellation_type': 'special', 'credit_card': 1, 'bonus': 440, 'miles': 176, 'min_stay': 1, 'mircashback': 220}]",1800.0,144,378505_101hotels,2025-05-12
1217582,,Кровать в общем номере для мужчин,1,0,1,1,Восьмиместный Мужской,76,4,[{'single': 4}],[],"[{'id': 375797, 'force_prepayment': 0, 'capacity': 1, 'prepayment': 'FIRST', 'nonrefundable': 0, 'cancellation_period': 2, 'cancellation_fee': 'FIRST', 'breakfast': 0, 'base_price': 750, 'prices': [750], 'price': 750, 'old_price': 750, 'currency': 'RUB', 'payment_amount': 750, 'extras_variants': [], 'extras': [], 'rate_id': 6123, 'deals': [], 'cancellation_type': 'special', 'credit_card': 1, 'bonus': 150, 'miles': 60, 'min_stay': 1, 'mircashback': 75}]",750.0,60,378505_101hotels,2025-05-12
1217583,,Кровать в общем номере для женщин,1,0,1,1,Восьмиместный Женский,77,8,[{'2-tier': 4}],[],"[{'id': 375798, 'force_prepayment': 0, 'capacity': 1, 'prepayment': 'FIRST', 'nonrefundable': 0, 'cancellation_period': 2, 'cancellation_fee': 'FIRST', 'breakfast': 0, 'base_price': 750, 'prices': [750], 'price': 750, 'old_price': 750, 'currency': 'RUB', 'payment_amount': 750, 'extras_variants': [], 'extras': [], 'rate_id': 6123, 'deals': [], 'cancellation_type': 'special', 'credit_card': 1, 'bonus': 150, 'miles': 60, 'min_stay': 1, 'mircashback': 75}]",750.0,60,378505_101hotels,2025-05-12
1217584,,Место в общем номере для 6 человек,1,0,1,0,Семейный,44,6,[{'2-tier': 3}],[],"[{'id': 375793, 'force_prepayment': 0, 'capacity': 1, 'prepayment': 'FIRST', 'nonrefundable': 0, 'cancellation_period': 2, 'cancellation_fee': 'FIRST', 'breakfast': 0, 'base_price': 750, 'prices': [750], 'price': 750, 'old_price': 750, 'currency': 'RUB', 'payment_amount': 750, 'extras_variants': [], 'extras': [], 'rate_id': 6123, 'deals': [], 'cancellation_type': 'special', 'credit_card': 1, 'bonus': 150, 'miles': 60, 'min_stay': 1, 'mircashback': 75}]",750.0,60,378505_101hotels,2025-05-12
1217585,,,4,0,0,0,Четырехместный,34,2,[{'2-tier': 2}],[],"[{'id': 375789, 'force_prepayment': 0, 'capacity': 1, 'prepayment': 'FIRST', 'nonrefundable': 0, 'cancellation_period': 2, 'cancellation_fee': 'FIRST', 'breakfast': 0, 'base_price': 2000, 'prices': [2000], 'price': 2000, 'old_price': 2000, 'currency': 'RUB', 'payment_amount': 2000, 'extras_variants': [], 'extras': [], 'rate_id': 6123, 'deals': [], 'cancellation_type': 'special', 'credit_card': 1, 'bonus': 400, 'miles': 160, 'min_stay': 1, 'mircashback': 200}, {'id': 375790, 'force_prepayment': 0, 'capacity': 2, 'prepayment': 'FIRST', 'nonrefundable': 0, 'cancellation_period': 2, 'cancellation_fee': 'FIRST', 'breakfast': 0, 'base_price': 2000, 'prices': [2000], 'price': 2000, 'old_price': 2000, 'currency': 'RUB', 'payment_amount': 2000, 'extras_variants': [], 'extras': [], 'rate_id': 6123, 'deals': [], 'cancellation_type': 'special', 'credit_card': 1, 'bonus': 400, 'miles': 160, 'min_stay': 1, 'mircashback': 200}, {'id': 375791, 'force_prepayment': 0, 'capacity': 3, 'prepayment': 'FIRST', 'nonrefundable': 0, 'cancellation_period': 2, 'cancellation_fee': 'FIRST', 'breakfast': 0, 'base_price': 2500, 'prices': [2500], 'price': 2500, 'old_price': 2500, 'currency': 'RUB', 'payment_amount': 2500, 'extras_variants': [], 'extras': [], 'rate_id': 6123, 'deals': [], 'cancellation_type': 'special', 'credit_card': 1, 'bonus': 500, 'miles': 200, 'min_stay': 1, 'mircashback': 250}, {'id': 375792, 'force_prepayment': 0, 'capacity': 4, 'prepayment': 'FIRST', 'nonrefundable': 0, 'cancellation_period': 2, 'cancellation_fee': 'FIRST', 'breakfast': 0, 'base_price': 3200, 'prices': [3200], 'price': 3200, 'old_price': 3200, 'currency': 'RUB', 'payment_amount': 3200, 'extras_variants': [], 'extras': [], 'rate_id': 6123, 'deals': [], 'cancellation_type': 'special', 'credit_card': 1, 'bonus': 640, 'miles': 256, 'min_stay': 1, 'mircashback': 320}]",2000.0,160,378505_101hotels,2025-05-12
47335,,"II категории, Улучшенный",1,0,0,1,Одноместный,1,5,[{'single': 1}],[],"[{'id': 613984, 'force_prepayment': 0, 'capacity': 1, 'prepayment': 'NO', 'nonrefundable': 0, 'cancellation_period': 0, 'cancellation_fee': 'NO', 'breakfast': 0, 'base_price': 2500, 'prices': [2500], 'price': 2500, 'old_price': 2500, 'currency': 'RUB', 'payment_amount': 0, 'extras_variants': [], 'extras': [], 'rate_id': 18378, 'deals': [], 'cancellation_type': 'free', 'credit_card': 0, 'bonus': 500, 'miles': 200, 'min_stay': 1, 'mircashback': 250}]",2500.0,200,9536_101hotels,2025-05-12
47336,,"II категории, Улучшенный",2,0,0,1,Двухместный,2,6,[{'single': 2}],[],"[{'id': 613985, 'force_prepayment': 0, 'capacity': 1, 'prepayment': 'NO', 'nonrefundable': 0, 'cancellation_period': 0, 'cancellation_fee': 'NO', 'breakfast': 0, 'base_price': 3000, 'prices': [3000], 'price': 3000, 'old_price': 3000, 'currency': 'RUB', 'payment_amount': 0, 'extras_variants': [], 'extras': [], 'rate_id': 18378, 'deals': [], 'cancellation_type': 'free', 'credit_card': 0, 'bonus': 600, 'miles': 240, 'min_stay': 1, 'mircashback': 300}, {'id': 613986, 'force_prepayment': 0, 'capacity': 2, 'prepayment': 'NO', 'nonrefundable': 0, 'cancellation_period': 0, 'cancellation_fee': 'NO', 'breakfast': 0, 'base_price': 3000, 'prices': [3000], 'price': 3000, 'old_price': 3000, 'currency': 'RUB', 'payment_amount': 0, 'extras_variants': [], 'extras': [], 'rate_id': 18378, 'deals': [], 'cancellation_type': 'free', 'credit_card': 0, 'bonus': 600, 'miles': 240, 'min_stay': 1, 'mircashback': 300}]",3000.0,240,9536_101hotels,2025-05-12
1607837,,"I категории, Комфорт",2,1,0,1,Двухместный,2,4,"[{'double': 1, 'sofa': 1}]",[],"[{'id': 613987, 'force_prepayment': 0, 'capacity': 1, 'prepayment': 'NO', 'nonrefundable': 0, 'cancellation_period': 0, 'cancellation_fee': 'NO', 'breakfast': 0, 'base_price': 4000, 'prices': [4000], 'price': 4000, 'old_price': 4000, 'currency': 'RUB', 'payment_amount': 0, 'extras_variants': [], 'extras': [], 'rate_id': 18378, 'deals': [], 'cancellation_type': 'free', 'credit_card': 0, 'bonus': 800, 'miles': 320, 'min_stay': 1, 'mircashback': 400}, {'id': 613988, 'force_prepayment': 0, 'capacity': 2, 'prepayment': 'NO', 'nonrefundable': 0, 'cancellation_period': 0, 'cancellation_fee': 'NO', 'breakfast': 0, 'base_price': 4000, 'prices': [4000], 'price': 4000, 'old_price': 4000, 'currency': 'RUB', 'payment_amount': 0, 'extras_variants': [], 'extras': [], 'rate_id': 18378, 'deals': [], 'cancellation_type': 'free', 'credit_card': 0, 'bonus': 800, 'miles': 320, 'min_stay': 1, 'mircashback': 400}]",4000.0,320,9536_101hotels,2025-05-12
5824,,Стандарт,2,0,0,1,Двухместный,2,4,[{'single': 2}],[],"[{'id': 755772, 'force_prepayment': 0, 'capacity': 1, 'prepayment': 'FIRST', 'nonrefundable': 1, 'cancellation_period': 0, 'cancellation_fee': 'FIRST', 'breakfast': 1, 'base_price': 3280, 'prices': [3280], 'price': 3280, 'old_price': 0, 'currency': 'RUB', 'payment_amount': 3280, 'extras_variants': [], 'extras': [], 'rate_id': 33057, 'deals': [], 'cancellation_type': 'nonrefundable', 'credit_card': 1, 'bonus': 656, 'miles': 260, 'min_stay': 1, 'mircashback': 328}, {'id': 497839, 'force_prepayment': 0, 'capacity': 1, 'prepayment': 'FIRST', 'nonrefundable': 1, 'cancellation_period': 0, 'cancellation_fee': 'FIRST', 'breakfast': 1, 'base_price': 4100, 'prices': [4100], 'price': 4100, 'old_price': 0, 'currency': 'RUB', 'payment_amount': 4100, 'extras_variants': [], 'extras': [], 'rate_id': 14195, 'deals': [], 'cancellation_type': 'nonrefundable', 'credit_card': 1, 'bonus': 820, 'miles': 328, 'min_stay': 1, 'mircashback': 410}, {'id': 755773, 'force_prepayment': 0, 'capacity': 2, 'prepayment': 'FIRST', 'nonrefundable': 1, 'cancellation_period': 0, 'cancellation_fee': 'FIRST', 'breakfast': 1, 'base_price': 4400, 'prices': [4400], 'price': 4400, 'old_price': 0, 'currency': 'RUB', 'payment_amount': 4400, 'extras_variants': [], 'extras': [], 'rate_id': 33057, 'deals': [], 'cancellation_type': 'nonrefundable', 'credit_card': 1, 'bonus': 880, 'miles': 352, 'min_stay': 1, 'mircashback': 440}, {'id': 497840, 'force_prepayment': 0, 'capacity': 2, 'prepayment': 'FIRST', 'nonrefundable': 1, 'cancellation_period': 0, 'cancellation_fee': 'FIRST', 'breakfast': 1, 'base_price': 5500, 'prices': [5500], 'price': 5500, 'old_price': 0, 'currency': 'RUB', 'payment_amount': 5500, 'extras_variants': [], 'extras': [], 'rate_id': 14195, 'deals': [], 'cancellation_type': 'nonrefundable', 'credit_card': 1, 'bonus': 1100, 'miles': 440, 'min_stay': 1, 'mircashback': 550}]",3280.0,260,230_101hotels,2025-05-12
5825,,Комфорт,2,1,0,1,Двухместный,2,7,"[{'single': 2, 'double': 1, 'sofa': 1}]",[],"[{'id': 755774, 'force_prepayment': 0, 'capacity': 1, 'prepayment': 'FIRST', 'nonrefundable': 1, 'cancellation_period': 0, 'cancellation_fee': 'FIRST', 'breakfast': 1, 'base_price': 4160, 'prices': [4160], 'price': 4160, 'old_price': 0, 'currency': 'RUB', 'payment_amount': 4160, 'extras_variants': [], 'extras': [], 'rate_id': 33057, 'deals': [], 'cancellation_type': 'nonrefundable', 'credit_card': 1, 'bonus': 832, 'miles': 332, 'min_stay': 1, 'mircashback': 416}, {'id': 497841, 'force_prepayment': 0, 'capacity': 1, 'prepayment': 'FIRST', 'nonrefundable': 1, 'cancellation_period': 0, 'cancellation_fee': 'FIRST', 'breakfast': 1, 'base_price': 5200, 'prices': [5200], 'price': 5200, 'old_price': 0, 'currency': 'RUB', 'payment_amount': 5200, 'extras_variants': [], 'extras': [], 'rate_id': 14195, 'deals': [], 'cancellation_type': 'nonrefundable', 'credit_card': 1, 'bonus': 1040, 'miles': 416, 'min_stay': 1, 'mircashback': 520}, {'id': 755775, 'force_prepayment': 0, 'capacity': 2, 'prepayment': 'FIRST', 'nonrefundable': 1, 'cancellation_period': 0, 'cancellation_fee': 'FIRST', 'breakfast': 1, 'base_price': 5360, 'prices': [5360], 'price': 5360, 'old_price': 0, 'currency': 'RUB', 'payment_amount': 5360, 'extras_variants': [], 'extras': [], 'rate_id': 33057, 'deals': [], 'cancellation_type': 'nonrefundable', 'credit_card': 1, 'bonus': 1072, 'miles': 428, 'min_stay': 1, 'mircashback': 536}, {'id': 497842, 'force_prepayment': 0, 'capacity': 2, 'prepayment': 'FIRST', 'nonrefundable': 1, 'cancellation_period': 0, 'cancellation_fee': 'FIRST', 'breakfast': 1, 'base_price': 6700, 'prices': [6700], 'price': 6700, 'old_price': 0, 'currency': 'RUB', 'payment_amount': 6700, 'extras_variants': [], 'extras': [], 'rate_id': 14195, 'deals': [], 'cancellation_type': 'nonrefundable', 'credit_card': 1, 'bonus': 1340, 'miles': 536, 'min_stay': 1, 'mircashback': 670}]",4160.0,332,230_101hotels,2025-05-12
5826,,,2,1,0,1,De Luxe,29,2,"[{'double': 1, 'f-chair': 1}]",[],"[{'id': 755776, 'force_prepayment': 0, 'capacity': 1, 'prepayment': 'FIRST', 'nonrefundable': 1, 'cancellation_period': 0, 'cancellation_fee': 'FIRST', 'breakfast': 1, 'base_price': 4640, 'prices': [4640], 'price': 4640, 'old_price': 0, 'currency': 'RUB', 'payment_amount': 4640, 'extras_variants': [], 'extras': [], 'rate_id': 33057, 'deals': [], 'cancellation_type': 'nonrefundable', 'credit_card': 1, 'bonus': 928, 'miles': 368, 'min_stay': 1, 'mircashback': 464}, {'id': 497843, 'force_prepayment': 0, 'capacity': 1, 'prepayment': 'FIRST', 'nonrefundable': 1, 'cancellation_period': 0, 'cancellation_fee': 'FIRST', 'breakfast': 1, 'base_price': 5800, 'prices': [5800], 'price': 5800, 'old_price': 0, 'currency': 'RUB', 'payment_amount': 5800, 'extras_variants': [], 'extras': [], 'rate_id': 14195, 'deals': [], 'cancellation_type': 'nonrefundable', 'credit_card': 1, 'bonus': 1160, 'miles': 464, 'min_stay': 1, 'mircashback': 580}, {'id': 755777, 'force_prepayment': 0, 'capacity': 2, 'prepayment': 'FIRST', 'nonrefundable': 1, 'cancellation_period': 0, 'cancellation_fee': 'FIRST', 'breakfast': 1, 'base_price': 5520, 'prices': [5520], 'price': 5520, 'old_price': 0, 'currency': 'RUB', 'payment_amount': 5520, 'extras_variants': [], 'extras': [], 'rate_id': 33057, 'deals': [], 'cancellation_type': 'nonrefundable', 'credit_card': 1, 'bonus': 1104, 'miles': 440, 'min_stay': 1, 'mircashback': 552}, {'id': 497844, 'force_prepayment': 0, 'capacity': 2, 'prepayment': 'FIRST', 'nonrefundable': 1, 'cancellation_period': 0, 'cancellation_fee': 'FIRST', 'breakfast': 1, 'base_price': 6900, 'prices': [6900], 'price': 6900, 'old_price': 0, 'currency': 'RUB', 'payment_amount': 6900, 'extras_variants': [], 'extras': [], 'rate_id': 14195, 'deals': [], 'cancellation_type': 'nonrefundable', 'credit_card': 1, 'bonus': 1380, 'miles': 552, 'min_stay': 1, 'mircashback': 690}]",4640.0,368,230_101hotels,2025-05-12
1754408,,С 2 отдельными кроватями,2,0,0,1,Двухместный,2,10,[{'single': 2}],[],"[{'id': 857249, 'force_prepayment': 1, 'capacity': 1, 'prepayment': 'NO', 'nonrefundable': 0, 'cancellation_period': 0, 'cancellation_fee': 'NO', 'breakfast': 0, 'base_price': 2700, 'prices': [2700], 'price': 2700, 'old_price': 2700, 'currency': 'RUB', 'payment_amount': 0, 'extras_variants': [], 'extras': [], 'rate_id': 39085, 'deals': [], 'cancellation_type': 'free', 'credit_card': 0, 'bonus': 540, 'miles': 216, 'min_stay': 1, 'mircashback': 270}, {'id': 857250, 'force_prepayment': 1, 'capacity': 2, 'prepayment': 'NO', 'nonrefundable': 0, 'cancellation_period': 0, 'cancellation_fee': 'NO', 'breakfast': 0, 'base_price': 2700, 'prices': [2700], 'price': 2700, 'old_price': 2700, 'currency': 'RUB', 'payment_amount': 0, 'extras_variants': [], 'extras': [], 'rate_id': 39085, 'deals': [], 'cancellation_type': 'free', 'credit_card': 0, 'bonus': 540, 'miles': 216, 'min_stay': 1, 'mircashback': 270}, {'id': '857249P', 'force_prepayment': 1, 'capacity': 1, 'prepayment': 'FULL', 'nonrefundable': 0, 'cancellation_period': 0, 'cancellation_fee': 'NO', 'breakfast': 0, 'base_price': 2700, 'prices': [2700], 'price': 2700, 'old_price': 2700, 'currency': 'RUB', 'payment_amount': 2700, 'extras_variants': [], 'extras': [], 'rate_id': 39085, 'deals': [], 'cancellation_type': 'free', 'credit_card': 0, 'bonus': 540, 'miles': 216, 'min_stay': 1, 'mircashback': 270}, {'id': '857250P', 'force_prepayment': 1, 'capacity': 2, 'prepayment': 'FULL', 'nonrefundable': 0, 'cancellation_period': 0, 'cancellation_fee': 'NO', 'breakfast': 0, 'base_price': 2700, 'prices': [2700], 'price': 2700, 'old_price': 2700, 'currency': 'RUB', 'payment_amount': 2700, 'extras_variants': [], 'extras': [], 'rate_id': 39085, 'deals': [], 'cancellation_type': 'free', 'credit_card': 0, 'bonus': 540, 'miles': 216, 'min_stay': 1, 'mircashback': 270}]",2700.0,216,514851_101hotels,2025-05-12
1754409,,,2,0,0,1,Семейный,44,7,[{'single': 1}],[],"[{'id': 857256, 'force_prepayment': 1, 'capacity': 1, 'prepayment': 'NO', 'nonrefundable': 0, 'cancellation_period': 0, 'cancellation_fee': 'NO', 'breakfast': 0, 'base_price': 2450, 'prices': [2450], 'price': 2450, 'old_price': 2450, 'currency': 'RUB', 'payment_amount': 0, 'extras_variants': [], 'extras': [], 'rate_id': 39085, 'deals': [], 'cancellation_type': 'free', 'credit_card': 0, 'bonus': 490, 'miles': 196, 'min_stay': 1, 'mircashback': 245}, {'id': 857257, 'force_prepayment': 1, 'capacity': 2, 'prepayment': 'NO', 'nonrefundable': 0, 'cancellation_period': 0, 'cancellation_fee': 'NO', 'breakfast': 0, 'base_price': 2450, 'prices': [2450], 'price': 2450, 'old_price': 2450, 'currency': 'RUB', 'payment_amount': 0, 'extras_variants': [], 'extras': [], 'rate_id': 39085, 'deals': [], 'cancellation_type': 'free', 'credit_card': 0, 'bonus': 490, 'miles': 196, 'min_stay': 1, 'mircashback': 245}, {'id': '857256P', 'force_prepayment': 1, 'capacity': 1, 'prepayment': 'FULL', 'nonrefundable': 0, 'cancellation_period': 0, 'cancellation_fee': 'NO', 'breakfast': 0, 'base_price': 2450, 'prices': [2450], 'price': 2450, 'old_price': 2450, 'currency': 'RUB', 'payment_amount': 2450, 'extras_variants': [], 'extras': [], 'rate_id': 39085, 'deals': [], 'cancellation_type': 'free', 'credit_card': 0, 'bonus': 490, 'miles': 196, 'min_stay': 1, 'mircashback': 245}, {'id': '857257P', 'force_prepayment': 1, 'capacity': 2, 'prepayment': 'FULL', 'nonrefundable': 0, 'cancellation_period': 0, 'cancellation_fee': 'NO', 'breakfast': 0, 'base_price': 2450, 'prices': [2450], 'price': 2450, 'old_price': 2450, 'currency': 'RUB', 'payment_amount': 2450, 'extras_variants': [], 'extras': [], 'rate_id': 39085, 'deals': [], 'cancellation_type': 'free', 'credit_card': 0, 'bonus': 490, 'miles': 196, 'min_stay': 1, 'mircashback': 245}]",2450.0,196,514851_101hotels,2025-05-12
1754411,,Люкс,3,1,0,1,Сьюит,27,3,"[{'double': 1}, {'sofa': 1}]",[],"[{'id': 857251, 'force_prepayment': 1, 'capacity': 1, 'prepayment': 'NO', 'nonrefundable': 0, 'cancellation_period': 0, 'cancellation_fee': 'NO', 'breakfast': 0, 'base_price': 3500, 'prices': [3500], 'price': 3500, 'old_price': 3500, 'currency': 'RUB', 'payment_amount': 0, 'extras_variants': [], 'extras': [], 'rate_id': 39085, 'deals': [], 'cancellation_type': 'free', 'credit_card': 0, 'bonus': 700, 'miles': 280, 'min_stay': 1, 'mircashback': 350}, {'id': 857252, 'force_prepayment': 1, 'capacity': 2, 'prepayment': 'NO', 'nonrefundable': 0, 'cancellation_period': 0, 'cancellation_fee': 'NO', 'breakfast': 0, 'base_price': 3500, 'prices': [3500], 'price': 3500, 'old_price': 3500, 'currency': 'RUB', 'payment_amount': 0, 'extras_variants': [], 'extras': [], 'rate_id': 39085, 'deals': [], 'cancellation_type': 'free', 'credit_card': 0, 'bonus': 700, 'miles': 280, 'min_stay': 1, 'mircashback': 350}, {'id': 857259, 'force_prepayment': 1, 'capacity': 3, 'prepayment': 'NO', 'nonrefundable': 0, 'cancellation_period': 0, 'cancellation_fee': 'NO', 'breakfast': 0, 'base_price': 4900, 'prices': [4900], 'price': 4900, 'old_price': 4900, 'currency': 'RUB', 'payment_amount': 0, 'extras_variants': [], 'extras': [], 'rate_id': 39085, 'deals': [], 'cancellation_type': 'free', 'credit_card': 0, 'bonus': 980, 'miles': 392, 'min_stay': 1, 'mircashback': 490}, {'id': '857251P', 'force_prepayment': 1, 'capacity': 1, 'prepayment': 'FULL', 'nonrefundable': 0, 'cancellation_period': 0, 'cancellation_fee': 'NO', 'breakfast': 0, 'base_price': 3500, 'prices': [3500], 'price': 3500, 'old_price': 3500, 'currency': 'RUB', 'payment_amount': 3500, 'extras_variants': [], 'extras': [], 'rate_id': 39085, 'deals': [], 'cancellation_type': 'free', 'credit_card': 0, 'bonus': 700, 'miles': 280, 'min_stay': 1, 'mircashback': 350}, {'id': '857252P', 'force_prepayment': 1, 'capacity': 2, 'prepayment': 'FULL', 'nonrefundable': 0, 'cancellation_period': 0, 'cancellation_fee': 'NO', 'breakfast': 0, 'base_price': 3500, 'prices': [3500], 'price': 3500, 'old_price': 3500, 'currency': 'RUB', 'payment_amount': 3500, 'extras_variants': [], 'extras': [], 'rate_id': 39085, 'deals': [], 'cancellation_type': 'free', 'credit_card': 0, 'bonus': 700, 'miles': 280, 'min_stay': 1, 'mircashback': 350}, {'id': '857259P', 'force_prepayment': 1, 'capacity': 3, 'prepayment': 'FULL', 'nonrefundable': 0, 'cancellation_period': 0, 'cancellation_fee': 'NO', 'breakfast': 0, 'base_price': 4900, 'prices': [4900], 'price': 4900, 'old_price': 4900, 'currency': 'RUB', 'payment_amount': 4900, 'extras_variants': [], 'extras': [], 'rate_id': 39085, 'deals': [], 'cancellation_type': 'free', 'credit_card': 0, 'bonus': 980, 'miles': 392, 'min_stay': 1, 'mircashback': 490}]",3500.0,280,514851_101hotels,2025-05-12
1754412,,Кровать в общем номере,3,0,1,0,Трехместный,37,4,[{'single': 3}],[],"[{'id': 857253, 'force_prepayment': 1, 'capacity': 1, 'prepayment': 'NO', 'nonrefundable': 0, 'cancellation_period': 0, 'cancellation_fee': 'NO', 'breakfast': 0, 'base_price': 1100, 'prices': [1100], 'price': 1100, 'old_price': 1100, 'currency': 'RUB', 'payment_amount': 0, 'extras_variants': [], 'extras': [], 'rate_id': 39085, 'deals': [], 'cancellation_type': 'free', 'credit_card': 0, 'bonus': 220, 'miles': 88, 'min_stay': 1, 'mircashback': 110}, {'id': '857253P', 'force_prepayment': 1, 'capacity': 1, 'prepayment': 'FULL', 'nonrefundable': 0, 'cancellation_period': 0, 'cancellation_fee': 'NO', 'breakfast': 0, 'base_price': 1100, 'prices': [1100], 'price': 1100, 'old_price': 1100, 'currency': 'RUB', 'payment_amount': 1100, 'extras_variants': [], 'extras': [], 'rate_id': 39085, 'deals': [], 'cancellation_type': 'free', 'credit_card': 0, 'bonus': 220, 'miles': 88, 'min_stay': 1, 'mircashback': 110}]",1100.0,88,514851_101hotels,2025-05-12
1754413,,Кровать в общем номере,8,0,1,0,Восьмиместный,38,8,[{'single': 8}],[],"[{'id': 857258, 'force_prepayment': 1, 'capacity': 1, 'prepayment': 'NO', 'nonrefundable': 0, 'cancellation_period': 0, 'cancellation_fee': 'NO', 'breakfast': 0, 'base_price': 1100, 'prices': [1100], 'price': 1100, 'old_price': 1100, 'currency': 'RUB', 'payment_amount': 0, 'extras_variants': [], 'extras': [], 'rate_id': 39085, 'deals': [], 'cancellation_type': 'free', 'credit_card': 0, 'bonus': 220, 'miles': 88, 'min_stay': 1, 'mircashback': 110}, {'id': '857258P', 'force_prepayment': 1, 'capacity': 1, 'prepayment': 'FULL', 'nonrefundable': 0, 'cancellation_period': 0, 'cancellation_fee': 'NO', 'breakfast': 0, 'base_price': 1100, 'prices': [1100], 'price': 1100, 'old_price': 1100, 'currency': 'RUB', 'payment_amount': 1100, 'extras_variants': [], 'extras': [], 'rate_id': 39085, 'deals': [], 'cancellation_type': 'free', 'credit_card': 0, 'bonus': 220, 'miles': 88, 'min_stay': 1, 'mircashback': 110}]",1100.0,88,514851_101hotels,2025-05-12
2232958,,Сибирские. Уютная студия Рассвет,2,0,0,1,Апартаменты,14,1,"[{'double': 1, 'sofa': 1}]","[{'number': '1', 'min_age': '0', 'max_age': '3', 'is_extra_bed': '0', 'extra_bed_type_id': '0'}]","[{'id': 427057, 'force_prepayment': 0, 'capacity': 1, 'prepayment': 'FULL', 'nonrefundable': 0, 'cancellation_period': 0, 'cancellation_fee': 'NO', 'breakfast': 0, 'base_price': 3625, 'prices': [3625], 'price': 3081.25, 'old_price': 3625, 'currency': 'RUB', 'payment_amount': 3625, 'extras_variants': [], 'extras': [], 'rate_id': 9236, 'deals': ['BASE'], 'cancellation_type': 'free', 'credit_card': 1, 'bonus': 616, 'miles': 244, 'min_stay': 1, 'mircashback': 308}, {'id': 427058, 'force_prepayment': 0, 'capacity': 2, 'prepayment': 'FULL', 'nonrefundable': 0, 'cancellation_period': 0, 'cancellation_fee': 'NO', 'breakfast': 0, 'base_price': 3625, 'prices': [3625], 'price': 3081.25, 'old_price': 3625, 'currency': 'RUB', 'payment_amount': 3625, 'extras_variants': [], 'extras': [], 'rate_id': 9236, 'deals': ['BASE'], 'cancellation_type': 'free', 'credit_card': 1, 'bonus': 616, 'miles': 244, 'min_stay': 1, 'mircashback': 308}]",3081.25,244,653874_101hotels,2025-05-12
2247046,,Уютная студия с панорамным видом Колибри,2,0,0,1,Апартаменты,14,1,"[{'double': 1, 'sofa': 1}]","[{'number': '1', 'min_age': '0', 'max_age': '3', 'is_extra_bed': '0', 'extra_bed_type_id': '0'}]","[{'id': 548477, 'force_prepayment': 0, 'capacity': 1, 'prepayment': 'FULL', 'nonrefundable': 0, 'cancellation_period': 0, 'cancellation_fee': 'NO', 'breakfast': 0, 'base_price': 3625, 'prices': [3625], 'price': 3081.25, 'old_price': 3625, 'currency': 'RUB', 'payment_amount': 3625, 'extras_variants': [], 'extras': [], 'rate_id': 9236, 'deals': ['BASE'], 'cancellation_type': 'free', 'credit_card': 1, 'bonus': 616, 'miles': 244, 'min_stay': 1, 'mircashback': 308}, {'id': 548478, 'force_prepayment': 0, 'capacity': 2, 'prepayment': 'FULL', 'nonrefundable': 0, 'cancellation_period': 0, 'cancellation_fee': 'NO', 'breakfast': 0, 'base_price': 3625, 'prices': [3625], 'price': 3081.25, 'old_price': 3625, 'currency': 'RUB', 'payment_amount': 3625, 'extras_variants': [], 'extras': [], 'rate_id': 9236, 'deals': ['BASE'], 'cancellation_type': 'free', 'credit_card': 1, 'bonus': 616, 'miles': 244, 'min_stay': 1, 'mircashback': 308}]",3081.25,244,653874_101hotels,2025-05-12
28779,,Стандарт Double,2,0,0,1,Двухместный,2,2,[{'double': 1}],[],"[{'id': 254625, 'force_prepayment': 0, 'capacity': 1, 'prepayment': 'FIRST', 'nonrefundable': 1, 'cancellation_period': 0, 'cancellation_fee': 'FIRST', 'breakfast': 1, 'base_price': 3150, 'prices': [3150], 'price': 3150, 'old_price': 3150, 'currency': 'RUB', 'payment_amount': 3150, 'extras_variants': [], 'extras': [], 'rate_id': 402, 'deals': [], 'cancellation_type': 'nonrefundable', 'credit_card': 1, 'bonus': 630, 'miles': 252, 'min_stay': 1, 'mircashback': 315}, {'id': 254614, 'force_prepayment': 0, 'capacity': 1, 'prepayment': 'FIRST', 'nonrefundable': 1, 'cancellation_period': 0, 'cancellation_fee': 'FIRST', 'breakfast': 1, 'base_price': 3500, 'prices': [3500], 'price': 3500, 'old_price': 3500, 'currency': 'RUB', 'payment_amount': 3500, 'extras_variants': [], 'extras': [], 'rate_id': 401, 'deals': [], 'cancellation_type': 'nonrefundable', 'credit_card': 1, 'bonus': 700, 'miles': 280, 'min_stay': 1, 'mircashback': 350}, {'id': 254626, 'force_prepayment': 0, 'capacity': 2, 'prepayment': 'FIRST', 'nonrefundable': 1, 'cancellation_period': 0, 'cancellation_fee': 'FIRST', 'breakfast': 1, 'base_price': 3870, 'prices': [3870], 'price': 3870, 'old_price': 3870, 'currency': 'RUB', 'payment_amount': 3870, 'extras_variants': [], 'extras': [], 'rate_id': 402, 'deals': [], 'cancellation_type': 'nonrefundable', 'credit_card': 1, 'bonus': 774, 'miles': 308, 'min_stay': 1, 'mircashback': 387}, {'id': 254615, 'force_prepayment': 0, 'capacity': 2, 'prepayment': 'FIRST', 'nonrefundable': 1, 'cancellation_period': 0, 'cancellation_fee': 'FIRST', 'breakfast': 1, 'base_price': 4300, 'prices': [4300], 'price': 4300, 'old_price': 4300, 'currency': 'RUB', 'payment_amount': 4300, 'extras_variants': [], 'extras': [], 'rate_id': 401, 'deals': [], 'cancellation_type': 'nonrefundable', 'credit_card': 1, 'bonus': 860, 'miles': 344, 'min_stay': 1, 'mircashback': 430}]",3150.0,252,6013_101hotels,2025-05-12
28780,,Стандарт Twin,2,0,0,1,Двухместный,2,6,[{'single': 2}],[],"[{'id': 254627, 'force_prepayment': 0, 'capacity': 1, 'prepayment': 'FIRST', 'nonrefundable': 1, 'cancellation_period': 0, 'cancellation_fee': 'FIRST', 'breakfast': 1, 'base_price': 3150, 'prices': [3150], 'price': 3150, 'old_price': 3150, 'currency': 'RUB', 'payment_amount': 3150, 'extras_variants': [], 'extras': [], 'rate_id': 402, 'deals': [], 'cancellation_type': 'nonrefundable', 'credit_card': 1, 'bonus': 630, 'miles': 252, 'min_stay': 1, 'mircashback': 315}, {'id': 254616, 'force_prepayment': 0, 'capacity': 1, 'prepayment': 'FIRST', 'nonrefundable': 1, 'cancellation_period': 0, 'cancellation_fee': 'FIRST', 'breakfast': 1, 'base_price': 3500, 'prices': [3500], 'price': 3500, 'old_price': 3500, 'currency': 'RUB', 'payment_amount': 3500, 'extras_variants': [], 'extras': [], 'rate_id': 401, 'deals': [], 'cancellation_type': 'nonrefundable', 'credit_card': 1, 'bonus': 700, 'miles': 280, 'min_stay': 1, 'mircashback': 350}, {'id': 254628, 'force_prepayment': 0, 'capacity': 2, 'prepayment': 'FIRST', 'nonrefundable': 1, 'cancellation_period': 0, 'cancellation_fee': 'FIRST', 'breakfast': 1, 'base_price': 3870, 'prices': [3870], 'price': 3870, 'old_price': 3870, 'currency': 'RUB', 'payment_amount': 3870, 'extras_variants': [], 'extras': [], 'rate_id': 402, 'deals': [], 'cancellation_type': 'nonrefundable', 'credit_card': 1, 'bonus': 774, 'miles': 308, 'min_stay': 1, 'mircashback': 387}, {'id': 254617, 'force_prepayment': 0, 'capacity': 2, 'prepayment': 'FIRST', 'nonrefundable': 1, 'cancellation_period': 0, 'cancellation_fee': 'FIRST', 'breakfast': 1, 'base_price': 4300, 'prices': [4300], 'price': 4300, 'old_price': 4300, 'currency': 'RUB', 'payment_amount': 4300, 'extras_variants': [], 'extras': [], 'rate_id': 401, 'deals': [], 'cancellation_type': 'nonrefundable', 'credit_card': 1, 'bonus': 860, 'miles': 344, 'min_stay': 1, 'mircashback': 430}]",3150.0,252,6013_101hotels,2025-05-12
28782,,Комфорт,2,0,0,1,Студио,5,1,[{'double': 1}],[],"[{'id': 254629, 'force_prepayment': 0, 'capacity': 1, 'prepayment': 'FIRST', 'nonrefundable': 1, 'cancellation_period': 0, 'cancellation_fee': 'FIRST', 'breakfast': 1, 'base_price': 4050, 'prices': [4050], 'price': 4050, 'old_price': 4050, 'currency': 'RUB', 'payment_amount': 4050, 'extras_variants': [], 'extras': [], 'rate_id': 402, 'deals': [], 'cancellation_type': 'nonrefundable', 'credit_card': 1, 'bonus': 810, 'miles': 324, 'min_stay': 1, 'mircashback': 405}, {'id': 254618, 'force_prepayment': 0, 'capacity': 1, 'prepayment': 'FIRST', 'nonrefundable': 1, 'cancellation_period': 0, 'cancellation_fee': 'FIRST', 'breakfast': 1, 'base_price': 4500, 'prices': [4500], 'price': 4500, 'old_price': 4500, 'currency': 'RUB', 'payment_amount': 4500, 'extras_variants': [], 'extras': [], 'rate_id': 401, 'deals': [], 'cancellation_type': 'nonrefundable', 'credit_card': 1, 'bonus': 900, 'miles': 360, 'min_stay': 1, 'mircashback': 450}, {'id': 254630, 'force_prepayment': 0, 'capacity': 2, 'prepayment': 'FIRST', 'nonrefundable': 1, 'cancellation_period': 0, 'cancellation_fee': 'FIRST', 'breakfast': 1, 'base_price': 4770, 'prices': [4770], 'price': 4770, 'old_price': 4770, 'currency': 'RUB', 'payment_amount': 4770, 'extras_variants': [], 'extras': [], 'rate_id': 402, 'deals': [], 'cancellation_type': 'nonrefundable', 'credit_card': 1, 'bonus': 954, 'miles': 380, 'min_stay': 1, 'mircashback': 477}, {'id': 254619, 'force_prepayment': 0, 'capacity': 2, 'prepayment': 'FIRST', 'nonrefundable': 1, 'cancellation_period': 0, 'cancellation_fee': 'FIRST', 'breakfast': 1, 'base_price': 5300, 'prices': [5300], 'price': 5300, 'old_price': 5300, 'currency': 'RUB', 'payment_amount': 5300, 'extras_variants': [], 'extras': [], 'rate_id': 401, 'deals': [], 'cancellation_type': 'nonrefundable', 'credit_card': 1, 'bonus': 1060, 'miles': 424, 'min_stay': 1, 'mircashback': 530}]",4050.0,324,6013_101hotels,2025-05-12
28783,,Джуниор-Сюит,2,2,0,1,Люкс,6,2,[{'double': 1}],[],"[{'id': 254631, 'force_prepayment': 0, 'capacity': 1, 'prepayment': 'FIRST', 'nonrefundable': 1, 'cancellation_period': 0, 'cancellation_fee': 'FIRST', 'breakfast': 1, 'base_price': 4950, 'prices': [4950], 'price': 4950, 'old_price': 4950, 'currency': 'RUB', 'payment_amount': 4950, 'extras_variants': [], 'extras': [], 'rate_id': 402, 'deals': [], 'cancellation_type': 'nonrefundable', 'credit_card': 1, 'bonus': 990, 'miles': 396, 'min_stay': 1, 'mircashback': 495}, {'id': 254620, 'force_prepayment': 0, 'capacity': 1, 'prepayment': 'FIRST', 'nonrefundable': 1, 'cancellation_period': 0, 'cancellation_fee': 'FIRST', 'breakfast': 1, 'base_price': 5500, 'prices': [5500], 'price': 5500, 'old_price': 5500, 'currency': 'RUB', 'payment_amount': 5500, 'extras_variants': [], 'extras': [], 'rate_id': 401, 'deals': [], 'cancellation_type': 'nonrefundable', 'credit_card': 1, 'bonus': 1100, 'miles': 440, 'min_stay': 1, 'mircashback': 550}, {'id': 254632, 'force_prepayment': 0, 'capacity': 2, 'prepayment': 'FIRST', 'nonrefundable': 1, 'cancellation_period': 0, 'cancellation_fee': 'FIRST', 'breakfast': 1, 'base_price': 5670, 'prices': [5670], 'price': 5670, 'old_price': 5670, 'currency': 'RUB', 'payment_amount': 5670, 'extras_variants': [], 'extras': [], 'rate_id': 402, 'deals': [], 'cancellation_type': 'nonrefundable', 'credit_card': 1, 'bonus': 1134, 'miles': 452, 'min_stay': 1, 'mircashback': 567}, {'id': 254621, 'force_prepayment': 0, 'capacity': 2, 'prepayment': 'FIRST', 'nonrefundable': 1, 'cancellation_period': 0, 'cancellation_fee': 'FIRST', 'breakfast': 1, 'base_price': 6300, 'prices': [6300], 'price': 6300, 'old_price': 6300, 'currency': 'RUB', 'payment_amount': 6300, 'extras_variants': [], 'extras': [], 'rate_id': 401, 'deals': [], 'cancellation_type': 'nonrefundable', 'credit_card': 1, 'bonus': 1260, 'miles': 504, 'min_stay': 1, 'mircashback': 630}]",4950.0,396,6013_101hotels,2025-05-12
2285216,,Джуниор Сюит с сауной,2,2,0,1,Полулюкс,4,1,"[{'double': 1}, {'single': 2}]",[],"[{'id': 913251, 'force_prepayment': 0, 'capacity': 1, 'prepayment': 'FIRST', 'nonrefundable': 1, 'cancellation_period': 0, 'cancellation_fee': 'FIRST', 'breakfast': 1, 'base_price': 7500, 'prices': [7500], 'price': 7500, 'old_price': 7500, 'currency': 'RUB', 'payment_amount': 7500, 'extras_variants': [], 'extras': [], 'rate_id': 401, 'deals': [], 'cancellation_type': 'nonrefundable', 'credit_card': 1, 'bonus': 1500, 'miles': 600, 'min_stay': 1, 'mircashback': 750}, {'id': 913252, 'force_prepayment': 0, 'capacity': 2, 'prepayment': 'FIRST', 'nonrefundable': 1, 'cancellation_period': 0, 'cancellation_fee': 'FIRST', 'breakfast': 1, 'base_price': 8300, 'prices': [8300], 'price': 8300, 'old_price': 8300, 'currency': 'RUB', 'payment_amount': 8300, 'extras_variants': [], 'extras': [], 'rate_id': 401, 'deals': [], 'cancellation_type': 'nonrefundable', 'credit_card': 1, 'bonus': 1660, 'miles': 664, 'min_stay': 1, 'mircashback': 830}]",7500.0,600,6013_101hotels,2025-05-12
5785,,Улучшенный,2,0,0,1,Двухместный,2,38,"[{'double': 1}, {'single': 2}]",[],"[{'id': 598041, 'force_prepayment': 0, 'capacity': 1, 'prepayment': 'FULL', 'nonrefundable': 1, 'cancellation_period': 0, 'cancellation_fee': 'FIRST', 'breakfast': 1, 'base_price': 5700, 'prices': [5700], 'price': 5700, 'old_price': 5700, 'currency': 'RUB', 'payment_amount': 5700, 'extras_variants': [], 'extras': [], 'rate_id': 21056, 'deals': [], 'cancellation_type': 'nonrefundable', 'credit_card': 1, 'bonus': 1140, 'miles': 456, 'min_stay': 1, 'mircashback': 570}, {'id': 598042, 'force_prepayment': 0, 'capacity': 2, 'prepayment': 'FULL', 'nonrefundable': 1, 'cancellation_period': 0, 'cancellation_fee': 'FIRST', 'breakfast': 1, 'base_price': 6800, 'prices': [6800], 'price': 6800, 'old_price': 6800, 'currency': 'RUB', 'payment_amount': 6800, 'extras_variants': [], 'extras': [], 'rate_id': 21056, 'deals': [], 'cancellation_type': 'nonrefundable', 'credit_card': 1, 'bonus': 1360, 'miles': 544, 'min_stay': 1, 'mircashback': 680}]",5700.0,456,224_101hotels,2025-05-12
5789,,Стандарт,2,0,0,1,Двухместный,2,2,"[{'double': 1}, {'single': 2}]",[],"[{'id': 598043, 'force_prepayment': 0, 'capacity': 1, 'prepayment': 'FULL', 'nonrefundable': 1, 'cancellation_period': 0, 'cancellation_fee': 'FIRST', 'breakfast': 1, 'base_price': 4700, 'prices': [4700], 'price': 4700, 'old_price': 4700, 'currency': 'RUB', 'payment_amount': 4700, 'extras_variants': [], 'extras': [], 'rate_id': 21056, 'deals': [], 'cancellation_type': 'nonrefundable', 'credit_card': 1, 'bonus': 940, 'miles': 376, 'min_stay': 1, 'mircashback': 470}, {'id': 598044, 'force_prepayment': 0, 'capacity': 2, 'prepayment': 'FULL', 'nonrefundable': 1, 'cancellation_period': 0, 'cancellation_fee': 'FIRST', 'breakfast': 1, 'base_price': 5800, 'prices': [5800], 'price': 5800, 'old_price': 5800, 'currency': 'RUB', 'payment_amount': 5800, 'extras_variants': [], 'extras': [], 'rate_id': 21056, 'deals': [], 'cancellation_type': 'nonrefundable', 'credit_card': 1, 'bonus': 1160, 'miles': 464, 'min_stay': 1, 'mircashback': 580}]",4700.0,376,224_101hotels,2025-05-12
5790,,Супериор,2,0,0,1,Студио,5,19,"[{'single': 2}, {'double': 1}]",[],"[{'id': 598045, 'force_prepayment': 0, 'capacity': 1, 'prepayment': 'FULL', 'nonrefundable': 1, 'cancellation_period': 0, 'cancellation_fee': 'FIRST', 'breakfast': 1, 'base_price': 6700, 'prices': [6700], 'price': 6700, 'old_price': 6700, 'currency': 'RUB', 'payment_amount': 6700, 'extras_variants': [], 'extras': [], 'rate_id': 21056, 'deals': [], 'cancellation_type': 'nonrefundable', 'credit_card': 1, 'bonus': 1340, 'miles': 536, 'min_stay': 1, 'mircashback': 670}, {'id': 598046, 'force_prepayment': 0, 'capacity': 2, 'prepayment': 'FULL', 'nonrefundable': 1, 'cancellation_period': 0, 'cancellation_fee': 'FIRST', 'breakfast': 1, 'base_price': 7800, 'prices': [7800], 'price': 7800, 'old_price': 7800, 'currency': 'RUB', 'payment_amount': 7800, 'extras_variants': [], 'extras': [], 'rate_id': 21056, 'deals': [], 'cancellation_type': 'nonrefundable', 'credit_card': 1, 'bonus': 1560, 'miles': 624, 'min_stay': 1, 'mircashback': 780}]",6700.0,536,224_101hotels,2025-05-12
5791,,Джуниор Сюит,2,0,0,1,Студио,5,12,[{'double': 1}],[],"[{'id': 598047, 'force_prepayment': 0, 'capacity': 1, 'prepayment': 'FULL', 'nonrefundable': 1, 'cancellation_period': 0, 'cancellation_fee': 'FIRST', 'breakfast': 1, 'base_price': 7700, 'prices': [7700], 'price': 7700, 'old_price': 7700, 'currency': 'RUB', 'payment_amount': 7700, 'extras_variants': [], 'extras': [], 'rate_id': 21056, 'deals': [], 'cancellation_type': 'nonrefundable', 'credit_card': 1, 'bonus': 1540, 'miles': 616, 'min_stay': 1, 'mircashback': 770}, {'id': 598048, 'force_prepayment': 0, 'capacity': 2, 'prepayment': 'FULL', 'nonrefundable': 1, 'cancellation_period': 0, 'cancellation_fee': 'FIRST', 'breakfast': 1, 'base_price': 8800, 'prices': [8800], 'price': 8800, 'old_price': 8800, 'currency': 'RUB', 'payment_amount': 8800, 'extras_variants': [], 'extras': [], 'rate_id': 21056, 'deals': [], 'cancellation_type': 'nonrefundable', 'credit_card': 1, 'bonus': 1760, 'miles': 704, 'min_stay': 1, 'mircashback': 880}]",7700.0,616,224_101hotels,2025-05-12
5795,,Представительский (с видом на город),2,0,0,1,Апартаменты,14,1,[{'double': 1}],[],"[{'id': 598049, 'force_prepayment': 0, 'capacity': 1, 'prepayment': 'FULL', 'nonrefundable': 1, 'cancellation_period': 0, 'cancellation_fee': 'FIRST', 'breakfast': 1, 'base_price': 11000, 'prices': [11000], 'price': 11000, 'old_price': 11000, 'currency': 'RUB', 'payment_amount': 11000, 'extras_variants': [], 'extras': [], 'rate_id': 21056, 'deals': [], 'cancellation_type': 'nonrefundable', 'credit_card': 1, 'bonus': 2200, 'miles': 880, 'min_stay': 1, 'mircashback': 1100}, {'id': 598050, 'force_prepayment': 0, 'capacity': 2, 'prepayment': 'FULL', 'nonrefundable': 1, 'cancellation_period': 0, 'cancellation_fee': 'FIRST', 'breakfast': 1, 'base_price': 12000, 'prices': [12000], 'price': 12000, 'old_price': 12000, 'currency': 'RUB', 'payment_amount': 12000, 'extras_variants': [], 'extras': [], 'rate_id': 21056, 'deals': [], 'cancellation_type': 'nonrefundable', 'credit_card': 1, 'bonus': 2400, 'miles': 960, 'min_stay': 1, 'mircashback': 1200}]",11000.0,880,224_101hotels,2025-05-12
2240037,,Две раздельные кровати,2,0,0,1,Двухместный,2,8,[{'single': 2}],[],"[{'id': 872195, 'force_prepayment': 0, 'capacity': 1, 'prepayment': 'FIRST', 'nonrefundable': 0, 'cancellation_period': 1, 'cancellation_fee': 'FIRST', 'breakfast': 0, 'base_price': 4890, 'prices': [4890], 'price': 4890, 'old_price': 4890, 'currency': 'RUB', 'payment_amount': 4890, 'extras_variants': [], 'extras': [], 'rate_id': 39867, 'deals': [], 'cancellation_type': 'special', 'credit_card': 1, 'bonus': 978, 'miles': 388, 'min_stay': 1, 'mircashback': 489}, {'id': 933474, 'force_prepayment': 0, 'capacity': 1, 'prepayment': 'FIRST', 'nonrefundable': 0, 'cancellation_period': 0, 'cancellation_fee': 'NO', 'breakfast': 1, 'base_price': 5140, 'prices': [5140], 'price': 5140, 'old_price': 5140, 'currency': 'RUB', 'payment_amount': 5140, 'extras_variants': [], 'extras': [], 'rate_id': 43184, 'deals': [], 'cancellation_type': 'free', 'credit_card': 1, 'bonus': 1028, 'miles': 408, 'min_stay': 1, 'mircashback': 514}, {'id': 872196, 'force_prepayment': 0, 'capacity': 2, 'prepayment': 'FIRST', 'nonrefundable': 0, 'cancellation_period': 1, 'cancellation_fee': 'FIRST', 'breakfast': 0, 'base_price': 4890, 'prices': [4890], 'price': 4890, 'old_price': 4890, 'currency': 'RUB', 'payment_amount': 4890, 'extras_variants': [], 'extras': [], 'rate_id': 39867, 'deals': [], 'cancellation_type': 'special', 'credit_card': 1, 'bonus': 978, 'miles': 388, 'min_stay': 1, 'mircashback': 489}, {'id': 933475, 'force_prepayment': 0, 'capacity': 2, 'prepayment': 'FIRST', 'nonrefundable': 0, 'cancellation_period': 0, 'cancellation_fee': 'NO', 'breakfast': 1, 'base_price': 5390, 'prices': [5390], 'price': 5390, 'old_price': 5390, 'currency': 'RUB', 'payment_amount': 5390, 'extras_variants': [], 'extras': [], 'rate_id': 43184, 'deals': [], 'cancellation_type': 'free', 'credit_card': 1, 'bonus': 1078, 'miles': 428, 'min_stay': 1, 'mircashback': 539}]",4890.0,388,655564_101hotels,2025-05-12
2240038,,1 кровать,2,0,0,1,Двухместный,2,3,[{'single': 2}],[],"[{'id': 872197, 'force_prepayment': 0, 'capacity': 1, 'prepayment': 'FIRST', 'nonrefundable': 0, 'cancellation_period': 1, 'cancellation_fee': 'FIRST', 'breakfast': 0, 'base_price': 4890, 'prices': [4890], 'price': 4890, 'old_price': 4890, 'currency': 'RUB', 'payment_amount': 4890, 'extras_variants': [], 'extras': [], 'rate_id': 39867, 'deals': [], 'cancellation_type': 'special', 'credit_card': 1, 'bonus': 978, 'miles': 388, 'min_stay': 1, 'mircashback': 489}, {'id': 933476, 'force_prepayment': 0, 'capacity': 1, 'prepayment': 'FIRST', 'nonrefundable': 0, 'cancellation_period': 0, 'cancellation_fee': 'NO', 'breakfast': 1, 'base_price': 5140, 'prices': [5140], 'price': 5140, 'old_price': 5140, 'currency': 'RUB', 'payment_amount': 5140, 'extras_variants': [], 'extras': [], 'rate_id': 43184, 'deals': [], 'cancellation_type': 'free', 'credit_card': 1, 'bonus': 1028, 'miles': 408, 'min_stay': 1, 'mircashback': 514}, {'id': 872198, 'force_prepayment': 0, 'capacity': 2, 'prepayment': 'FIRST', 'nonrefundable': 0, 'cancellation_period': 1, 'cancellation_fee': 'FIRST', 'breakfast': 0, 'base_price': 4890, 'prices': [4890], 'price': 4890, 'old_price': 4890, 'currency': 'RUB', 'payment_amount': 4890, 'extras_variants': [], 'extras': [], 'rate_id': 39867, 'deals': [], 'cancellation_type': 'special', 'credit_card': 1, 'bonus': 978, 'miles': 388, 'min_stay': 1, 'mircashback': 489}, {'id': 933477, 'force_prepayment': 0, 'capacity': 2, 'prepayment': 'FIRST', 'nonrefundable': 0, 'cancellation_period': 0, 'cancellation_fee': 'NO', 'breakfast': 1, 'base_price': 5390, 'prices': [5390], 'price': 5390, 'old_price': 5390, 'currency': 'RUB', 'payment_amount': 5390, 'extras_variants': [], 'extras': [], 'rate_id': 43184, 'deals': [], 'cancellation_type': 'free', 'credit_card': 1, 'bonus': 1078, 'miles': 428, 'min_stay': 1, 'mircashback': 539}]",4890.0,388,655564_101hotels,2025-05-12
2240039,,,1,0,0,1,Одноместный,1,1,[{'single': 1}],[],"[{'id': 872194, 'force_prepayment': 0, 'capacity': 1, 'prepayment': 'FIRST', 'nonrefundable': 0, 'cancellation_period': 1, 'cancellation_fee': 'FIRST', 'breakfast': 0, 'base_price': 3000, 'prices': [3000], 'price': 3000, 'old_price': 3000, 'currency': 'RUB', 'payment_amount': 3000, 'extras_variants': [], 'extras': [], 'rate_id': 39867, 'deals': [], 'cancellation_type': 'special', 'credit_card': 1, 'bonus': 600, 'miles': 240, 'min_stay': 1, 'mircashback': 300}, {'id': 933473, 'force_prepayment': 0, 'capacity': 1, 'prepayment': 'FIRST', 'nonrefundable': 0, 'cancellation_period': 0, 'cancellation_fee': 'NO', 'breakfast': 1, 'base_price': 3250, 'prices': [3250], 'price': 3250, 'old_price': 3250, 'currency': 'RUB', 'payment_amount': 3250, 'extras_variants': [], 'extras': [], 'rate_id': 43184, 'deals': [], 'cancellation_type': 'free', 'credit_card': 1, 'bonus': 650, 'miles': 260, 'min_stay': 1, 'mircashback': 325}]",3000.0,240,655564_101hotels,2025-05-12
74222,,Стандарт,3,0,0,1,Трехместный,37,1,[{'single': 3}],[],"[{'id': 759415, 'force_prepayment': 0, 'capacity': 1, 'prepayment': 'NO', 'nonrefundable': 0, 'cancellation_period': 0, 'cancellation_fee': 'NO', 'breakfast': 0, 'base_price': 4800, 'prices': [4800], 'price': 4800, 'old_price': 4800, 'currency': 'RUB', 'payment_amount': 0, 'extras_variants': [], 'extras': [], 'rate_id': 10349, 'deals': [], 'cancellation_type': 'free', 'credit_card': 0, 'bonus': 960, 'miles': 384, 'min_stay': 1, 'mircashback': 480}, {'id': 759416, 'force_prepayment': 0, 'capacity': 2, 'prepayment': 'NO', 'nonrefundable': 0, 'cancellation_period': 0, 'cancellation_fee': 'NO', 'breakfast': 0, 'base_price': 4800, 'prices': [4800], 'price': 4800, 'old_price': 4800, 'currency': 'RUB', 'payment_amount': 0, 'extras_variants': [], 'extras': [], 'rate_id': 10349, 'deals': [], 'cancellation_type': 'free', 'credit_card': 0, 'bonus': 960, 'miles': 384, 'min_stay': 1, 'mircashback': 480}, {'id': 759417, 'force_prepayment': 0, 'capacity': 3, 'prepayment': 'NO', 'nonrefundable': 0, 'cancellation_period': 0, 'cancellation_fee': 'NO', 'breakfast': 0, 'base_price': 4800, 'prices': [4800], 'price': 4800, 'old_price': 4800, 'currency': 'RUB', 'payment_amount': 0, 'extras_variants': [], 'extras': [], 'rate_id': 10349, 'deals': [], 'cancellation_type': 'free', 'credit_card': 0, 'bonus': 960, 'miles': 384, 'min_stay': 1, 'mircashback': 480}]",4800.0,384,14127_101hotels,2025-05-12
2255743,,Место в номере,3,0,1,0,Трехместный,37,6,[{'single': 1}],[],"[{'id': 650399, 'force_prepayment': 0, 'capacity': 1, 'prepayment': 'NO', 'nonrefundable': 0, 'cancellation_period': 0, 'cancellation_fee': 'NO', 'breakfast': 0, 'base_price': 1440, 'prices': [1440], 'price': 1440, 'old_price': 1440, 'currency': 'RUB', 'payment_amount': 0, 'extras_variants': [], 'extras': [], 'rate_id': 24891, 'deals': [], 'cancellation_type': 'free', 'credit_card': 0, 'bonus': 288, 'miles': 112, 'min_stay': 1, 'mircashback': 144}]",1440.0,112,14172_101hotels,2025-05-12
2255744,,Место в номере,4,0,1,0,Четырехместный,34,5,[{'single': 1}],[],"[{'id': 650397, 'force_prepayment': 0, 'capacity': 1, 'prepayment': 'NO', 'nonrefundable': 0, 'cancellation_period': 0, 'cancellation_fee': 'NO', 'breakfast': 0, 'base_price': 1320, 'prices': [1320], 'price': 1320, 'old_price': 1320, 'currency': 'RUB', 'payment_amount': 0, 'extras_variants': [], 'extras': [], 'rate_id': 24891, 'deals': [], 'cancellation_type': 'free', 'credit_card': 0, 'bonus': 264, 'miles': 104, 'min_stay': 1, 'mircashback': 132}]",1320.0,104,14172_101hotels,2025-05-12
2255747,,С душем и туалетом,3,0,0,1,Трехместный,37,1,[{'single': 1}],[],"[{'id': 650400, 'force_prepayment': 0, 'capacity': 1, 'prepayment': 'NO', 'nonrefundable': 0, 'cancellation_period': 0, 'cancellation_fee': 'NO', 'breakfast': 0, 'base_price': 4320, 'prices': [4320], 'price': 4320, 'old_price': 4320, 'currency': 'RUB', 'payment_amount': 0, 'extras_variants': [], 'extras': [], 'rate_id': 24891, 'deals': [], 'cancellation_type': 'free', 'credit_card': 0, 'bonus': 864, 'miles': 344, 'min_stay': 1, 'mircashback': 432}, {'id': 650401, 'force_prepayment': 0, 'capacity': 2, 'prepayment': 'NO', 'nonrefundable': 0, 'cancellation_period': 0, 'cancellation_fee': 'NO', 'breakfast': 0, 'base_price': 5040, 'prices': [5040], 'price': 5040, 'old_price': 5040, 'currency': 'RUB', 'payment_amount': 0, 'extras_variants': [], 'extras': [], 'rate_id': 24891, 'deals': [], 'cancellation_type': 'free', 'credit_card': 0, 'bonus': 1008, 'miles': 400, 'min_stay': 1, 'mircashback': 504}, {'id': 650402, 'force_prepayment': 0, 'capacity': 3, 'prepayment': 'NO', 'nonrefundable': 0, 'cancellation_period': 0, 'cancellation_fee': 'NO', 'breakfast': 0, 'base_price': 5760, 'prices': [5760], 'price': 5760, 'old_price': 5760, 'currency': 'RUB', 'payment_amount': 0, 'extras_variants': [], 'extras': [], 'rate_id': 24891, 'deals': [], 'cancellation_type': 'free', 'credit_card': 0, 'bonus': 1152, 'miles': 460, 'min_stay': 1, 'mircashback': 576}]",4320.0,344,14172_101hotels,2025-05-12
2232402,,Квартира Yellow с балконом,2,0,0,1,Студио,5,1,[{'double': 1}],[],"[{'id': 612873, 'force_prepayment': 0, 'capacity': 1, 'prepayment': 'FULL', 'nonrefundable': 0, 'cancellation_period': 0, 'cancellation_fee': 'NO', 'breakfast': 0, 'base_price': 3237, 'prices': [3237], 'price': 3237, 'old_price': 3237, 'currency': 'RUB', 'payment_amount': 3237, 'extras_variants': [], 'extras': [], 'rate_id': 22182, 'deals': [], 'cancellation_type': 'free', 'credit_card': 1, 'bonus': 647, 'miles': 256, 'min_stay': 1, 'mircashback': 324}, {'id': 612874, 'force_prepayment': 0, 'capacity': 2, 'prepayment': 'FULL', 'nonrefundable': 0, 'cancellation_period': 0, 'cancellation_fee': 'NO', 'breakfast': 0, 'base_price': 3237, 'prices': [3237], 'price': 3237, 'old_price': 3237, 'currency': 'RUB', 'payment_amount': 3237, 'extras_variants': [], 'extras': [], 'rate_id': 22182, 'deals': [], 'cancellation_type': 'free', 'credit_card': 1, 'bonus': 647, 'miles': 256, 'min_stay': 1, 'mircashback': 324}]",3237.0,256,653724_101hotels,2025-05-12
2232403,,Квартира -RED без балкона,2,0,0,1,Студио,5,1,[{'double': 1}],[],"[{'id': 612875, 'force_prepayment': 0, 'capacity': 1, 'prepayment': 'FULL', 'nonrefundable': 0, 'cancellation_period': 0, 'cancellation_fee': 'NO', 'breakfast': 0, 'base_price': 3237, 'prices': [3237], 'price': 3237, 'old_price': 3237, 'currency': 'RUB', 'payment_amount': 3237, 'extras_variants': [], 'extras': [], 'rate_id': 22182, 'deals': [], 'cancellation_type': 'free', 'credit_card': 1, 'bonus': 647, 'miles': 256, 'min_stay': 1, 'mircashback': 324}, {'id': 612876, 'force_prepayment': 0, 'capacity': 2, 'prepayment': 'FULL', 'nonrefundable': 0, 'cancellation_period': 0, 'cancellation_fee': 'NO', 'breakfast': 0, 'base_price': 3237, 'prices': [3237], 'price': 3237, 'old_price': 3237, 'currency': 'RUB', 'payment_amount': 3237, 'extras_variants': [], 'extras': [], 'rate_id': 22182, 'deals': [], 'cancellation_type': 'free', 'credit_card': 1, 'bonus': 647, 'miles': 256, 'min_stay': 1, 'mircashback': 324}]",3237.0,256,653724_101hotels,2025-05-12
2232404,,Уютная с видом на город,4,0,0,1,Квартира,33,1,"[{'double': 1, 'sofa': 1}]",[],"[{'id': 612885, 'force_prepayment': 0, 'capacity': 1, 'prepayment': 'FULL', 'nonrefundable': 0, 'cancellation_period': 0, 'cancellation_fee': 'NO', 'breakfast': 0, 'base_price': 4147, 'prices': [4147], 'price': 4147, 'old_price': 4147, 'currency': 'RUB', 'payment_amount': 4147, 'extras_variants': [], 'extras': [], 'rate_id': 22182, 'deals': [], 'cancellation_type': 'free', 'credit_card': 1, 'bonus': 829, 'miles': 328, 'min_stay': 1, 'mircashback': 415}, {'id': 612886, 'force_prepayment': 0, 'capacity': 2, 'prepayment': 'FULL', 'nonrefundable': 0, 'cancellation_period': 0, 'cancellation_fee': 'NO', 'breakfast': 0, 'base_price': 4147, 'prices': [4147], 'price': 4147, 'old_price': 4147, 'currency': 'RUB', 'payment_amount': 4147, 'extras_variants': [], 'extras': [], 'rate_id': 22182, 'deals': [], 'cancellation_type': 'free', 'credit_card': 1, 'bonus': 829, 'miles': 328, 'min_stay': 1, 'mircashback': 415}, {'id': 612887, 'force_prepayment': 0, 'capacity': 3, 'prepayment': 'FULL', 'nonrefundable': 0, 'cancellation_period': 0, 'cancellation_fee': 'NO', 'breakfast': 0, 'base_price': 4647, 'prices': [4647], 'price': 4647, 'old_price': 4647, 'currency': 'RUB', 'payment_amount': 4647, 'extras_variants': [], 'extras': [], 'rate_id': 22182, 'deals': [], 'cancellation_type': 'free', 'credit_card': 1, 'bonus': 929, 'miles': 368, 'min_stay': 1, 'mircashback': 465}, {'id': 612888, 'force_prepayment': 0, 'capacity': 4, 'prepayment': 'FULL', 'nonrefundable': 0, 'cancellation_period': 0, 'cancellation_fee': 'NO', 'breakfast': 0, 'base_price': 5147, 'prices': [5147], 'price': 5147, 'old_price': 5147, 'currency': 'RUB', 'payment_amount': 5147, 'extras_variants': [], 'extras': [], 'rate_id': 22182, 'deals': [], 'cancellation_type': 'free', 'credit_card': 1, 'bonus': 1029, 'miles': 408, 'min_stay': 1, 'mircashback': 515}]",4147.0,328,653724_101hotels,2025-05-12
2232421,,Квартира - Grey с балконом,2,0,0,1,Студио,5,1,[{'double': 1}],[],"[{'id': 612877, 'force_prepayment': 0, 'capacity': 1, 'prepayment': 'FULL', 'nonrefundable': 0, 'cancellation_period': 0, 'cancellation_fee': 'NO', 'breakfast': 0, 'base_price': 3237, 'prices': [3237], 'price': 3237, 'old_price': 3237, 'currency': 'RUB', 'payment_amount': 3237, 'extras_variants': [], 'extras': [], 'rate_id': 22182, 'deals': [], 'cancellation_type': 'free', 'credit_card': 1, 'bonus': 647, 'miles': 256, 'min_stay': 1, 'mircashback': 324}, {'id': 612878, 'force_prepayment': 0, 'capacity': 2, 'prepayment': 'FULL', 'nonrefundable': 0, 'cancellation_period': 0, 'cancellation_fee': 'NO', 'breakfast': 0, 'base_price': 3237, 'prices': [3237], 'price': 3237, 'old_price': 3237, 'currency': 'RUB', 'payment_amount': 3237, 'extras_variants': [], 'extras': [], 'rate_id': 22182, 'deals': [], 'cancellation_type': 'free', 'credit_card': 1, 'bonus': 647, 'miles': 256, 'min_stay': 1, 'mircashback': 324}]",3237.0,256,653724_101hotels,2025-05-12
2279578,,Джуниор Сьют,2,1,0,1,Полулюкс,4,2,[{'double': 2}],"[{'number': '1', 'min_age': '0', 'max_age': '3', 'is_extra_bed': '1', 'extra_bed_type_id': '4'}, {'number': '1', 'min_age': '3', 'max_age': '18', 'is_extra_bed': '1', 'extra_bed_type_id': '3'}]","[{'id': 854433, 'force_prepayment': 0, 'capacity': 1, 'prepayment': 'NO', 'nonrefundable': 0, 'cancellation_period': 0, 'cancellation_fee': 'NO', 'breakfast': 1, 'base_price': 60000, 'prices': [60000], 'price': 60000, 'old_price': 60000, 'currency': 'RUB', 'payment_amount': 0, 'extras_variants': [], 'extras': [], 'rate_id': 38528, 'deals': [], 'cancellation_type': 'free', 'credit_card': 0, 'bonus': 12000, 'miles': 4800, 'min_stay': 1, 'mircashback': 6000}, {'id': 854434, 'force_prepayment': 0, 'capacity': 2, 'prepayment': 'NO', 'nonrefundable': 0, 'cancellation_period': 0, 'cancellation_fee': 'NO', 'breakfast': 1, 'base_price': 64000, 'prices': [64000], 'price': 64000, 'old_price': 64000, 'currency': 'RUB', 'payment_amount': 0, 'extras_variants': [], 'extras': [], 'rate_id': 38528, 'deals': [], 'cancellation_type': 'free', 'credit_card': 0, 'bonus': 12800, 'miles': 5120, 'min_stay': 1, 'mircashback': 6400}]",60000.0,4800,663295_101hotels,2025-05-12
2279581,,Авангард,2,0,0,1,Апартаменты,14,1,[{'double': 1}],"[{'number': '1', 'min_age': '0', 'max_age': '3', 'is_extra_bed': '0', 'extra_bed_type_id': '0'}]","[{'id': 854441, 'force_prepayment': 0, 'capacity': 1, 'prepayment': 'NO', 'nonrefundable': 0, 'cancellation_period': 0, 'cancellation_fee': 'NO', 'breakfast': 1, 'base_price': 75000, 'prices': [75000], 'price': 75000, 'old_price': 75000, 'currency': 'RUB', 'payment_amount': 0, 'extras_variants': [], 'extras': [], 'rate_id': 38528, 'deals': [], 'cancellation_type': 'free', 'credit_card': 0, 'bonus': 15000, 'miles': 6000, 'min_stay': 1, 'mircashback': 7500}, {'id': 854442, 'force_prepayment': 0, 'capacity': 2, 'prepayment': 'NO', 'nonrefundable': 0, 'cancellation_period': 0, 'cancellation_fee': 'NO', 'breakfast': 1, 'base_price': 79000, 'prices': [79000], 'price': 79000, 'old_price': 79000, 'currency': 'RUB', 'payment_amount': 0, 'extras_variants': [], 'extras': [], 'rate_id': 38528, 'deals': [], 'cancellation_type': 'free', 'credit_card': 0, 'bonus': 15800, 'miles': 6320, 'min_stay': 1, 'mircashback': 7900}]",75000.0,6000,663295_101hotels,2025-05-12
2286152,,Стандарт Лофт,2,0,0,1,Двухместный,2,12,"[{'single': 2}, {'double': 1}]",[],"[{'id': 922845, 'force_prepayment': 0, 'capacity': 1, 'prepayment': 'NO', 'nonrefundable': 0, 'cancellation_period': 0, 'cancellation_fee': 'NO', 'breakfast': 1, 'base_price': 45000, 'prices': [45000], 'price': 45000, 'old_price': 45000, 'currency': 'RUB', 'payment_amount': 0, 'extras_variants': [], 'extras': [], 'rate_id': 38528, 'deals': [], 'cancellation_type': 'free', 'credit_card': 0, 'bonus': 9000, 'miles': 3600, 'min_stay': 1, 'mircashback': 4500}, {'id': 922846, 'force_prepayment': 0, 'capacity': 2, 'prepayment': 'NO', 'nonrefundable': 0, 'cancellation_period': 0, 'cancellation_fee': 'NO', 'breakfast': 1, 'base_price': 49000, 'prices': [49000], 'price': 49000, 'old_price': 49000, 'currency': 'RUB', 'payment_amount': 0, 'extras_variants': [], 'extras': [], 'rate_id': 38528, 'deals': [], 'cancellation_type': 'free', 'credit_card': 0, 'bonus': 9800, 'miles': 3920, 'min_stay': 1, 'mircashback': 4900}]",45000.0,3600,663295_101hotels,2025-05-12
2286154,,Супериор Лофт,2,0,0,1,Двухместный,2,6,"[{'single': 2}, {'double': 1}]",[],"[{'id': 922847, 'force_prepayment': 0, 'capacity': 1, 'prepayment': 'NO', 'nonrefundable': 0, 'cancellation_period': 0, 'cancellation_fee': 'NO', 'breakfast': 1, 'base_price': 46500, 'prices': [46500], 'price': 46500, 'old_price': 46500, 'currency': 'RUB', 'payment_amount': 0, 'extras_variants': [], 'extras': [], 'rate_id': 38528, 'deals': [], 'cancellation_type': 'free', 'credit_card': 0, 'bonus': 9300, 'miles': 3720, 'min_stay': 1, 'mircashback': 4650}, {'id': 922848, 'force_prepayment': 0, 'capacity': 2, 'prepayment': 'NO', 'nonrefundable': 0, 'cancellation_period': 0, 'cancellation_fee': 'NO', 'breakfast': 1, 'base_price': 50500, 'prices': [50500], 'price': 50500, 'old_price': 50500, 'currency': 'RUB', 'payment_amount': 0, 'extras_variants': [], 'extras': [], 'rate_id': 38528, 'deals': [], 'cancellation_type': 'free', 'credit_card': 0, 'bonus': 10100, 'miles': 4040, 'min_stay': 1, 'mircashback': 5050}]",46500.0,3720,663295_101hotels,2025-05-12
2286155,,Супериор Классик,2,0,0,1,Двухместный,2,13,"[{'single': 2}, {'double': 1}]",[],"[{'id': 922849, 'force_prepayment': 0, 'capacity': 1, 'prepayment': 'NO', 'nonrefundable': 0, 'cancellation_period': 0, 'cancellation_fee': 'NO', 'breakfast': 1, 'base_price': 46500, 'prices': [46500], 'price': 46500, 'old_price': 46500, 'currency': 'RUB', 'payment_amount': 0, 'extras_variants': [], 'extras': [], 'rate_id': 38528, 'deals': [], 'cancellation_type': 'free', 'credit_card': 0, 'bonus': 9300, 'miles': 3720, 'min_stay': 1, 'mircashback': 4650}, {'id': 922850, 'force_prepayment': 0, 'capacity': 2, 'prepayment': 'NO', 'nonrefundable': 0, 'cancellation_period': 0, 'cancellation_fee': 'NO', 'breakfast': 1, 'base_price': 50500, 'prices': [50500], 'price': 50500, 'old_price': 50500, 'currency': 'RUB', 'payment_amount': 0, 'extras_variants': [], 'extras': [], 'rate_id': 38528, 'deals': [], 'cancellation_type': 'free', 'credit_card': 0, 'bonus': 10100, 'miles': 4040, 'min_stay': 1, 'mircashback': 5050}]",46500.0,3720,663295_101hotels,2025-05-12
2286156,,Супериор Модерн,2,0,0,1,Двухместный,2,7,[{'double': 1}],[],"[{'id': 922853, 'force_prepayment': 0, 'capacity': 1, 'prepayment': 'NO', 'nonrefundable': 0, 'cancellation_period': 0, 'cancellation_fee': 'NO', 'breakfast': 1, 'base_price': 46500, 'prices': [46500], 'price': 46500, 'old_price': 46500, 'currency': 'RUB', 'payment_amount': 0, 'extras_variants': [], 'extras': [], 'rate_id': 38528, 'deals': [], 'cancellation_type': 'free', 'credit_card': 0, 'bonus': 9300, 'miles': 3720, 'min_stay': 1, 'mircashback': 4650}, {'id': 922854, 'force_prepayment': 0, 'capacity': 2, 'prepayment': 'NO', 'nonrefundable': 0, 'cancellation_period': 0, 'cancellation_fee': 'NO', 'breakfast': 1, 'base_price': 50500, 'prices': [50500], 'price': 50500, 'old_price': 50500, 'currency': 'RUB', 'payment_amount': 0, 'extras_variants': [], 'extras': [], 'rate_id': 38528, 'deals': [], 'cancellation_type': 'free', 'credit_card': 0, 'bonus': 10100, 'miles': 4040, 'min_stay': 1, 'mircashback': 5050}]",46500.0,3720,663295_101hotels,2025-05-12
2286157,,Супериор Нордик,2,0,0,1,Двухместный,2,1,"[{'single': 2}, {'double': 1}]",[],"[{'id': 922856, 'force_prepayment': 0, 'capacity': 1, 'prepayment': 'NO', 'nonrefundable': 0, 'cancellation_period': 0, 'cancellation_fee': 'NO', 'breakfast': 1, 'base_price': 46500, 'prices': [46500], 'price': 46500, 'old_price': 46500, 'currency': 'RUB', 'payment_amount': 0, 'extras_variants': [], 'extras': [], 'rate_id': 38528, 'deals': [], 'cancellation_type': 'free', 'credit_card': 0, 'bonus': 9300, 'miles': 3720, 'min_stay': 1, 'mircashback': 4650}, {'id': 922857, 'force_prepayment': 0, 'capacity': 2, 'prepayment': 'NO', 'nonrefundable': 0, 'cancellation_period': 0, 'cancellation_fee': 'NO', 'breakfast': 1, 'base_price': 50500, 'prices': [50500], 'price': 50500, 'old_price': 50500, 'currency': 'RUB', 'payment_amount': 0, 'extras_variants': [], 'extras': [], 'rate_id': 38528, 'deals': [], 'cancellation_type': 'free', 'credit_card': 0, 'bonus': 10100, 'miles': 4040, 'min_stay': 1, 'mircashback': 5050}]",46500.0,3720,663295_101hotels,2025-05-12
2286161,,Делюкс Лофт,2,1,0,1,Двухместный,2,2,"[{'single': 2}, {'double': 1}]",[],"[{'id': 922881, 'force_prepayment': 0, 'capacity': 1, 'prepayment': 'NO', 'nonrefundable': 0, 'cancellation_period': 0, 'cancellation_fee': 'NO', 'breakfast': 1, 'base_price': 51000, 'prices': [51000], 'price': 51000, 'old_price': 51000, 'currency': 'RUB', 'payment_amount': 0, 'extras_variants': [], 'extras': [], 'rate_id': 38528, 'deals': [], 'cancellation_type': 'free', 'credit_card': 0, 'bonus': 10200, 'miles': 4080, 'min_stay': 1, 'mircashback': 5100}, {'id': 922882, 'force_prepayment': 0, 'capacity': 2, 'prepayment': 'NO', 'nonrefundable': 0, 'cancellation_period': 0, 'cancellation_fee': 'NO', 'breakfast': 1, 'base_price': 55000, 'prices': [55000], 'price': 55000, 'old_price': 55000, 'currency': 'RUB', 'payment_amount': 0, 'extras_variants': [], 'extras': [], 'rate_id': 38528, 'deals': [], 'cancellation_type': 'free', 'credit_card': 0, 'bonus': 11000, 'miles': 4400, 'min_stay': 1, 'mircashback': 5500}]",51000.0,4080,663295_101hotels,2025-05-12
2286162,,Делюкс Классик,2,1,0,1,Двухместный,2,1,[{'single': 2}],[],"[{'id': 922885, 'force_prepayment': 0, 'capacity': 1, 'prepayment': 'NO', 'nonrefundable': 0, 'cancellation_period': 0, 'cancellation_fee': 'NO', 'breakfast': 1, 'base_price': 51000, 'prices': [51000], 'price': 51000, 'old_price': 51000, 'currency': 'RUB', 'payment_amount': 0, 'extras_variants': [], 'extras': [], 'rate_id': 38528, 'deals': [], 'cancellation_type': 'free', 'credit_card': 0, 'bonus': 10200, 'miles': 4080, 'min_stay': 1, 'mircashback': 5100}, {'id': 922886, 'force_prepayment': 0, 'capacity': 2, 'prepayment': 'NO', 'nonrefundable': 0, 'cancellation_period': 0, 'cancellation_fee': 'NO', 'breakfast': 1, 'base_price': 55000, 'prices': [55000], 'price': 55000, 'old_price': 55000, 'currency': 'RUB', 'payment_amount': 0, 'extras_variants': [], 'extras': [], 'rate_id': 38528, 'deals': [], 'cancellation_type': 'free', 'credit_card': 0, 'bonus': 11000, 'miles': 4400, 'min_stay': 1, 'mircashback': 5500}]",51000.0,4080,663295_101hotels,2025-05-12
2286163,,Делюкс Модерн,2,1,0,1,Двухместный,2,1,[{'double': 1}],[],"[{'id': 922924, 'force_prepayment': 0, 'capacity': 1, 'prepayment': 'NO', 'nonrefundable': 0, 'cancellation_period': 0, 'cancellation_fee': 'NO', 'breakfast': 1, 'base_price': 51000, 'prices': [51000], 'price': 51000, 'old_price': 51000, 'currency': 'RUB', 'payment_amount': 0, 'extras_variants': [], 'extras': [], 'rate_id': 38528, 'deals': [], 'cancellation_type': 'free', 'credit_card': 0, 'bonus': 10200, 'miles': 4080, 'min_stay': 1, 'mircashback': 5100}, {'id': 922925, 'force_prepayment': 0, 'capacity': 2, 'prepayment': 'NO', 'nonrefundable': 0, 'cancellation_period': 0, 'cancellation_fee': 'NO', 'breakfast': 1, 'base_price': 55000, 'prices': [55000], 'price': 55000, 'old_price': 55000, 'currency': 'RUB', 'payment_amount': 0, 'extras_variants': [], 'extras': [], 'rate_id': 38528, 'deals': [], 'cancellation_type': 'free', 'credit_card': 0, 'bonus': 11000, 'miles': 4400, 'min_stay': 1, 'mircashback': 5500}]",51000.0,4080,663295_101hotels,2025-05-12
2286164,,Делюкс Нордик,2,1,0,1,Двухместный,2,2,[{'double': 2}],[],"[{'id': 922922, 'force_prepayment': 0, 'capacity': 1, 'prepayment': 'NO', 'nonrefundable': 0, 'cancellation_period': 0, 'cancellation_fee': 'NO', 'breakfast': 1, 'base_price': 51000, 'prices': [51000], 'price': 51000, 'old_price': 51000, 'currency': 'RUB', 'payment_amount': 0, 'extras_variants': [], 'extras': [], 'rate_id': 38528, 'deals': [], 'cancellation_type': 'free', 'credit_card': 0, 'bonus': 10200, 'miles': 4080, 'min_stay': 1, 'mircashback': 5100}, {'id': 922923, 'force_prepayment': 0, 'capacity': 2, 'prepayment': 'NO', 'nonrefundable': 0, 'cancellation_period': 0, 'cancellation_fee': 'NO', 'breakfast': 1, 'base_price': 55000, 'prices': [55000], 'price': 55000, 'old_price': 55000, 'currency': 'RUB', 'payment_amount': 0, 'extras_variants': [], 'extras': [], 'rate_id': 38528, 'deals': [], 'cancellation_type': 'free', 'credit_card': 0, 'bonus': 11000, 'miles': 4400, 'min_stay': 1, 'mircashback': 5500}]",51000.0,4080,663295_101hotels,2025-05-12
5768,,"1-категории, Стандарт",2,0,0,1,Двухместный,2,5,"[{'double': 1}, {'single': 2}]",[],"[{'id': 507732, 'force_prepayment': 0, 'capacity': 1, 'prepayment': 'FIRST', 'nonrefundable': 0, 'cancellation_period': 0, 'cancellation_fee': 'NO', 'breakfast': 1, 'base_price': 6200, 'prices': [6200], 'price': 5270, 'old_price': 0, 'currency': 'RUB', 'payment_amount': 6200, 'extras_variants': [], 'extras': [], 'rate_id': 14917, 'deals': ['BASE'], 'cancellation_type': 'free', 'credit_card': 1, 'bonus': 1054, 'miles': 420, 'min_stay': 1, 'mircashback': 527}, {'id': 507733, 'force_prepayment': 0, 'capacity': 2, 'prepayment': 'FIRST', 'nonrefundable': 0, 'cancellation_period': 0, 'cancellation_fee': 'NO', 'breakfast': 1, 'base_price': 7100, 'prices': [7100], 'price': 6035, 'old_price': 0, 'currency': 'RUB', 'payment_amount': 7100, 'extras_variants': [], 'extras': [], 'rate_id': 14917, 'deals': ['BASE'], 'cancellation_type': 'free', 'credit_card': 1, 'bonus': 1207, 'miles': 480, 'min_stay': 1, 'mircashback': 604}]",5270.0,420,227_101hotels,2025-05-12
5770,,Джуниор,2,2,0,1,Сьюит,27,4,[{'double': 1}],"[{'number': '2', 'min_age': '0', 'max_age': '16', 'is_extra_bed': '0', 'extra_bed_type_id': '0'}, {'number': '2', 'min_age': '0', 'max_age': '16', 'is_extra_bed': '1', 'extra_bed_type_id': '1'}]","[{'id': 507740, 'force_prepayment': 0, 'capacity': 1, 'prepayment': 'FIRST', 'nonrefundable': 0, 'cancellation_period': 0, 'cancellation_fee': 'NO', 'breakfast': 1, 'base_price': 12400, 'prices': [12400], 'price': 10540, 'old_price': 0, 'currency': 'RUB', 'payment_amount': 12400, 'extras_variants': [], 'extras': [], 'rate_id': 14917, 'deals': ['BASE'], 'cancellation_type': 'free', 'credit_card': 1, 'bonus': 2108, 'miles': 840, 'min_stay': 1, 'mircashback': 1054}, {'id': 507741, 'force_prepayment': 0, 'capacity': 2, 'prepayment': 'FIRST', 'nonrefundable': 0, 'cancellation_period': 0, 'cancellation_fee': 'NO', 'breakfast': 1, 'base_price': 12400, 'prices': [12400], 'price': 10540, 'old_price': 0, 'currency': 'RUB', 'payment_amount': 12400, 'extras_variants': [], 'extras': [], 'rate_id': 14917, 'deals': ['BASE'], 'cancellation_type': 'free', 'credit_card': 1, 'bonus': 2108, 'miles': 840, 'min_stay': 1, 'mircashback': 1054}]",10540.0,840,227_101hotels,2025-05-12
5777,,,2,2,0,1,Люкс,6,1,[{'double': 1}],[],"[{'id': 507734, 'force_prepayment': 0, 'capacity': 1, 'prepayment': 'FIRST', 'nonrefundable': 0, 'cancellation_period': 0, 'cancellation_fee': 'NO', 'breakfast': 1, 'base_price': 16100, 'prices': [16100], 'price': 13685, 'old_price': 0, 'currency': 'RUB', 'payment_amount': 16100, 'extras_variants': [], 'extras': [], 'rate_id': 14917, 'deals': ['BASE'], 'cancellation_type': 'free', 'credit_card': 1, 'bonus': 2737, 'miles': 1092, 'min_stay': 1, 'mircashback': 1369}, {'id': 507735, 'force_prepayment': 0, 'capacity': 2, 'prepayment': 'FIRST', 'nonrefundable': 0, 'cancellation_period': 0, 'cancellation_fee': 'NO', 'breakfast': 1, 'base_price': 16100, 'prices': [16100], 'price': 13685, 'old_price': 0, 'currency': 'RUB', 'payment_amount': 16100, 'extras_variants': [], 'extras': [], 'rate_id': 14917, 'deals': ['BASE'], 'cancellation_type': 'free', 'credit_card': 1, 'bonus': 2737, 'miles': 1092, 'min_stay': 1, 'mircashback': 1369}]",13685.0,1092,227_101hotels,2025-05-12
5781,,Президентский,4,0,0,1,Люкс,6,1,[{'double': 2}],[],"[{'id': 507736, 'force_prepayment': 0, 'capacity': 1, 'prepayment': 'FIRST', 'nonrefundable': 0, 'cancellation_period': 0, 'cancellation_fee': 'NO', 'breakfast': 1, 'base_price': 26500, 'prices': [26500], 'price': 22525, 'old_price': 0, 'currency': 'RUB', 'payment_amount': 26500, 'extras_variants': [], 'extras': [], 'rate_id': 14917, 'deals': ['BASE'], 'cancellation_type': 'free', 'credit_card': 1, 'bonus': 4505, 'miles': 1800, 'min_stay': 1, 'mircashback': 2253}, {'id': 507737, 'force_prepayment': 0, 'capacity': 2, 'prepayment': 'FIRST', 'nonrefundable': 0, 'cancellation_period': 0, 'cancellation_fee': 'NO', 'breakfast': 1, 'base_price': 26500, 'prices': [26500], 'price': 22525, 'old_price': 0, 'currency': 'RUB', 'payment_amount': 26500, 'extras_variants': [], 'extras': [], 'rate_id': 14917, 'deals': ['BASE'], 'cancellation_type': 'free', 'credit_card': 1, 'bonus': 4505, 'miles': 1800, 'min_stay': 1, 'mircashback': 2253}]",22525.0,1800,227_101hotels,2025-05-12
1563526,,"Стандарт, 1-ой категории",1,0,0,1,Одноместный,1,5,[{'double': 1}],"[{'number': '1', 'min_age': '1', 'max_age': '5', 'is_extra_bed': '0', 'extra_bed_type_id': '0'}]","[{'id': 507731, 'force_prepayment': 0, 'capacity': 1, 'prepayment': 'FIRST', 'nonrefundable': 0, 'cancellation_period': 0, 'cancellation_fee': 'NO', 'breakfast': 1, 'base_price': 6200, 'prices': [6200], 'price': 5270, 'old_price': 0, 'currency': 'RUB', 'payment_amount': 6200, 'extras_variants': [], 'extras': [], 'rate_id': 14917, 'deals': ['BASE'], 'cancellation_type': 'free', 'credit_card': 1, 'bonus': 1054, 'miles': 420, 'min_stay': 1, 'mircashback': 527}]",5270.0,420,227_101hotels,2025-05-12
83986,,Twin,2,0,0,1,Двухместный,2,2,[{'single': 2}],[],"[{'id': 654322, 'force_prepayment': 0, 'capacity': 1, 'prepayment': 'NO', 'nonrefundable': 0, 'cancellation_period': 0, 'cancellation_fee': 'NO', 'breakfast': 0, 'base_price': 3500, 'prices': [3500], 'price': 3500, 'old_price': 0, 'currency': 'RUB', 'payment_amount': 0, 'extras_variants': [], 'extras': [], 'rate_id': 25215, 'deals': [], 'cancellation_type': 'free', 'credit_card': 0, 'bonus': 700, 'miles': 280, 'min_stay': 1, 'mircashback': 350}, {'id': 251121, 'force_prepayment': 0, 'capacity': 1, 'prepayment': 'NO', 'nonrefundable': 0, 'cancellation_period': 0, 'cancellation_fee': 'NO', 'breakfast': 1, 'base_price': 4000, 'prices': [4000], 'price': 4000, 'old_price': 0, 'currency': 'RUB', 'payment_amount': 0, 'extras_variants': [], 'extras': [], 'rate_id': 246, 'deals': [], 'cancellation_type': 'free', 'credit_card': 0, 'bonus': 800, 'miles': 320, 'min_stay': 1, 'mircashback': 400}, {'id': 654323, 'force_prepayment': 0, 'capacity': 2, 'prepayment': 'NO', 'nonrefundable': 0, 'cancellation_period': 0, 'cancellation_fee': 'NO', 'breakfast': 0, 'base_price': 3500, 'prices': [3500], 'price': 3500, 'old_price': 0, 'currency': 'RUB', 'payment_amount': 0, 'extras_variants': [], 'extras': [], 'rate_id': 25215, 'deals': [], 'cancellation_type': 'free', 'credit_card': 0, 'bonus': 700, 'miles': 280, 'min_stay': 1, 'mircashback': 350}, {'id': 251122, 'force_prepayment': 0, 'capacity': 2, 'prepayment': 'NO', 'nonrefundable': 0, 'cancellation_period': 0, 'cancellation_fee': 'NO', 'breakfast': 1, 'base_price': 4000, 'prices': [4000], 'price': 4000, 'old_price': 0, 'currency': 'RUB', 'payment_amount': 0, 'extras_variants': [], 'extras': [], 'rate_id': 246, 'deals': [], 'cancellation_type': 'free', 'credit_card': 0, 'bonus': 800, 'miles': 320, 'min_stay': 1, 'mircashback': 400}]",3500.0,280,17090_101hotels,2025-05-12
83988,,,2,1,0,1,Студио,5,2,"[{'double': 1}, {'single': 1, 'double': 1}]",[],"[{'id': 251131, 'force_prepayment': 0, 'capacity': 1, 'prepayment': 'NO', 'nonrefundable': 0, 'cancellation_period': 0, 'cancellation_fee': 'NO', 'breakfast': 1, 'base_price': 5500, 'prices': [5500], 'price': 5500, 'old_price': 0, 'currency': 'RUB', 'payment_amount': 0, 'extras_variants': [], 'extras': [], 'rate_id': 246, 'deals': [], 'cancellation_type': 'free', 'credit_card': 0, 'bonus': 1100, 'miles': 440, 'min_stay': 1, 'mircashback': 550}, {'id': 251132, 'force_prepayment': 0, 'capacity': 2, 'prepayment': 'NO', 'nonrefundable': 0, 'cancellation_period': 0, 'cancellation_fee': 'NO', 'breakfast': 1, 'base_price': 5500, 'prices': [5500], 'price': 5500, 'old_price': 0, 'currency': 'RUB', 'payment_amount': 0, 'extras_variants': [], 'extras': [], 'rate_id': 246, 'deals': [], 'cancellation_type': 'free', 'credit_card': 0, 'bonus': 1100, 'miles': 440, 'min_stay': 1, 'mircashback': 550}]",5500.0,440,17090_101hotels,2025-05-12
126134,,Twin+1,2,1,0,1,Двухместный,2,2,"[{'single': 2}, {'single': 3}]",[],"[{'id': 654328, 'force_prepayment': 0, 'capacity': 1, 'prepayment': 'NO', 'nonrefundable': 0, 'cancellation_period': 0, 'cancellation_fee': 'NO', 'breakfast': 0, 'base_price': 3500, 'prices': [3500], 'price': 3500, 'old_price': 0, 'currency': 'RUB', 'payment_amount': 0, 'extras_variants': [], 'extras': [], 'rate_id': 25215, 'deals': [], 'cancellation_type': 'free', 'credit_card': 0, 'bonus': 700, 'miles': 280, 'min_stay': 1, 'mircashback': 350}, {'id': 251129, 'force_prepayment': 0, 'capacity': 1, 'prepayment': 'NO', 'nonrefundable': 0, 'cancellation_period': 0, 'cancellation_fee': 'NO', 'breakfast': 1, 'base_price': 4000, 'prices': [4000], 'price': 4000, 'old_price': 0, 'currency': 'RUB', 'payment_amount': 0, 'extras_variants': [], 'extras': [], 'rate_id': 246, 'deals': [], 'cancellation_type': 'free', 'credit_card': 0, 'bonus': 800, 'miles': 320, 'min_stay': 1, 'mircashback': 400}, {'id': 654329, 'force_prepayment': 0, 'capacity': 2, 'prepayment': 'NO', 'nonrefundable': 0, 'cancellation_period': 0, 'cancellation_fee': 'NO', 'breakfast': 0, 'base_price': 3500, 'prices': [3500], 'price': 3500, 'old_price': 0, 'currency': 'RUB', 'payment_amount': 0, 'extras_variants': [], 'extras': [], 'rate_id': 25215, 'deals': [], 'cancellation_type': 'free', 'credit_card': 0, 'bonus': 700, 'miles': 280, 'min_stay': 1, 'mircashback': 350}, {'id': 251130, 'force_prepayment': 0, 'capacity': 2, 'prepayment': 'NO', 'nonrefundable': 0, 'cancellation_period': 0, 'cancellation_fee': 'NO', 'breakfast': 1, 'base_price': 4000, 'prices': [4000], 'price': 4000, 'old_price': 0, 'currency': 'RUB', 'payment_amount': 0, 'extras_variants': [], 'extras': [], 'rate_id': 246, 'deals': [], 'cancellation_type': 'free', 'credit_card': 0, 'bonus': 800, 'miles': 320, 'min_stay': 1, 'mircashback': 400}]",3500.0,280,17090_101hotels,2025-05-12
2256161,,Single,1,0,0,1,Одноместный,1,4,[{'double': 1}],[],"[{'id': 654321, 'force_prepayment': 0, 'capacity': 1, 'prepayment': 'NO', 'nonrefundable': 0, 'cancellation_period': 0, 'cancellation_fee': 'NO', 'breakfast': 0, 'base_price': 3300, 'prices': [3300], 'price': 3300, 'old_price': 0, 'currency': 'RUB', 'payment_amount': 0, 'extras_variants': [], 'extras': [], 'rate_id': 25032, 'deals': [], 'cancellation_type': 'free', 'credit_card': 0, 'bonus': 660, 'miles': 264, 'min_stay': 1, 'mircashback': 330}]",3300.0,264,17090_101hotels,2025-05-12
1855148,,Классик / Classic,2,0,0,1,Номер,45,2,[{'double': 1}],"[{'number': '1', 'min_age': '0', 'max_age': '4', 'is_extra_bed': '0', 'extra_bed_type_id': '0'}]","[{'id': 493475, 'force_prepayment': 0, 'capacity': 1, 'prepayment': 'NO', 'nonrefundable': 0, 'cancellation_period': 0, 'cancellation_fee': 'NO', 'breakfast': 1, 'base_price': 18500, 'prices': [18500], 'price': 18500, 'old_price': 18500, 'currency': 'RUB', 'payment_amount': 0, 'extras_variants': [], 'extras': [], 'rate_id': 13890, 'deals': [], 'cancellation_type': 'free', 'credit_card': 0, 'bonus': 3700, 'miles': 1480, 'min_stay': 1, 'mircashback': 1850}, {'id': 493476, 'force_prepayment': 0, 'capacity': 2, 'prepayment': 'NO', 'nonrefundable': 0, 'cancellation_period': 0, 'cancellation_fee': 'NO', 'breakfast': 1, 'base_price': 18500, 'prices': [18500], 'price': 18500, 'old_price': 18500, 'currency': 'RUB', 'payment_amount': 0, 'extras_variants': [], 'extras': [], 'rate_id': 13890, 'deals': [], 'cancellation_type': 'free', 'credit_card': 0, 'bonus': 3700, 'miles': 1480, 'min_stay': 1, 'mircashback': 1850}]",18500.0,1480,556415_101hotels,2025-05-12
1855149,,Комфорт / Comfort,2,1,0,1,Номер,45,3,"[{'single': 2}, {'double': 1}]","[{'number': '1', 'min_age': '0', 'max_age': '4', 'is_extra_bed': '1', 'extra_bed_type_id': '4'}]","[{'id': 493477, 'force_prepayment': 0, 'capacity': 1, 'prepayment': 'NO', 'nonrefundable': 0, 'cancellation_period': 0, 'cancellation_fee': 'NO', 'breakfast': 1, 'base_price': 20500, 'prices': [20500], 'price': 20500, 'old_price': 20500, 'currency': 'RUB', 'payment_amount': 0, 'extras_variants': [], 'extras': [], 'rate_id': 13890, 'deals': [], 'cancellation_type': 'free', 'credit_card': 0, 'bonus': 4100, 'miles': 1640, 'min_stay': 1, 'mircashback': 2050}, {'id': 493478, 'force_prepayment': 0, 'capacity': 2, 'prepayment': 'NO', 'nonrefundable': 0, 'cancellation_period': 0, 'cancellation_fee': 'NO', 'breakfast': 1, 'base_price': 20500, 'prices': [20500], 'price': 20500, 'old_price': 20500, 'currency': 'RUB', 'payment_amount': 0, 'extras_variants': [], 'extras': [], 'rate_id': 13890, 'deals': [], 'cancellation_type': 'free', 'credit_card': 0, 'bonus': 4100, 'miles': 1640, 'min_stay': 1, 'mircashback': 2050}]",20500.0,1640,556415_101hotels,2025-05-12
1855150,,Джуниор Сюит Бизнес / Junior Suite Business,2,1,0,1,Номер,45,3,"[{'single': 2}, {'double': 1}]","[{'number': '1', 'min_age': '0', 'max_age': '4', 'is_extra_bed': '1', 'extra_bed_type_id': '4'}, {'number': '1', 'min_age': '0', 'max_age': '4', 'is_extra_bed': '1', 'extra_bed_type_id': '1'}]","[{'id': 493479, 'force_prepayment': 0, 'capacity': 1, 'prepayment': 'NO', 'nonrefundable': 0, 'cancellation_period': 0, 'cancellation_fee': 'NO', 'breakfast': 1, 'base_price': 23500, 'prices': [23500], 'price': 23500, 'old_price': 23500, 'currency': 'RUB', 'payment_amount': 0, 'extras_variants': [], 'extras': [], 'rate_id': 13890, 'deals': [], 'cancellation_type': 'free', 'credit_card': 0, 'bonus': 4700, 'miles': 1880, 'min_stay': 1, 'mircashback': 2350}, {'id': 493480, 'force_prepayment': 0, 'capacity': 2, 'prepayment': 'NO', 'nonrefundable': 0, 'cancellation_period': 0, 'cancellation_fee': 'NO', 'breakfast': 1, 'base_price': 23500, 'prices': [23500], 'price': 23500, 'old_price': 23500, 'currency': 'RUB', 'payment_amount': 0, 'extras_variants': [], 'extras': [], 'rate_id': 13890, 'deals': [], 'cancellation_type': 'free', 'credit_card': 0, 'bonus': 4700, 'miles': 1880, 'min_stay': 1, 'mircashback': 2350}]",23500.0,1880,556415_101hotels,2025-05-12
1855151,,Люкс Премьер / Lux Premier,2,1,0,1,Номер,45,1,"[{'single': 1}, {'g-double': 1}]","[{'number': '1', 'min_age': '0', 'max_age': '4', 'is_extra_bed': '1', 'extra_bed_type_id': '4'}, {'number': '1', 'min_age': '0', 'max_age': '4', 'is_extra_bed': '1', 'extra_bed_type_id': '1'}]","[{'id': 493481, 'force_prepayment': 0, 'capacity': 1, 'prepayment': 'NO', 'nonrefundable': 0, 'cancellation_period': 0, 'cancellation_fee': 'NO', 'breakfast': 1, 'base_price': 32500, 'prices': [32500], 'price': 32500, 'old_price': 32500, 'currency': 'RUB', 'payment_amount': 0, 'extras_variants': [], 'extras': [], 'rate_id': 13890, 'deals': [], 'cancellation_type': 'free', 'credit_card': 0, 'bonus': 6500, 'miles': 2600, 'min_stay': 1, 'mircashback': 3250}, {'id': 493482, 'force_prepayment': 0, 'capacity': 2, 'prepayment': 'NO', 'nonrefundable': 0, 'cancellation_period': 0, 'cancellation_fee': 'NO', 'breakfast': 1, 'base_price': 32500, 'prices': [32500], 'price': 32500, 'old_price': 32500, 'currency': 'RUB', 'payment_amount': 0, 'extras_variants': [], 'extras': [], 'rate_id': 13890, 'deals': [], 'cancellation_type': 'free', 'credit_card': 0, 'bonus': 6500, 'miles': 2600, 'min_stay': 1, 'mircashback': 3250}]",32500.0,2600,556415_101hotels,2025-05-12
1855153,,Джуниор Сюит Президент / Junior Suite President,2,1,0,1,Номер,45,1,[{'g-double': 1}],"[{'number': '1', 'min_age': '0', 'max_age': '4', 'is_extra_bed': '1', 'extra_bed_type_id': '4'}, {'number': '1', 'min_age': '0', 'max_age': '4', 'is_extra_bed': '1', 'extra_bed_type_id': '1'}]","[{'id': 493483, 'force_prepayment': 0, 'capacity': 1, 'prepayment': 'NO', 'nonrefundable': 0, 'cancellation_period': 0, 'cancellation_fee': 'NO', 'breakfast': 1, 'base_price': 55000, 'prices': [55000], 'price': 55000, 'old_price': 55000, 'currency': 'RUB', 'payment_amount': 0, 'extras_variants': [], 'extras': [], 'rate_id': 13890, 'deals': [], 'cancellation_type': 'free', 'credit_card': 0, 'bonus': 11000, 'miles': 4400, 'min_stay': 1, 'mircashback': 5500}, {'id': 493484, 'force_prepayment': 0, 'capacity': 2, 'prepayment': 'NO', 'nonrefundable': 0, 'cancellation_period': 0, 'cancellation_fee': 'NO', 'breakfast': 1, 'base_price': 55000, 'prices': [55000], 'price': 55000, 'old_price': 55000, 'currency': 'RUB', 'payment_amount': 0, 'extras_variants': [], 'extras': [], 'rate_id': 13890, 'deals': [], 'cancellation_type': 'free', 'credit_card': 0, 'bonus': 11000, 'miles': 4400, 'min_stay': 1, 'mircashback': 5500}]",55000.0,4400,556415_101hotels,2025-05-12
1855155,,Джуниор Сюит Романтик / Junior Suite Romantic,2,0,0,1,Номер,45,2,[{'double': 1}],"[{'number': '1', 'min_age': '0', 'max_age': '4', 'is_extra_bed': '0', 'extra_bed_type_id': '0'}]","[{'id': 493485, 'force_prepayment': 0, 'capacity': 1, 'prepayment': 'NO', 'nonrefundable': 0, 'cancellation_period': 0, 'cancellation_fee': 'NO', 'breakfast': 1, 'base_price': 28500, 'prices': [28500], 'price': 28500, 'old_price': 28500, 'currency': 'RUB', 'payment_amount': 0, 'extras_variants': [], 'extras': [], 'rate_id': 13890, 'deals': [], 'cancellation_type': 'free', 'credit_card': 0, 'bonus': 5700, 'miles': 2280, 'min_stay': 1, 'mircashback': 2850}, {'id': 493486, 'force_prepayment': 0, 'capacity': 2, 'prepayment': 'NO', 'nonrefundable': 0, 'cancellation_period': 0, 'cancellation_fee': 'NO', 'breakfast': 1, 'base_price': 28500, 'prices': [28500], 'price': 28500, 'old_price': 28500, 'currency': 'RUB', 'payment_amount': 0, 'extras_variants': [], 'extras': [], 'rate_id': 13890, 'deals': [], 'cancellation_type': 'free', 'credit_card': 0, 'bonus': 5700, 'miles': 2280, 'min_stay': 1, 'mircashback': 2850}]",28500.0,2280,556415_101hotels,2025-05-12
2291352,,Одноместный стандартный номер,1,0,0,1,Одноместный,1,1,[{'single': 1}],[],"[{'id': 969086, 'force_prepayment': 1, 'capacity': 1, 'prepayment': 'NO', 'nonrefundable': 0, 'cancellation_period': 0, 'cancellation_fee': 'NO', 'breakfast': 0, 'base_price': 8000, 'prices': [8000], 'price': 8000, 'old_price': 8000, 'currency': 'RUB', 'payment_amount': 0, 'extras_variants': [], 'extras': [], 'rate_id': 45650, 'deals': [], 'cancellation_type': 'free', 'credit_card': 0, 'bonus': 1600, 'miles': 640, 'min_stay': 1, 'mircashback': 800}, {'id': 969085, 'force_prepayment': 1, 'capacity': 1, 'prepayment': 'NO', 'nonrefundable': 0, 'cancellation_period': 0, 'cancellation_fee': 'NO', 'breakfast': 1, 'base_price': 9500, 'prices': [9500], 'price': 9500, 'old_price': 9500, 'currency': 'RUB', 'payment_amount': 0, 'extras_variants': [], 'extras': [], 'rate_id': 45649, 'deals': [], 'cancellation_type': 'free', 'credit_card': 0, 'bonus': 1900, 'miles': 760, 'min_stay': 1, 'mircashback': 950}, {'id': '969086P', 'force_prepayment': 1, 'capacity': 1, 'prepayment': 'FULL', 'nonrefundable': 0, 'cancellation_period': 0, 'cancellation_fee': 'NO', 'breakfast': 0, 'base_price': 8000, 'prices': [8000], 'price': 8000, 'old_price': 8000, 'currency': 'RUB', 'payment_amount': 8000, 'extras_variants': [], 'extras': [], 'rate_id': 45650, 'deals': [], 'cancellation_type': 'free', 'credit_card': 0, 'bonus': 1600, 'miles': 640, 'min_stay': 1, 'mircashback': 800}, {'id': '969085P', 'force_prepayment': 1, 'capacity': 1, 'prepayment': 'FULL', 'nonrefundable': 0, 'cancellation_period': 0, 'cancellation_fee': 'NO', 'breakfast': 1, 'base_price': 9500, 'prices': [9500], 'price': 9500, 'old_price': 9500, 'currency': 'RUB', 'payment_amount': 9500, 'extras_variants': [], 'extras': [], 'rate_id': 45649, 'deals': [], 'cancellation_type': 'free', 'credit_card': 0, 'bonus': 1900, 'miles': 760, 'min_stay': 1, 'mircashback': 950}]",8000.0,640,671064_101hotels,2025-05-12
2291427,,Двухместный стандартный номер,2,1,0,1,Двухместный,2,12,"[{'single': 2, 'double': 1}]","[{'number': '1', 'min_age': '0', 'max_age': '12', 'is_extra_bed': '0', 'extra_bed_type_id': '0'}]","[{'id': 970445, 'force_prepayment': 1, 'capacity': 1, 'prepayment': 'NO', 'nonrefundable': 0, 'cancellation_period': 0, 'cancellation_fee': 'NO', 'breakfast': 0, 'base_price': 8000, 'prices': [8000], 'price': 8000, 'old_price': 8000, 'currency': 'RUB', 'payment_amount': 0, 'extras_variants': [], 'extras': [], 'rate_id': 45650, 'deals': [], 'cancellation_type': 'free', 'credit_card': 0, 'bonus': 1600, 'miles': 640, 'min_stay': 1, 'mircashback': 800}, {'id': 970455, 'force_prepayment': 1, 'capacity': 1, 'prepayment': 'NO', 'nonrefundable': 0, 'cancellation_period': 0, 'cancellation_fee': 'NO', 'breakfast': 1, 'base_price': 9500, 'prices': [9500], 'price': 9500, 'old_price': 9500, 'currency': 'RUB', 'payment_amount': 0, 'extras_variants': [], 'extras': [], 'rate_id': 45649, 'deals': [], 'cancellation_type': 'free', 'credit_card': 0, 'bonus': 1900, 'miles': 760, 'min_stay': 1, 'mircashback': 950}, {'id': 970446, 'force_prepayment': 1, 'capacity': 2, 'prepayment': 'NO', 'nonrefundable': 0, 'cancellation_period': 0, 'cancellation_fee': 'NO', 'breakfast': 0, 'base_price': 8000, 'prices': [8000], 'price': 8000, 'old_price': 8000, 'currency': 'RUB', 'payment_amount': 0, 'extras_variants': [], 'extras': [], 'rate_id': 45650, 'deals': [], 'cancellation_type': 'free', 'credit_card': 0, 'bonus': 1600, 'miles': 640, 'min_stay': 1, 'mircashback': 800}, {'id': 970456, 'force_prepayment': 1, 'capacity': 2, 'prepayment': 'NO', 'nonrefundable': 0, 'cancellation_period': 0, 'cancellation_fee': 'NO', 'breakfast': 1, 'base_price': 11000, 'prices': [11000], 'price': 11000, 'old_price': 11000, 'currency': 'RUB', 'payment_amount': 0, 'extras_variants': [], 'extras': [], 'rate_id': 45649, 'deals': [], 'cancellation_type': 'free', 'credit_card': 0, 'bonus': 2200, 'miles': 880, 'min_stay': 1, 'mircashback': 1100}, {'id': '970445P', 'force_prepayment': 1, 'capacity': 1, 'prepayment': 'FULL', 'nonrefundable': 0, 'cancellation_period': 0, 'cancellation_fee': 'NO', 'breakfast': 0, 'base_price': 8000, 'prices': [8000], 'price': 8000, 'old_price': 8000, 'currency': 'RUB', 'payment_amount': 8000, 'extras_variants': [], 'extras': [], 'rate_id': 45650, 'deals': [], 'cancellation_type': 'free', 'credit_card': 0, 'bonus': 1600, 'miles': 640, 'min_stay': 1, 'mircashback': 800}, {'id': '970455P', 'force_prepayment': 1, 'capacity': 1, 'prepayment': 'FULL', 'nonrefundable': 0, 'cancellation_period': 0, 'cancellation_fee': 'NO', 'breakfast': 1, 'base_price': 9500, 'prices': [9500], 'price': 9500, 'old_price': 9500, 'currency': 'RUB', 'payment_amount': 9500, 'extras_variants': [], 'extras': [], 'rate_id': 45649, 'deals': [], 'cancellation_type': 'free', 'credit_card': 0, 'bonus': 1900, 'miles': 760, 'min_stay': 1, 'mircashback': 950}, {'id': '970446P', 'force_prepayment': 1, 'capacity': 2, 'prepayment': 'FULL', 'nonrefundable': 0, 'cancellation_period': 0, 'cancellation_fee': 'NO', 'breakfast': 0, 'base_price': 8000, 'prices': [8000], 'price': 8000, 'old_price': 8000, 'currency': 'RUB', 'payment_amount': 8000, 'extras_variants': [], 'extras': [], 'rate_id': 45650, 'deals': [], 'cancellation_type': 'free', 'credit_card': 0, 'bonus': 1600, 'miles': 640, 'min_stay': 1, 'mircashback': 800}, {'id': '970456P', 'force_prepayment': 1, 'capacity': 2, 'prepayment': 'FULL', 'nonrefundable': 0, 'cancellation_period': 0, 'cancellation_fee': 'NO', 'breakfast': 1, 'base_price': 11000, 'prices': [11000], 'price': 11000, 'old_price': 11000, 'currency': 'RUB', 'payment_amount': 11000, 'extras_variants': [], 'extras': [], 'rate_id': 45649, 'deals': [], 'cancellation_type': 'free', 'credit_card': 0, 'bonus': 2200, 'miles': 880, 'min_stay': 1, 'mircashback': 1100}]",8000.0,640,671064_101hotels,2025-05-12
2291428,,Джуниор Сюит,2,1,0,1,Полулюкс,4,3,"[{'single': 2, 'double': 1}]","[{'number': '1', 'min_age': '0', 'max_age': '12', 'is_extra_bed': '0', 'extra_bed_type_id': '0'}]","[{'id': 970447, 'force_prepayment': 1, 'capacity': 1, 'prepayment': 'NO', 'nonrefundable': 0, 'cancellation_period': 0, 'cancellation_fee': 'NO', 'breakfast': 0, 'base_price': 10000, 'prices': [10000], 'price': 10000, 'old_price': 10000, 'currency': 'RUB', 'payment_amount': 0, 'extras_variants': [], 'extras': [], 'rate_id': 45650, 'deals': [], 'cancellation_type': 'free', 'credit_card': 0, 'bonus': 2000, 'miles': 800, 'min_stay': 1, 'mircashback': 1000}, {'id': 970457, 'force_prepayment': 1, 'capacity': 1, 'prepayment': 'NO', 'nonrefundable': 0, 'cancellation_period': 0, 'cancellation_fee': 'NO', 'breakfast': 1, 'base_price': 11500, 'prices': [11500], 'price': 11500, 'old_price': 11500, 'currency': 'RUB', 'payment_amount': 0, 'extras_variants': [], 'extras': [], 'rate_id': 45649, 'deals': [], 'cancellation_type': 'free', 'credit_card': 0, 'bonus': 2300, 'miles': 920, 'min_stay': 1, 'mircashback': 1150}, {'id': 970448, 'force_prepayment': 1, 'capacity': 2, 'prepayment': 'NO', 'nonrefundable': 0, 'cancellation_period': 0, 'cancellation_fee': 'NO', 'breakfast': 0, 'base_price': 10000, 'prices': [10000], 'price': 10000, 'old_price': 10000, 'currency': 'RUB', 'payment_amount': 0, 'extras_variants': [], 'extras': [], 'rate_id': 45650, 'deals': [], 'cancellation_type': 'free', 'credit_card': 0, 'bonus': 2000, 'miles': 800, 'min_stay': 1, 'mircashback': 1000}, {'id': 970458, 'force_prepayment': 1, 'capacity': 2, 'prepayment': 'NO', 'nonrefundable': 0, 'cancellation_period': 0, 'cancellation_fee': 'NO', 'breakfast': 1, 'base_price': 13000, 'prices': [13000], 'price': 13000, 'old_price': 13000, 'currency': 'RUB', 'payment_amount': 0, 'extras_variants': [], 'extras': [], 'rate_id': 45649, 'deals': [], 'cancellation_type': 'free', 'credit_card': 0, 'bonus': 2600, 'miles': 1040, 'min_stay': 1, 'mircashback': 1300}, {'id': '970447P', 'force_prepayment': 1, 'capacity': 1, 'prepayment': 'FULL', 'nonrefundable': 0, 'cancellation_period': 0, 'cancellation_fee': 'NO', 'breakfast': 0, 'base_price': 10000, 'prices': [10000], 'price': 10000, 'old_price': 10000, 'currency': 'RUB', 'payment_amount': 10000, 'extras_variants': [], 'extras': [], 'rate_id': 45650, 'deals': [], 'cancellation_type': 'free', 'credit_card': 0, 'bonus': 2000, 'miles': 800, 'min_stay': 1, 'mircashback': 1000}, {'id': '970457P', 'force_prepayment': 1, 'capacity': 1, 'prepayment': 'FULL', 'nonrefundable': 0, 'cancellation_period': 0, 'cancellation_fee': 'NO', 'breakfast': 1, 'base_price': 11500, 'prices': [11500], 'price': 11500, 'old_price': 11500, 'currency': 'RUB', 'payment_amount': 11500, 'extras_variants': [], 'extras': [], 'rate_id': 45649, 'deals': [], 'cancellation_type': 'free', 'credit_card': 0, 'bonus': 2300, 'miles': 920, 'min_stay': 1, 'mircashback': 1150}, {'id': '970448P', 'force_prepayment': 1, 'capacity': 2, 'prepayment': 'FULL', 'nonrefundable': 0, 'cancellation_period': 0, 'cancellation_fee': 'NO', 'breakfast': 0, 'base_price': 10000, 'prices': [10000], 'price': 10000, 'old_price': 10000, 'currency': 'RUB', 'payment_amount': 10000, 'extras_variants': [], 'extras': [], 'rate_id': 45650, 'deals': [], 'cancellation_type': 'free', 'credit_card': 0, 'bonus': 2000, 'miles': 800, 'min_stay': 1, 'mircashback': 1000}, {'id': '970458P', 'force_prepayment': 1, 'capacity': 2, 'prepayment': 'FULL', 'nonrefundable': 0, 'cancellation_period': 0, 'cancellation_fee': 'NO', 'breakfast': 1, 'base_price': 13000, 'prices': [13000], 'price': 13000, 'old_price': 13000, 'currency': 'RUB', 'payment_amount': 13000, 'extras_variants': [], 'extras': [], 'rate_id': 45649, 'deals': [], 'cancellation_type': 'free', 'credit_card': 0, 'bonus': 2600, 'miles': 1040, 'min_stay': 1, 'mircashback': 1300}]",10000.0,800,671064_101hotels,2025-05-12
2291430,,Апартаменты с видом на город,2,1,0,1,Апартаменты,14,1,[{'double': 1}],"[{'number': '1', 'min_age': '0', 'max_age': '12', 'is_extra_bed': '0', 'extra_bed_type_id': '0'}]","[{'id': 970451, 'force_prepayment': 1, 'capacity': 1, 'prepayment': 'NO', 'nonrefundable': 0, 'cancellation_period': 0, 'cancellation_fee': 'NO', 'breakfast': 0, 'base_price': 19900, 'prices': [19900], 'price': 19900, 'old_price': 19900, 'currency': 'RUB', 'payment_amount': 0, 'extras_variants': [], 'extras': [], 'rate_id': 45650, 'deals': [], 'cancellation_type': 'free', 'credit_card': 0, 'bonus': 3980, 'miles': 1592, 'min_stay': 1, 'mircashback': 1990}, {'id': 970461, 'force_prepayment': 1, 'capacity': 1, 'prepayment': 'NO', 'nonrefundable': 0, 'cancellation_period': 0, 'cancellation_fee': 'NO', 'breakfast': 1, 'base_price': 21400, 'prices': [21400], 'price': 21400, 'old_price': 21400, 'currency': 'RUB', 'payment_amount': 0, 'extras_variants': [], 'extras': [], 'rate_id': 45649, 'deals': [], 'cancellation_type': 'free', 'credit_card': 0, 'bonus': 4280, 'miles': 1712, 'min_stay': 1, 'mircashback': 2140}, {'id': 970452, 'force_prepayment': 1, 'capacity': 2, 'prepayment': 'NO', 'nonrefundable': 0, 'cancellation_period': 0, 'cancellation_fee': 'NO', 'breakfast': 0, 'base_price': 19900, 'prices': [19900], 'price': 19900, 'old_price': 19900, 'currency': 'RUB', 'payment_amount': 0, 'extras_variants': [], 'extras': [], 'rate_id': 45650, 'deals': [], 'cancellation_type': 'free', 'credit_card': 0, 'bonus': 3980, 'miles': 1592, 'min_stay': 1, 'mircashback': 1990}, {'id': 970462, 'force_prepayment': 1, 'capacity': 2, 'prepayment': 'NO', 'nonrefundable': 0, 'cancellation_period': 0, 'cancellation_fee': 'NO', 'breakfast': 1, 'base_price': 22900, 'prices': [22900], 'price': 22900, 'old_price': 22900, 'currency': 'RUB', 'payment_amount': 0, 'extras_variants': [], 'extras': [], 'rate_id': 45649, 'deals': [], 'cancellation_type': 'free', 'credit_card': 0, 'bonus': 4580, 'miles': 1832, 'min_stay': 1, 'mircashback': 2290}, {'id': '970451P', 'force_prepayment': 1, 'capacity': 1, 'prepayment': 'FULL', 'nonrefundable': 0, 'cancellation_period': 0, 'cancellation_fee': 'NO', 'breakfast': 0, 'base_price': 19900, 'prices': [19900], 'price': 19900, 'old_price': 19900, 'currency': 'RUB', 'payment_amount': 19900, 'extras_variants': [], 'extras': [], 'rate_id': 45650, 'deals': [], 'cancellation_type': 'free', 'credit_card': 0, 'bonus': 3980, 'miles': 1592, 'min_stay': 1, 'mircashback': 1990}, {'id': '970461P', 'force_prepayment': 1, 'capacity': 1, 'prepayment': 'FULL', 'nonrefundable': 0, 'cancellation_period': 0, 'cancellation_fee': 'NO', 'breakfast': 1, 'base_price': 21400, 'prices': [21400], 'price': 21400, 'old_price': 21400, 'currency': 'RUB', 'payment_amount': 21400, 'extras_variants': [], 'extras': [], 'rate_id': 45649, 'deals': [], 'cancellation_type': 'free', 'credit_card': 0, 'bonus': 4280, 'miles': 1712, 'min_stay': 1, 'mircashback': 2140}, {'id': '970452P', 'force_prepayment': 1, 'capacity': 2, 'prepayment': 'FULL', 'nonrefundable': 0, 'cancellation_period': 0, 'cancellation_fee': 'NO', 'breakfast': 0, 'base_price': 19900, 'prices': [19900], 'price': 19900, 'old_price': 19900, 'currency': 'RUB', 'payment_amount': 19900, 'extras_variants': [], 'extras': [], 'rate_id': 45650, 'deals': [], 'cancellation_type': 'free', 'credit_card': 0, 'bonus': 3980, 'miles': 1592, 'min_stay': 1, 'mircashback': 1990}, {'id': '970462P', 'force_prepayment': 1, 'capacity': 2, 'prepayment': 'FULL', 'nonrefundable': 0, 'cancellation_period': 0, 'cancellation_fee': 'NO', 'breakfast': 1, 'base_price': 22900, 'prices': [22900], 'price': 22900, 'old_price': 22900, 'currency': 'RUB', 'payment_amount': 22900, 'extras_variants': [], 'extras': [], 'rate_id': 45649, 'deals': [], 'cancellation_type': 'free', 'credit_card': 0, 'bonus': 4580, 'miles': 1832, 'min_stay': 1, 'mircashback': 2290}]",19900.0,1592,671064_101hotels,2025-05-12
74035,,Стандартный номер с 1 кроватью,2,0,0,1,Двухместный,2,2,[{'double': 1}],[],"[{'id': 574190, 'force_prepayment': 1, 'capacity': 1, 'prepayment': 'NO', 'nonrefundable': 0, 'cancellation_period': 0, 'cancellation_fee': 'NO', 'breakfast': 0, 'base_price': 3000, 'prices': [3000], 'price': 3000, 'old_price': 3000, 'currency': 'RUB', 'payment_amount': 0, 'extras_variants': [], 'extras': [], 'rate_id': 19257, 'deals': [], 'cancellation_type': 'free', 'credit_card': 0, 'bonus': 600, 'miles': 240, 'min_stay': 1, 'mircashback': 300}, {'id': 574191, 'force_prepayment': 1, 'capacity': 2, 'prepayment': 'NO', 'nonrefundable': 0, 'cancellation_period': 0, 'cancellation_fee': 'NO', 'breakfast': 0, 'base_price': 3000, 'prices': [3000], 'price': 3000, 'old_price': 3000, 'currency': 'RUB', 'payment_amount': 0, 'extras_variants': [], 'extras': [], 'rate_id': 19257, 'deals': [], 'cancellation_type': 'free', 'credit_card': 0, 'bonus': 600, 'miles': 240, 'min_stay': 1, 'mircashback': 300}, {'id': '574190P', 'force_prepayment': 1, 'capacity': 1, 'prepayment': 'FULL', 'nonrefundable': 0, 'cancellation_period': 0, 'cancellation_fee': 'NO', 'breakfast': 0, 'base_price': 3000, 'prices': [3000], 'price': 3000, 'old_price': 3000, 'currency': 'RUB', 'payment_amount': 3000, 'extras_variants': [], 'extras': [], 'rate_id': 19257, 'deals': [], 'cancellation_type': 'free', 'credit_card': 0, 'bonus': 600, 'miles': 240, 'min_stay': 1, 'mircashback': 300}, {'id': '574191P', 'force_prepayment': 1, 'capacity': 2, 'prepayment': 'FULL', 'nonrefundable': 0, 'cancellation_period': 0, 'cancellation_fee': 'NO', 'breakfast': 0, 'base_price': 3000, 'prices': [3000], 'price': 3000, 'old_price': 3000, 'currency': 'RUB', 'payment_amount': 3000, 'extras_variants': [], 'extras': [], 'rate_id': 19257, 'deals': [], 'cancellation_type': 'free', 'credit_card': 0, 'bonus': 600, 'miles': 240, 'min_stay': 1, 'mircashback': 300}]",3000.0,240,14080_101hotels,2025-05-12
74036,,Стандартный номер,1,0,0,1,Одноместный,1,1,[{'single': 1}],[],"[{'id': 574188, 'force_prepayment': 1, 'capacity': 1, 'prepayment': 'NO', 'nonrefundable': 0, 'cancellation_period': 0, 'cancellation_fee': 'NO', 'breakfast': 0, 'base_price': 2500, 'prices': [2500], 'price': 2500, 'old_price': 2500, 'currency': 'RUB', 'payment_amount': 0, 'extras_variants': [], 'extras': [], 'rate_id': 19257, 'deals': [], 'cancellation_type': 'free', 'credit_card': 0, 'bonus': 500, 'miles': 200, 'min_stay': 1, 'mircashback': 250}, {'id': '574188P', 'force_prepayment': 1, 'capacity': 1, 'prepayment': 'FULL', 'nonrefundable': 0, 'cancellation_period': 0, 'cancellation_fee': 'NO', 'breakfast': 0, 'base_price': 2500, 'prices': [2500], 'price': 2500, 'old_price': 2500, 'currency': 'RUB', 'payment_amount': 2500, 'extras_variants': [], 'extras': [], 'rate_id': 19257, 'deals': [], 'cancellation_type': 'free', 'credit_card': 0, 'bonus': 500, 'miles': 200, 'min_stay': 1, 'mircashback': 250}]",2500.0,200,14080_101hotels,2025-05-12
74037,,Стандартный номер с 2 отдельными кроватями,2,0,0,1,Двухместный,2,6,[{'single': 2}],[],"[{'id': 574192, 'force_prepayment': 1, 'capacity': 1, 'prepayment': 'NO', 'nonrefundable': 0, 'cancellation_period': 0, 'cancellation_fee': 'NO', 'breakfast': 0, 'base_price': 3000, 'prices': [3000], 'price': 3000, 'old_price': 3000, 'currency': 'RUB', 'payment_amount': 0, 'extras_variants': [], 'extras': [], 'rate_id': 19257, 'deals': [], 'cancellation_type': 'free', 'credit_card': 0, 'bonus': 600, 'miles': 240, 'min_stay': 1, 'mircashback': 300}, {'id': 574193, 'force_prepayment': 1, 'capacity': 2, 'prepayment': 'NO', 'nonrefundable': 0, 'cancellation_period': 0, 'cancellation_fee': 'NO', 'breakfast': 0, 'base_price': 3000, 'prices': [3000], 'price': 3000, 'old_price': 3000, 'currency': 'RUB', 'payment_amount': 0, 'extras_variants': [], 'extras': [], 'rate_id': 19257, 'deals': [], 'cancellation_type': 'free', 'credit_card': 0, 'bonus': 600, 'miles': 240, 'min_stay': 1, 'mircashback': 300}, {'id': '574192P', 'force_prepayment': 1, 'capacity': 1, 'prepayment': 'FULL', 'nonrefundable': 0, 'cancellation_period': 0, 'cancellation_fee': 'NO', 'breakfast': 0, 'base_price': 3000, 'prices': [3000], 'price': 3000, 'old_price': 3000, 'currency': 'RUB', 'payment_amount': 3000, 'extras_variants': [], 'extras': [], 'rate_id': 19257, 'deals': [], 'cancellation_type': 'free', 'credit_card': 0, 'bonus': 600, 'miles': 240, 'min_stay': 1, 'mircashback': 300}, {'id': '574193P', 'force_prepayment': 1, 'capacity': 2, 'prepayment': 'FULL', 'nonrefundable': 0, 'cancellation_period': 0, 'cancellation_fee': 'NO', 'breakfast': 0, 'base_price': 3000, 'prices': [3000], 'price': 3000, 'old_price': 3000, 'currency': 'RUB', 'payment_amount': 3000, 'extras_variants': [], 'extras': [], 'rate_id': 19257, 'deals': [], 'cancellation_type': 'free', 'credit_card': 0, 'bonus': 600, 'miles': 240, 'min_stay': 1, 'mircashback': 300}]",3000.0,240,14080_101hotels,2025-05-12
74038,,Улучшенный номер с 1 кроватью,2,0,0,1,Двухместный,2,2,[{'double': 1}],[],"[{'id': 574194, 'force_prepayment': 1, 'capacity': 1, 'prepayment': 'NO', 'nonrefundable': 0, 'cancellation_period': 0, 'cancellation_fee': 'NO', 'breakfast': 0, 'base_price': 3900, 'prices': [3900], 'price': 3900, 'old_price': 3900, 'currency': 'RUB', 'payment_amount': 0, 'extras_variants': [], 'extras': [], 'rate_id': 19257, 'deals': [], 'cancellation_type': 'free', 'credit_card': 0, 'bonus': 780, 'miles': 312, 'min_stay': 1, 'mircashback': 390}, {'id': 574195, 'force_prepayment': 1, 'capacity': 2, 'prepayment': 'NO', 'nonrefundable': 0, 'cancellation_period': 0, 'cancellation_fee': 'NO', 'breakfast': 0, 'base_price': 3900, 'prices': [3900], 'price': 3900, 'old_price': 3900, 'currency': 'RUB', 'payment_amount': 0, 'extras_variants': [], 'extras': [], 'rate_id': 19257, 'deals': [], 'cancellation_type': 'free', 'credit_card': 0, 'bonus': 780, 'miles': 312, 'min_stay': 1, 'mircashback': 390}, {'id': '574194P', 'force_prepayment': 1, 'capacity': 1, 'prepayment': 'FULL', 'nonrefundable': 0, 'cancellation_period': 0, 'cancellation_fee': 'NO', 'breakfast': 0, 'base_price': 3900, 'prices': [3900], 'price': 3900, 'old_price': 3900, 'currency': 'RUB', 'payment_amount': 3900, 'extras_variants': [], 'extras': [], 'rate_id': 19257, 'deals': [], 'cancellation_type': 'free', 'credit_card': 0, 'bonus': 780, 'miles': 312, 'min_stay': 1, 'mircashback': 390}, {'id': '574195P', 'force_prepayment': 1, 'capacity': 2, 'prepayment': 'FULL', 'nonrefundable': 0, 'cancellation_period': 0, 'cancellation_fee': 'NO', 'breakfast': 0, 'base_price': 3900, 'prices': [3900], 'price': 3900, 'old_price': 3900, 'currency': 'RUB', 'payment_amount': 3900, 'extras_variants': [], 'extras': [], 'rate_id': 19257, 'deals': [], 'cancellation_type': 'free', 'credit_card': 0, 'bonus': 780, 'miles': 312, 'min_stay': 1, 'mircashback': 390}]",3900.0,312,14080_101hotels,2025-05-12
74039,,Улучшенный номер с 2 отдельными кроватями,2,0,0,1,Двухместный,2,5,[{'single': 2}],[],"[{'id': 574196, 'force_prepayment': 1, 'capacity': 1, 'prepayment': 'NO', 'nonrefundable': 0, 'cancellation_period': 0, 'cancellation_fee': 'NO', 'breakfast': 0, 'base_price': 3900, 'prices': [3900], 'price': 3900, 'old_price': 3900, 'currency': 'RUB', 'payment_amount': 0, 'extras_variants': [], 'extras': [], 'rate_id': 19257, 'deals': [], 'cancellation_type': 'free', 'credit_card': 0, 'bonus': 780, 'miles': 312, 'min_stay': 1, 'mircashback': 390}, {'id': 574197, 'force_prepayment': 1, 'capacity': 2, 'prepayment': 'NO', 'nonrefundable': 0, 'cancellation_period': 0, 'cancellation_fee': 'NO', 'breakfast': 0, 'base_price': 3900, 'prices': [3900], 'price': 3900, 'old_price': 3900, 'currency': 'RUB', 'payment_amount': 0, 'extras_variants': [], 'extras': [], 'rate_id': 19257, 'deals': [], 'cancellation_type': 'free', 'credit_card': 0, 'bonus': 780, 'miles': 312, 'min_stay': 1, 'mircashback': 390}, {'id': '574196P', 'force_prepayment': 1, 'capacity': 1, 'prepayment': 'FULL', 'nonrefundable': 0, 'cancellation_period': 0, 'cancellation_fee': 'NO', 'breakfast': 0, 'base_price': 3900, 'prices': [3900], 'price': 3900, 'old_price': 3900, 'currency': 'RUB', 'payment_amount': 3900, 'extras_variants': [], 'extras': [], 'rate_id': 19257, 'deals': [], 'cancellation_type': 'free', 'credit_card': 0, 'bonus': 780, 'miles': 312, 'min_stay': 1, 'mircashback': 390}, {'id': '574197P', 'force_prepayment': 1, 'capacity': 2, 'prepayment': 'FULL', 'nonrefundable': 0, 'cancellation_period': 0, 'cancellation_fee': 'NO', 'breakfast': 0, 'base_price': 3900, 'prices': [3900], 'price': 3900, 'old_price': 3900, 'currency': 'RUB', 'payment_amount': 3900, 'extras_variants': [], 'extras': [], 'rate_id': 19257, 'deals': [], 'cancellation_type': 'free', 'credit_card': 0, 'bonus': 780, 'miles': 312, 'min_stay': 1, 'mircashback': 390}]",3900.0,312,14080_101hotels,2025-05-12
74041,,Стандарт премиум,2,0,0,1,Сьюит,27,1,"[{'double': 1, 'sofa': 1}]",[],"[{'id': 574198, 'force_prepayment': 1, 'capacity': 1, 'prepayment': 'NO', 'nonrefundable': 0, 'cancellation_period': 0, 'cancellation_fee': 'NO', 'breakfast': 0, 'base_price': 5900, 'prices': [5900], 'price': 5900, 'old_price': 5900, 'currency': 'RUB', 'payment_amount': 0, 'extras_variants': [], 'extras': [], 'rate_id': 19257, 'deals': [], 'cancellation_type': 'free', 'credit_card': 0, 'bonus': 1180, 'miles': 472, 'min_stay': 1, 'mircashback': 590}, {'id': 574199, 'force_prepayment': 1, 'capacity': 2, 'prepayment': 'NO', 'nonrefundable': 0, 'cancellation_period': 0, 'cancellation_fee': 'NO', 'breakfast': 0, 'base_price': 5900, 'prices': [5900], 'price': 5900, 'old_price': 5900, 'currency': 'RUB', 'payment_amount': 0, 'extras_variants': [], 'extras': [], 'rate_id': 19257, 'deals': [], 'cancellation_type': 'free', 'credit_card': 0, 'bonus': 1180, 'miles': 472, 'min_stay': 1, 'mircashback': 590}, {'id': '574198P', 'force_prepayment': 1, 'capacity': 1, 'prepayment': 'FULL', 'nonrefundable': 0, 'cancellation_period': 0, 'cancellation_fee': 'NO', 'breakfast': 0, 'base_price': 5900, 'prices': [5900], 'price': 5900, 'old_price': 5900, 'currency': 'RUB', 'payment_amount': 5900, 'extras_variants': [], 'extras': [], 'rate_id': 19257, 'deals': [], 'cancellation_type': 'free', 'credit_card': 0, 'bonus': 1180, 'miles': 472, 'min_stay': 1, 'mircashback': 590}, {'id': '574199P', 'force_prepayment': 1, 'capacity': 2, 'prepayment': 'FULL', 'nonrefundable': 0, 'cancellation_period': 0, 'cancellation_fee': 'NO', 'breakfast': 0, 'base_price': 5900, 'prices': [5900], 'price': 5900, 'old_price': 5900, 'currency': 'RUB', 'payment_amount': 5900, 'extras_variants': [], 'extras': [], 'rate_id': 19257, 'deals': [], 'cancellation_type': 'free', 'credit_card': 0, 'bonus': 1180, 'miles': 472, 'min_stay': 1, 'mircashback': 590}]",5900.0,472,14080_101hotels,2025-05-12
1478821,,Семейный 2+1,3,0,0,1,Апартаменты,14,3,"[{'single': 1, 'double': 1}]","[{'number': '1', 'min_age': '0', 'max_age': '7', 'is_extra_bed': '0', 'extra_bed_type_id': '0'}]","[{'id': 397249, 'force_prepayment': 0, 'capacity': 1, 'prepayment': 'FULL', 'nonrefundable': 0, 'cancellation_period': 1, 'cancellation_fee': 'FIRST', 'breakfast': 0, 'base_price': 3630, 'prices': [3630], 'price': 3085.5, 'old_price': 3630, 'currency': 'RUB', 'payment_amount': 3630, 'extras_variants': [], 'extras': [], 'rate_id': 7311, 'deals': ['BASE'], 'cancellation_type': 'special', 'credit_card': 1, 'bonus': 617, 'miles': 244, 'min_stay': 1, 'mircashback': 309}, {'id': 397250, 'force_prepayment': 0, 'capacity': 2, 'prepayment': 'FULL', 'nonrefundable': 0, 'cancellation_period': 1, 'cancellation_fee': 'FIRST', 'breakfast': 0, 'base_price': 4180, 'prices': [4180], 'price': 3553, 'old_price': 4180, 'currency': 'RUB', 'payment_amount': 4180, 'extras_variants': [], 'extras': [], 'rate_id': 7311, 'deals': ['BASE'], 'cancellation_type': 'special', 'credit_card': 1, 'bonus': 711, 'miles': 284, 'min_stay': 1, 'mircashback': 355}, {'id': 397251, 'force_prepayment': 0, 'capacity': 3, 'prepayment': 'FULL', 'nonrefundable': 0, 'cancellation_period': 1, 'cancellation_fee': 'FIRST', 'breakfast': 0, 'base_price': 4730, 'prices': [4730], 'price': 4020.5, 'old_price': 4730, 'currency': 'RUB', 'payment_amount': 4730, 'extras_variants': [], 'extras': [], 'rate_id': 7311, 'deals': ['BASE'], 'cancellation_type': 'special', 'credit_card': 1, 'bonus': 804, 'miles': 320, 'min_stay': 1, 'mircashback': 402}]",3085.5,244,462906_101hotels,2025-05-12
1552621,,2+2,4,0,0,1,Семейный,44,4,[{'double': 2}],[],"[{'id': 397262, 'force_prepayment': 0, 'capacity': 1, 'prepayment': 'FULL', 'nonrefundable': 0, 'cancellation_period': 1, 'cancellation_fee': 'FIRST', 'breakfast': 0, 'base_price': 3630, 'prices': [3630], 'price': 3085.5, 'old_price': 3630, 'currency': 'RUB', 'payment_amount': 3630, 'extras_variants': [], 'extras': [], 'rate_id': 7311, 'deals': ['BASE'], 'cancellation_type': 'special', 'credit_card': 1, 'bonus': 617, 'miles': 244, 'min_stay': 1, 'mircashback': 309}, {'id': 397263, 'force_prepayment': 0, 'capacity': 2, 'prepayment': 'FULL', 'nonrefundable': 0, 'cancellation_period': 1, 'cancellation_fee': 'FIRST', 'breakfast': 0, 'base_price': 4180, 'prices': [4180], 'price': 3553, 'old_price': 4180, 'currency': 'RUB', 'payment_amount': 4180, 'extras_variants': [], 'extras': [], 'rate_id': 7311, 'deals': ['BASE'], 'cancellation_type': 'special', 'credit_card': 1, 'bonus': 711, 'miles': 284, 'min_stay': 1, 'mircashback': 355}, {'id': 397264, 'force_prepayment': 0, 'capacity': 3, 'prepayment': 'FULL', 'nonrefundable': 0, 'cancellation_period': 1, 'cancellation_fee': 'FIRST', 'breakfast': 0, 'base_price': 4730, 'prices': [4730], 'price': 4020.5, 'old_price': 4730, 'currency': 'RUB', 'payment_amount': 4730, 'extras_variants': [], 'extras': [], 'rate_id': 7311, 'deals': ['BASE'], 'cancellation_type': 'special', 'credit_card': 1, 'bonus': 804, 'miles': 320, 'min_stay': 1, 'mircashback': 402}, {'id': 397265, 'force_prepayment': 0, 'capacity': 4, 'prepayment': 'FULL', 'nonrefundable': 0, 'cancellation_period': 1, 'cancellation_fee': 'FIRST', 'breakfast': 0, 'base_price': 5280, 'prices': [5280], 'price': 4488, 'old_price': 5280, 'currency': 'RUB', 'payment_amount': 5280, 'extras_variants': [], 'extras': [], 'rate_id': 7311, 'deals': ['BASE'], 'cancellation_type': 'special', 'credit_card': 1, 'bonus': 898, 'miles': 356, 'min_stay': 1, 'mircashback': 449}]",3085.5,244,462906_101hotels,2025-05-12
1923101,,Трехместный Стандарт,3,0,0,1,Трехместный,37,1,[{'single': 3}],[],"[{'id': 397256, 'force_prepayment': 0, 'capacity': 1, 'prepayment': 'FULL', 'nonrefundable': 0, 'cancellation_period': 1, 'cancellation_fee': 'FIRST', 'breakfast': 0, 'base_price': 3080, 'prices': [3080], 'price': 2618, 'old_price': 3080, 'currency': 'RUB', 'payment_amount': 3080, 'extras_variants': [], 'extras': [], 'rate_id': 7311, 'deals': ['BASE'], 'cancellation_type': 'special', 'credit_card': 1, 'bonus': 524, 'miles': 208, 'min_stay': 1, 'mircashback': 262}, {'id': 397257, 'force_prepayment': 0, 'capacity': 2, 'prepayment': 'FULL', 'nonrefundable': 0, 'cancellation_period': 1, 'cancellation_fee': 'FIRST', 'breakfast': 0, 'base_price': 3630, 'prices': [3630], 'price': 3085.5, 'old_price': 3630, 'currency': 'RUB', 'payment_amount': 3630, 'extras_variants': [], 'extras': [], 'rate_id': 7311, 'deals': ['BASE'], 'cancellation_type': 'special', 'credit_card': 1, 'bonus': 617, 'miles': 244, 'min_stay': 1, 'mircashback': 309}, {'id': 397258, 'force_prepayment': 0, 'capacity': 3, 'prepayment': 'FULL', 'nonrefundable': 0, 'cancellation_period': 1, 'cancellation_fee': 'FIRST', 'breakfast': 0, 'base_price': 4180, 'prices': [4180], 'price': 3553, 'old_price': 4180, 'currency': 'RUB', 'payment_amount': 4180, 'extras_variants': [], 'extras': [], 'rate_id': 7311, 'deals': ['BASE'], 'cancellation_type': 'special', 'credit_card': 1, 'bonus': 711, 'miles': 284, 'min_stay': 1, 'mircashback': 355}]",2618.0,208,462906_101hotels,2025-05-12
1923102,,Стандарт,4,0,0,1,Четырехместный,34,11,[{'single': 4}],[],"[{'id': 397252, 'force_prepayment': 0, 'capacity': 1, 'prepayment': 'FULL', 'nonrefundable': 0, 'cancellation_period': 1, 'cancellation_fee': 'FIRST', 'breakfast': 0, 'base_price': 3080, 'prices': [3080], 'price': 2618, 'old_price': 3080, 'currency': 'RUB', 'payment_amount': 3080, 'extras_variants': [], 'extras': [], 'rate_id': 7311, 'deals': ['BASE'], 'cancellation_type': 'special', 'credit_card': 1, 'bonus': 524, 'miles': 208, 'min_stay': 1, 'mircashback': 262}, {'id': 397253, 'force_prepayment': 0, 'capacity': 2, 'prepayment': 'FULL', 'nonrefundable': 0, 'cancellation_period': 1, 'cancellation_fee': 'FIRST', 'breakfast': 0, 'base_price': 3630, 'prices': [3630], 'price': 3085.5, 'old_price': 3630, 'currency': 'RUB', 'payment_amount': 3630, 'extras_variants': [], 'extras': [], 'rate_id': 7311, 'deals': ['BASE'], 'cancellation_type': 'special', 'credit_card': 1, 'bonus': 617, 'miles': 244, 'min_stay': 1, 'mircashback': 309}, {'id': 397254, 'force_prepayment': 0, 'capacity': 3, 'prepayment': 'FULL', 'nonrefundable': 0, 'cancellation_period': 1, 'cancellation_fee': 'FIRST', 'breakfast': 0, 'base_price': 4180, 'prices': [4180], 'price': 3553, 'old_price': 4180, 'currency': 'RUB', 'payment_amount': 4180, 'extras_variants': [], 'extras': [], 'rate_id': 7311, 'deals': ['BASE'], 'cancellation_type': 'special', 'credit_card': 1, 'bonus': 711, 'miles': 284, 'min_stay': 1, 'mircashback': 355}, {'id': 397255, 'force_prepayment': 0, 'capacity': 4, 'prepayment': 'FULL', 'nonrefundable': 0, 'cancellation_period': 1, 'cancellation_fee': 'FIRST', 'breakfast': 0, 'base_price': 4730, 'prices': [4730], 'price': 4020.5, 'old_price': 4730, 'currency': 'RUB', 'payment_amount': 4730, 'extras_variants': [], 'extras': [], 'rate_id': 7311, 'deals': ['BASE'], 'cancellation_type': 'special', 'credit_card': 1, 'bonus': 804, 'miles': 320, 'min_stay': 1, 'mircashback': 402}]",2618.0,208,462906_101hotels,2025-05-12
2182001,,Семейный 2+1+1,4,0,0,1,Трехместный,37,2,"[{'single': 2, 'double': 1}]",[],"[{'id': 397259, 'force_prepayment': 0, 'capacity': 1, 'prepayment': 'FULL', 'nonrefundable': 0, 'cancellation_period': 1, 'cancellation_fee': 'FIRST', 'breakfast': 0, 'base_price': 3630, 'prices': [3630], 'price': 3085.5, 'old_price': 3630, 'currency': 'RUB', 'payment_amount': 3630, 'extras_variants': [], 'extras': [], 'rate_id': 7311, 'deals': ['BASE'], 'cancellation_type': 'special', 'credit_card': 1, 'bonus': 617, 'miles': 244, 'min_stay': 1, 'mircashback': 309}, {'id': 397260, 'force_prepayment': 0, 'capacity': 2, 'prepayment': 'FULL', 'nonrefundable': 0, 'cancellation_period': 1, 'cancellation_fee': 'FIRST', 'breakfast': 0, 'base_price': 4180, 'prices': [4180], 'price': 3553, 'old_price': 4180, 'currency': 'RUB', 'payment_amount': 4180, 'extras_variants': [], 'extras': [], 'rate_id': 7311, 'deals': ['BASE'], 'cancellation_type': 'special', 'credit_card': 1, 'bonus': 711, 'miles': 284, 'min_stay': 1, 'mircashback': 355}, {'id': 397261, 'force_prepayment': 0, 'capacity': 3, 'prepayment': 'FULL', 'nonrefundable': 0, 'cancellation_period': 1, 'cancellation_fee': 'FIRST', 'breakfast': 0, 'base_price': 4730, 'prices': [4730], 'price': 4020.5, 'old_price': 4730, 'currency': 'RUB', 'payment_amount': 4730, 'extras_variants': [], 'extras': [], 'rate_id': 7311, 'deals': ['BASE'], 'cancellation_type': 'special', 'credit_card': 1, 'bonus': 804, 'miles': 320, 'min_stay': 1, 'mircashback': 402}, {'id': 849840, 'force_prepayment': 0, 'capacity': 4, 'prepayment': 'FULL', 'nonrefundable': 0, 'cancellation_period': 1, 'cancellation_fee': 'FIRST', 'breakfast': 0, 'base_price': 5280, 'prices': [5280], 'price': 4488, 'old_price': 5280, 'currency': 'RUB', 'payment_amount': 5280, 'extras_variants': [], 'extras': [], 'rate_id': 7311, 'deals': ['BASE'], 'cancellation_type': 'special', 'credit_card': 1, 'bonus': 898, 'miles': 356, 'min_stay': 1, 'mircashback': 449}]",3085.5,244,462906_101hotels,2025-05-12
2206701,,С диваном,4,0,0,1,Семейный,44,3,"[{'double': 1, 'sofa': 1}]",[],"[{'id': 397266, 'force_prepayment': 0, 'capacity': 1, 'prepayment': 'FULL', 'nonrefundable': 0, 'cancellation_period': 1, 'cancellation_fee': 'FIRST', 'breakfast': 0, 'base_price': 3630, 'prices': [3630], 'price': 3085.5, 'old_price': 3630, 'currency': 'RUB', 'payment_amount': 3630, 'extras_variants': [], 'extras': [], 'rate_id': 7311, 'deals': ['BASE'], 'cancellation_type': 'special', 'credit_card': 1, 'bonus': 617, 'miles': 244, 'min_stay': 1, 'mircashback': 309}, {'id': 397267, 'force_prepayment': 0, 'capacity': 2, 'prepayment': 'FULL', 'nonrefundable': 0, 'cancellation_period': 1, 'cancellation_fee': 'FIRST', 'breakfast': 0, 'base_price': 4180, 'prices': [4180], 'price': 3553, 'old_price': 4180, 'currency': 'RUB', 'payment_amount': 4180, 'extras_variants': [], 'extras': [], 'rate_id': 7311, 'deals': ['BASE'], 'cancellation_type': 'special', 'credit_card': 1, 'bonus': 711, 'miles': 284, 'min_stay': 1, 'mircashback': 355}, {'id': 397268, 'force_prepayment': 0, 'capacity': 3, 'prepayment': 'FULL', 'nonrefundable': 0, 'cancellation_period': 1, 'cancellation_fee': 'FIRST', 'breakfast': 0, 'base_price': 4730, 'prices': [4730], 'price': 4020.5, 'old_price': 4730, 'currency': 'RUB', 'payment_amount': 4730, 'extras_variants': [], 'extras': [], 'rate_id': 7311, 'deals': ['BASE'], 'cancellation_type': 'special', 'credit_card': 1, 'bonus': 804, 'miles': 320, 'min_stay': 1, 'mircashback': 402}, {'id': 397269, 'force_prepayment': 0, 'capacity': 4, 'prepayment': 'FULL', 'nonrefundable': 0, 'cancellation_period': 1, 'cancellation_fee': 'FIRST', 'breakfast': 0, 'base_price': 5280, 'prices': [5280], 'price': 4488, 'old_price': 5280, 'currency': 'RUB', 'payment_amount': 5280, 'extras_variants': [], 'extras': [], 'rate_id': 7311, 'deals': ['BASE'], 'cancellation_type': 'special', 'credit_card': 1, 'bonus': 898, 'miles': 356, 'min_stay': 1, 'mircashback': 449}]",3085.5,244,462906_101hotels,2025-05-12
2260293,,Стандарт,7,0,0,1,Семиместный,42,1,[{'single': 7}],[],"[{'id': 691912, 'force_prepayment': 0, 'capacity': 1, 'prepayment': 'FULL', 'nonrefundable': 0, 'cancellation_period': 1, 'cancellation_fee': 'FIRST', 'breakfast': 0, 'base_price': 3080, 'prices': [3080], 'price': 2618, 'old_price': 3080, 'currency': 'RUB', 'payment_amount': 3080, 'extras_variants': [], 'extras': [], 'rate_id': 7311, 'deals': ['BASE'], 'cancellation_type': 'special', 'credit_card': 1, 'bonus': 524, 'miles': 208, 'min_stay': 1, 'mircashback': 262}, {'id': 691913, 'force_prepayment': 0, 'capacity': 2, 'prepayment': 'FULL', 'nonrefundable': 0, 'cancellation_period': 1, 'cancellation_fee': 'FIRST', 'breakfast': 0, 'base_price': 3630, 'prices': [3630], 'price': 3085.5, 'old_price': 3630, 'currency': 'RUB', 'payment_amount': 3630, 'extras_variants': [], 'extras': [], 'rate_id': 7311, 'deals': ['BASE'], 'cancellation_type': 'special', 'credit_card': 1, 'bonus': 617, 'miles': 244, 'min_stay': 1, 'mircashback': 309}, {'id': 691914, 'force_prepayment': 0, 'capacity': 3, 'prepayment': 'FULL', 'nonrefundable': 0, 'cancellation_period': 1, 'cancellation_fee': 'FIRST', 'breakfast': 0, 'base_price': 4180, 'prices': [4180], 'price': 3553, 'old_price': 4180, 'currency': 'RUB', 'payment_amount': 4180, 'extras_variants': [], 'extras': [], 'rate_id': 7311, 'deals': ['BASE'], 'cancellation_type': 'special', 'credit_card': 1, 'bonus': 711, 'miles': 284, 'min_stay': 1, 'mircashback': 355}, {'id': 691915, 'force_prepayment': 0, 'capacity': 4, 'prepayment': 'FULL', 'nonrefundable': 0, 'cancellation_period': 1, 'cancellation_fee': 'FIRST', 'breakfast': 0, 'base_price': 4730, 'prices': [4730], 'price': 4020.5, 'old_price': 4730, 'currency': 'RUB', 'payment_amount': 4730, 'extras_variants': [], 'extras': [], 'rate_id': 7311, 'deals': ['BASE'], 'cancellation_type': 'special', 'credit_card': 1, 'bonus': 804, 'miles': 320, 'min_stay': 1, 'mircashback': 402}, {'id': 691916, 'force_prepayment': 0, 'capacity': 5, 'prepayment': 'FULL', 'nonrefundable': 0, 'cancellation_period': 1, 'cancellation_fee': 'FIRST', 'breakfast': 0, 'base_price': 5500, 'prices': [5500], 'price': 4675, 'old_price': 5500, 'currency': 'RUB', 'payment_amount': 5500, 'extras_variants': [], 'extras': [], 'rate_id': 7311, 'deals': ['BASE'], 'cancellation_type': 'special', 'credit_card': 1, 'bonus': 935, 'miles': 372, 'min_stay': 1, 'mircashback': 468}, {'id': 691917, 'force_prepayment': 0, 'capacity': 6, 'prepayment': 'FULL', 'nonrefundable': 0, 'cancellation_period': 1, 'cancellation_fee': 'FIRST', 'breakfast': 0, 'base_price': 6600, 'prices': [6600], 'price': 5610, 'old_price': 6600, 'currency': 'RUB', 'payment_amount': 6600, 'extras_variants': [], 'extras': [], 'rate_id': 7311, 'deals': ['BASE'], 'cancellation_type': 'special', 'credit_card': 1, 'bonus': 1122, 'miles': 448, 'min_stay': 1, 'mircashback': 561}, {'id': 691918, 'force_prepayment': 0, 'capacity': 7, 'prepayment': 'FULL', 'nonrefundable': 0, 'cancellation_period': 1, 'cancellation_fee': 'FIRST', 'breakfast': 0, 'base_price': 7700, 'prices': [7700], 'price': 6545, 'old_price': 7700, 'currency': 'RUB', 'payment_amount': 7700, 'extras_variants': [], 'extras': [], 'rate_id': 7311, 'deals': ['BASE'], 'cancellation_type': 'special', 'credit_card': 1, 'bonus': 1309, 'miles': 520, 'min_stay': 1, 'mircashback': 655}]",2618.0,208,462906_101hotels,2025-05-12
1870570,,С 1 кроватью или 2 отдельными кроватями,2,1,0,1,De Luxe,29,20,"[{'single': 2}, {'double': 1}]",[],"[{'id': 251933, 'force_prepayment': 1, 'capacity': 1, 'prepayment': 'NO', 'nonrefundable': 0, 'cancellation_period': 0, 'cancellation_fee': 'NO', 'breakfast': 0, 'base_price': 4500, 'prices': [4500], 'price': 4500, 'old_price': 4500, 'currency': 'RUB', 'payment_amount': 0, 'extras_variants': [], 'extras': [], 'rate_id': 283, 'deals': [], 'cancellation_type': 'free', 'credit_card': 0, 'bonus': 900, 'miles': 360, 'min_stay': 1, 'mircashback': 450}, {'id': 251927, 'force_prepayment': 1, 'capacity': 1, 'prepayment': 'NO', 'nonrefundable': 0, 'cancellation_period': 0, 'cancellation_fee': 'NO', 'breakfast': 1, 'base_price': 5700, 'prices': [5700], 'price': 5700, 'old_price': 5700, 'currency': 'RUB', 'payment_amount': 0, 'extras_variants': [], 'extras': [], 'rate_id': 282, 'deals': [], 'cancellation_type': 'free', 'credit_card': 0, 'bonus': 1140, 'miles': 456, 'min_stay': 1, 'mircashback': 570}, {'id': 251934, 'force_prepayment': 1, 'capacity': 2, 'prepayment': 'NO', 'nonrefundable': 0, 'cancellation_period': 0, 'cancellation_fee': 'NO', 'breakfast': 0, 'base_price': 5500, 'prices': [5500], 'price': 5500, 'old_price': 5500, 'currency': 'RUB', 'payment_amount': 0, 'extras_variants': [], 'extras': [], 'rate_id': 283, 'deals': [], 'cancellation_type': 'free', 'credit_card': 0, 'bonus': 1100, 'miles': 440, 'min_stay': 1, 'mircashback': 550}, {'id': 251928, 'force_prepayment': 1, 'capacity': 2, 'prepayment': 'NO', 'nonrefundable': 0, 'cancellation_period': 0, 'cancellation_fee': 'NO', 'breakfast': 1, 'base_price': 7900, 'prices': [7900], 'price': 7900, 'old_price': 7900, 'currency': 'RUB', 'payment_amount': 0, 'extras_variants': [], 'extras': [], 'rate_id': 282, 'deals': [], 'cancellation_type': 'free', 'credit_card': 0, 'bonus': 1580, 'miles': 632, 'min_stay': 1, 'mircashback': 790}, {'id': '251933P', 'force_prepayment': 1, 'capacity': 1, 'prepayment': 'FULL', 'nonrefundable': 0, 'cancellation_period': 0, 'cancellation_fee': 'NO', 'breakfast': 0, 'base_price': 4500, 'prices': [4500], 'price': 4500, 'old_price': 4500, 'currency': 'RUB', 'payment_amount': 4500, 'extras_variants': [], 'extras': [], 'rate_id': 283, 'deals': [], 'cancellation_type': 'free', 'credit_card': 0, 'bonus': 900, 'miles': 360, 'min_stay': 1, 'mircashback': 450}, {'id': '251927P', 'force_prepayment': 1, 'capacity': 1, 'prepayment': 'FULL', 'nonrefundable': 0, 'cancellation_period': 0, 'cancellation_fee': 'NO', 'breakfast': 1, 'base_price': 5700, 'prices': [5700], 'price': 5700, 'old_price': 5700, 'currency': 'RUB', 'payment_amount': 5700, 'extras_variants': [], 'extras': [], 'rate_id': 282, 'deals': [], 'cancellation_type': 'free', 'credit_card': 0, 'bonus': 1140, 'miles': 456, 'min_stay': 1, 'mircashback': 570}, {'id': '251934P', 'force_prepayment': 1, 'capacity': 2, 'prepayment': 'FULL', 'nonrefundable': 0, 'cancellation_period': 0, 'cancellation_fee': 'NO', 'breakfast': 0, 'base_price': 5500, 'prices': [5500], 'price': 5500, 'old_price': 5500, 'currency': 'RUB', 'payment_amount': 5500, 'extras_variants': [], 'extras': [], 'rate_id': 283, 'deals': [], 'cancellation_type': 'free', 'credit_card': 0, 'bonus': 1100, 'miles': 440, 'min_stay': 1, 'mircashback': 550}, {'id': '251928P', 'force_prepayment': 1, 'capacity': 2, 'prepayment': 'FULL', 'nonrefundable': 0, 'cancellation_period': 0, 'cancellation_fee': 'NO', 'breakfast': 1, 'base_price': 7900, 'prices': [7900], 'price': 7900, 'old_price': 7900, 'currency': 'RUB', 'payment_amount': 7900, 'extras_variants': [], 'extras': [], 'rate_id': 282, 'deals': [], 'cancellation_type': 'free', 'credit_card': 0, 'bonus': 1580, 'miles': 632, 'min_stay': 1, 'mircashback': 790}]",4500.0,360,560072_101hotels,2025-05-12
1870571,,"Улучшенный, С 1 кроватью или 2 отдельными кроватями",2,1,0,1,Полулюкс,4,14,"[{'single': 2}, {'double': 1}]",[],"[{'id': 251929, 'force_prepayment': 1, 'capacity': 1, 'prepayment': 'NO', 'nonrefundable': 0, 'cancellation_period': 0, 'cancellation_fee': 'NO', 'breakfast': 0, 'base_price': 6300, 'prices': [6300], 'price': 6300, 'old_price': 6300, 'currency': 'RUB', 'payment_amount': 0, 'extras_variants': [], 'extras': [], 'rate_id': 283, 'deals': [], 'cancellation_type': 'free', 'credit_card': 0, 'bonus': 1260, 'miles': 504, 'min_stay': 1, 'mircashback': 630}, {'id': 251923, 'force_prepayment': 1, 'capacity': 1, 'prepayment': 'NO', 'nonrefundable': 0, 'cancellation_period': 0, 'cancellation_fee': 'NO', 'breakfast': 1, 'base_price': 7500, 'prices': [7500], 'price': 7500, 'old_price': 7500, 'currency': 'RUB', 'payment_amount': 0, 'extras_variants': [], 'extras': [], 'rate_id': 282, 'deals': [], 'cancellation_type': 'free', 'credit_card': 0, 'bonus': 1500, 'miles': 600, 'min_stay': 1, 'mircashback': 750}, {'id': 251930, 'force_prepayment': 1, 'capacity': 2, 'prepayment': 'NO', 'nonrefundable': 0, 'cancellation_period': 0, 'cancellation_fee': 'NO', 'breakfast': 0, 'base_price': 7300, 'prices': [7300], 'price': 7300, 'old_price': 7300, 'currency': 'RUB', 'payment_amount': 0, 'extras_variants': [], 'extras': [], 'rate_id': 283, 'deals': [], 'cancellation_type': 'free', 'credit_card': 0, 'bonus': 1460, 'miles': 584, 'min_stay': 1, 'mircashback': 730}, {'id': 251924, 'force_prepayment': 1, 'capacity': 2, 'prepayment': 'NO', 'nonrefundable': 0, 'cancellation_period': 0, 'cancellation_fee': 'NO', 'breakfast': 1, 'base_price': 9700, 'prices': [9700], 'price': 9700, 'old_price': 9700, 'currency': 'RUB', 'payment_amount': 0, 'extras_variants': [], 'extras': [], 'rate_id': 282, 'deals': [], 'cancellation_type': 'free', 'credit_card': 0, 'bonus': 1940, 'miles': 776, 'min_stay': 1, 'mircashback': 970}, {'id': '251929P', 'force_prepayment': 1, 'capacity': 1, 'prepayment': 'FULL', 'nonrefundable': 0, 'cancellation_period': 0, 'cancellation_fee': 'NO', 'breakfast': 0, 'base_price': 6300, 'prices': [6300], 'price': 6300, 'old_price': 6300, 'currency': 'RUB', 'payment_amount': 6300, 'extras_variants': [], 'extras': [], 'rate_id': 283, 'deals': [], 'cancellation_type': 'free', 'credit_card': 0, 'bonus': 1260, 'miles': 504, 'min_stay': 1, 'mircashback': 630}, {'id': '251923P', 'force_prepayment': 1, 'capacity': 1, 'prepayment': 'FULL', 'nonrefundable': 0, 'cancellation_period': 0, 'cancellation_fee': 'NO', 'breakfast': 1, 'base_price': 7500, 'prices': [7500], 'price': 7500, 'old_price': 7500, 'currency': 'RUB', 'payment_amount': 7500, 'extras_variants': [], 'extras': [], 'rate_id': 282, 'deals': [], 'cancellation_type': 'free', 'credit_card': 0, 'bonus': 1500, 'miles': 600, 'min_stay': 1, 'mircashback': 750}, {'id': '251930P', 'force_prepayment': 1, 'capacity': 2, 'prepayment': 'FULL', 'nonrefundable': 0, 'cancellation_period': 0, 'cancellation_fee': 'NO', 'breakfast': 0, 'base_price': 7300, 'prices': [7300], 'price': 7300, 'old_price': 7300, 'currency': 'RUB', 'payment_amount': 7300, 'extras_variants': [], 'extras': [], 'rate_id': 283, 'deals': [], 'cancellation_type': 'free', 'credit_card': 0, 'bonus': 1460, 'miles': 584, 'min_stay': 1, 'mircashback': 730}, {'id': '251924P', 'force_prepayment': 1, 'capacity': 2, 'prepayment': 'FULL', 'nonrefundable': 0, 'cancellation_period': 0, 'cancellation_fee': 'NO', 'breakfast': 1, 'base_price': 9700, 'prices': [9700], 'price': 9700, 'old_price': 9700, 'currency': 'RUB', 'payment_amount': 9700, 'extras_variants': [], 'extras': [], 'rate_id': 282, 'deals': [], 'cancellation_type': 'free', 'credit_card': 0, 'bonus': 1940, 'miles': 776, 'min_stay': 1, 'mircashback': 970}]",6300.0,504,560072_101hotels,2025-05-12
1870572,,"Большой, С 1 кроватью или 2 отдельными кроватями",2,2,0,1,Люкс,6,1,"[{'single': 2, 'sofa': 1}, {'double': 1, 'sofa': 1}]",[],"[{'id': 251931, 'force_prepayment': 1, 'capacity': 1, 'prepayment': 'NO', 'nonrefundable': 0, 'cancellation_period': 0, 'cancellation_fee': 'NO', 'breakfast': 0, 'base_price': 10300, 'prices': [10300], 'price': 10300, 'old_price': 10300, 'currency': 'RUB', 'payment_amount': 0, 'extras_variants': [], 'extras': [], 'rate_id': 283, 'deals': [], 'cancellation_type': 'free', 'credit_card': 0, 'bonus': 2060, 'miles': 824, 'min_stay': 1, 'mircashback': 1030}, {'id': 251925, 'force_prepayment': 1, 'capacity': 1, 'prepayment': 'NO', 'nonrefundable': 0, 'cancellation_period': 0, 'cancellation_fee': 'NO', 'breakfast': 1, 'base_price': 11500, 'prices': [11500], 'price': 11500, 'old_price': 11500, 'currency': 'RUB', 'payment_amount': 0, 'extras_variants': [], 'extras': [], 'rate_id': 282, 'deals': [], 'cancellation_type': 'free', 'credit_card': 0, 'bonus': 2300, 'miles': 920, 'min_stay': 1, 'mircashback': 1150}, {'id': 251932, 'force_prepayment': 1, 'capacity': 2, 'prepayment': 'NO', 'nonrefundable': 0, 'cancellation_period': 0, 'cancellation_fee': 'NO', 'breakfast': 0, 'base_price': 11300, 'prices': [11300], 'price': 11300, 'old_price': 11300, 'currency': 'RUB', 'payment_amount': 0, 'extras_variants': [], 'extras': [], 'rate_id': 283, 'deals': [], 'cancellation_type': 'free', 'credit_card': 0, 'bonus': 2260, 'miles': 904, 'min_stay': 1, 'mircashback': 1130}, {'id': 251926, 'force_prepayment': 1, 'capacity': 2, 'prepayment': 'NO', 'nonrefundable': 0, 'cancellation_period': 0, 'cancellation_fee': 'NO', 'breakfast': 1, 'base_price': 13700, 'prices': [13700], 'price': 13700, 'old_price': 13700, 'currency': 'RUB', 'payment_amount': 0, 'extras_variants': [], 'extras': [], 'rate_id': 282, 'deals': [], 'cancellation_type': 'free', 'credit_card': 0, 'bonus': 2740, 'miles': 1096, 'min_stay': 1, 'mircashback': 1370}, {'id': '251931P', 'force_prepayment': 1, 'capacity': 1, 'prepayment': 'FULL', 'nonrefundable': 0, 'cancellation_period': 0, 'cancellation_fee': 'NO', 'breakfast': 0, 'base_price': 10300, 'prices': [10300], 'price': 10300, 'old_price': 10300, 'currency': 'RUB', 'payment_amount': 10300, 'extras_variants': [], 'extras': [], 'rate_id': 283, 'deals': [], 'cancellation_type': 'free', 'credit_card': 0, 'bonus': 2060, 'miles': 824, 'min_stay': 1, 'mircashback': 1030}, {'id': '251925P', 'force_prepayment': 1, 'capacity': 1, 'prepayment': 'FULL', 'nonrefundable': 0, 'cancellation_period': 0, 'cancellation_fee': 'NO', 'breakfast': 1, 'base_price': 11500, 'prices': [11500], 'price': 11500, 'old_price': 11500, 'currency': 'RUB', 'payment_amount': 11500, 'extras_variants': [], 'extras': [], 'rate_id': 282, 'deals': [], 'cancellation_type': 'free', 'credit_card': 0, 'bonus': 2300, 'miles': 920, 'min_stay': 1, 'mircashback': 1150}, {'id': '251932P', 'force_prepayment': 1, 'capacity': 2, 'prepayment': 'FULL', 'nonrefundable': 0, 'cancellation_period': 0, 'cancellation_fee': 'NO', 'breakfast': 0, 'base_price': 11300, 'prices': [11300], 'price': 11300, 'old_price': 11300, 'currency': 'RUB', 'payment_amount': 11300, 'extras_variants': [], 'extras': [], 'rate_id': 283, 'deals': [], 'cancellation_type': 'free', 'credit_card': 0, 'bonus': 2260, 'miles': 904, 'min_stay': 1, 'mircashback': 1130}, {'id': '251926P', 'force_prepayment': 1, 'capacity': 2, 'prepayment': 'FULL', 'nonrefundable': 0, 'cancellation_period': 0, 'cancellation_fee': 'NO', 'breakfast': 1, 'base_price': 13700, 'prices': [13700], 'price': 13700, 'old_price': 13700, 'currency': 'RUB', 'payment_amount': 13700, 'extras_variants': [], 'extras': [], 'rate_id': 282, 'deals': [], 'cancellation_type': 'free', 'credit_card': 0, 'bonus': 2740, 'miles': 1096, 'min_stay': 1, 'mircashback': 1370}]",10300.0,824,560072_101hotels,2025-05-12
2250647,,Juniour Suite +,2,1,0,1,Полулюкс,4,4,"[{'double': 1, 'sofa': 1}]",[],"[{'id': 591109, 'force_prepayment': 1, 'capacity': 1, 'prepayment': 'NO', 'nonrefundable': 0, 'cancellation_period': 0, 'cancellation_fee': 'NO', 'breakfast': 0, 'base_price': 8300, 'prices': [8300], 'price': 8300, 'old_price': 8300, 'currency': 'RUB', 'payment_amount': 0, 'extras_variants': [], 'extras': [], 'rate_id': 283, 'deals': [], 'cancellation_type': 'free', 'credit_card': 0, 'bonus': 1660, 'miles': 664, 'min_stay': 1, 'mircashback': 830}, {'id': 591107, 'force_prepayment': 1, 'capacity': 1, 'prepayment': 'NO', 'nonrefundable': 0, 'cancellation_period': 0, 'cancellation_fee': 'NO', 'breakfast': 1, 'base_price': 9500, 'prices': [9500], 'price': 9500, 'old_price': 9500, 'currency': 'RUB', 'payment_amount': 0, 'extras_variants': [], 'extras': [], 'rate_id': 282, 'deals': [], 'cancellation_type': 'free', 'credit_card': 0, 'bonus': 1900, 'miles': 760, 'min_stay': 1, 'mircashback': 950}, {'id': 591110, 'force_prepayment': 1, 'capacity': 2, 'prepayment': 'NO', 'nonrefundable': 0, 'cancellation_period': 0, 'cancellation_fee': 'NO', 'breakfast': 0, 'base_price': 9300, 'prices': [9300], 'price': 9300, 'old_price': 9300, 'currency': 'RUB', 'payment_amount': 0, 'extras_variants': [], 'extras': [], 'rate_id': 283, 'deals': [], 'cancellation_type': 'free', 'credit_card': 0, 'bonus': 1860, 'miles': 744, 'min_stay': 1, 'mircashback': 930}, {'id': 591108, 'force_prepayment': 1, 'capacity': 2, 'prepayment': 'NO', 'nonrefundable': 0, 'cancellation_period': 0, 'cancellation_fee': 'NO', 'breakfast': 1, 'base_price': 11700, 'prices': [11700], 'price': 11700, 'old_price': 11700, 'currency': 'RUB', 'payment_amount': 0, 'extras_variants': [], 'extras': [], 'rate_id': 282, 'deals': [], 'cancellation_type': 'free', 'credit_card': 0, 'bonus': 2340, 'miles': 936, 'min_stay': 1, 'mircashback': 1170}, {'id': '591109P', 'force_prepayment': 1, 'capacity': 1, 'prepayment': 'FULL', 'nonrefundable': 0, 'cancellation_period': 0, 'cancellation_fee': 'NO', 'breakfast': 0, 'base_price': 8300, 'prices': [8300], 'price': 8300, 'old_price': 8300, 'currency': 'RUB', 'payment_amount': 8300, 'extras_variants': [], 'extras': [], 'rate_id': 283, 'deals': [], 'cancellation_type': 'free', 'credit_card': 0, 'bonus': 1660, 'miles': 664, 'min_stay': 1, 'mircashback': 830}, {'id': '591107P', 'force_prepayment': 1, 'capacity': 1, 'prepayment': 'FULL', 'nonrefundable': 0, 'cancellation_period': 0, 'cancellation_fee': 'NO', 'breakfast': 1, 'base_price': 9500, 'prices': [9500], 'price': 9500, 'old_price': 9500, 'currency': 'RUB', 'payment_amount': 9500, 'extras_variants': [], 'extras': [], 'rate_id': 282, 'deals': [], 'cancellation_type': 'free', 'credit_card': 0, 'bonus': 1900, 'miles': 760, 'min_stay': 1, 'mircashback': 950}, {'id': '591110P', 'force_prepayment': 1, 'capacity': 2, 'prepayment': 'FULL', 'nonrefundable': 0, 'cancellation_period': 0, 'cancellation_fee': 'NO', 'breakfast': 0, 'base_price': 9300, 'prices': [9300], 'price': 9300, 'old_price': 9300, 'currency': 'RUB', 'payment_amount': 9300, 'extras_variants': [], 'extras': [], 'rate_id': 283, 'deals': [], 'cancellation_type': 'free', 'credit_card': 0, 'bonus': 1860, 'miles': 744, 'min_stay': 1, 'mircashback': 930}, {'id': '591108P', 'force_prepayment': 1, 'capacity': 2, 'prepayment': 'FULL', 'nonrefundable': 0, 'cancellation_period': 0, 'cancellation_fee': 'NO', 'breakfast': 1, 'base_price': 11700, 'prices': [11700], 'price': 11700, 'old_price': 11700, 'currency': 'RUB', 'payment_amount': 11700, 'extras_variants': [], 'extras': [], 'rate_id': 282, 'deals': [], 'cancellation_type': 'free', 'credit_card': 0, 'bonus': 2340, 'miles': 936, 'min_stay': 1, 'mircashback': 1170}]",8300.0,664,560072_101hotels,2025-05-12
2267497,,Deluxe View,2,1,0,1,De Luxe,29,4,"[{'single': 1, 'double': 2}]","[{'number': '1', 'min_age': '7', 'max_age': '18', 'is_extra_bed': '1', 'extra_bed_type_id': '3'}]","[{'id': 736116, 'force_prepayment': 1, 'capacity': 1, 'prepayment': 'NO', 'nonrefundable': 0, 'cancellation_period': 0, 'cancellation_fee': 'NO', 'breakfast': 0, 'base_price': 5400, 'prices': [5400], 'price': 5400, 'old_price': 5400, 'currency': 'RUB', 'payment_amount': 0, 'extras_variants': [], 'extras': [], 'rate_id': 283, 'deals': [], 'cancellation_type': 'free', 'credit_card': 0, 'bonus': 1080, 'miles': 432, 'min_stay': 1, 'mircashback': 540}, {'id': 736114, 'force_prepayment': 1, 'capacity': 1, 'prepayment': 'NO', 'nonrefundable': 0, 'cancellation_period': 0, 'cancellation_fee': 'NO', 'breakfast': 1, 'base_price': 6600, 'prices': [6600], 'price': 6600, 'old_price': 6600, 'currency': 'RUB', 'payment_amount': 0, 'extras_variants': [], 'extras': [], 'rate_id': 282, 'deals': [], 'cancellation_type': 'free', 'credit_card': 0, 'bonus': 1320, 'miles': 528, 'min_stay': 1, 'mircashback': 660}, {'id': 736117, 'force_prepayment': 1, 'capacity': 2, 'prepayment': 'NO', 'nonrefundable': 0, 'cancellation_period': 0, 'cancellation_fee': 'NO', 'breakfast': 0, 'base_price': 6400, 'prices': [6400], 'price': 6400, 'old_price': 6400, 'currency': 'RUB', 'payment_amount': 0, 'extras_variants': [], 'extras': [], 'rate_id': 283, 'deals': [], 'cancellation_type': 'free', 'credit_card': 0, 'bonus': 1280, 'miles': 512, 'min_stay': 1, 'mircashback': 640}, {'id': 736115, 'force_prepayment': 1, 'capacity': 2, 'prepayment': 'NO', 'nonrefundable': 0, 'cancellation_period': 0, 'cancellation_fee': 'NO', 'breakfast': 1, 'base_price': 8800, 'prices': [8800], 'price': 8800, 'old_price': 8800, 'currency': 'RUB', 'payment_amount': 0, 'extras_variants': [], 'extras': [], 'rate_id': 282, 'deals': [], 'cancellation_type': 'free', 'credit_card': 0, 'bonus': 1760, 'miles': 704, 'min_stay': 1, 'mircashback': 880}, {'id': '736116P', 'force_prepayment': 1, 'capacity': 1, 'prepayment': 'FULL', 'nonrefundable': 0, 'cancellation_period': 0, 'cancellation_fee': 'NO', 'breakfast': 0, 'base_price': 5400, 'prices': [5400], 'price': 5400, 'old_price': 5400, 'currency': 'RUB', 'payment_amount': 5400, 'extras_variants': [], 'extras': [], 'rate_id': 283, 'deals': [], 'cancellation_type': 'free', 'credit_card': 0, 'bonus': 1080, 'miles': 432, 'min_stay': 1, 'mircashback': 540}, {'id': '736114P', 'force_prepayment': 1, 'capacity': 1, 'prepayment': 'FULL', 'nonrefundable': 0, 'cancellation_period': 0, 'cancellation_fee': 'NO', 'breakfast': 1, 'base_price': 6600, 'prices': [6600], 'price': 6600, 'old_price': 6600, 'currency': 'RUB', 'payment_amount': 6600, 'extras_variants': [], 'extras': [], 'rate_id': 282, 'deals': [], 'cancellation_type': 'free', 'credit_card': 0, 'bonus': 1320, 'miles': 528, 'min_stay': 1, 'mircashback': 660}, {'id': '736117P', 'force_prepayment': 1, 'capacity': 2, 'prepayment': 'FULL', 'nonrefundable': 0, 'cancellation_period': 0, 'cancellation_fee': 'NO', 'breakfast': 0, 'base_price': 6400, 'prices': [6400], 'price': 6400, 'old_price': 6400, 'currency': 'RUB', 'payment_amount': 6400, 'extras_variants': [], 'extras': [], 'rate_id': 283, 'deals': [], 'cancellation_type': 'free', 'credit_card': 0, 'bonus': 1280, 'miles': 512, 'min_stay': 1, 'mircashback': 640}, {'id': '736115P', 'force_prepayment': 1, 'capacity': 2, 'prepayment': 'FULL', 'nonrefundable': 0, 'cancellation_period': 0, 'cancellation_fee': 'NO', 'breakfast': 1, 'base_price': 8800, 'prices': [8800], 'price': 8800, 'old_price': 8800, 'currency': 'RUB', 'payment_amount': 8800, 'extras_variants': [], 'extras': [], 'rate_id': 282, 'deals': [], 'cancellation_type': 'free', 'credit_card': 0, 'bonus': 1760, 'miles': 704, 'min_stay': 1, 'mircashback': 880}]",5400.0,432,560072_101hotels,2025-05-12
2286098,,Business Suite,2,2,0,1,Сьюит,27,11,"[{'double': 1, 'sofa': 1}]","[{'number': '1', 'min_age': '0', 'max_age': '7', 'is_extra_bed': '0', 'extra_bed_type_id': '0'}]","[{'id': 922259, 'force_prepayment': 1, 'capacity': 1, 'prepayment': 'NO', 'nonrefundable': 0, 'cancellation_period': 0, 'cancellation_fee': 'NO', 'breakfast': 0, 'base_price': 7800, 'prices': [7800], 'price': 7800, 'old_price': 7800, 'currency': 'RUB', 'payment_amount': 0, 'extras_variants': [], 'extras': [], 'rate_id': 283, 'deals': [], 'cancellation_type': 'free', 'credit_card': 0, 'bonus': 1560, 'miles': 624, 'min_stay': 1, 'mircashback': 780}, {'id': 922257, 'force_prepayment': 1, 'capacity': 1, 'prepayment': 'NO', 'nonrefundable': 0, 'cancellation_period': 0, 'cancellation_fee': 'NO', 'breakfast': 1, 'base_price': 9000, 'prices': [9000], 'price': 9000, 'old_price': 9000, 'currency': 'RUB', 'payment_amount': 0, 'extras_variants': [], 'extras': [], 'rate_id': 282, 'deals': [], 'cancellation_type': 'free', 'credit_card': 0, 'bonus': 1800, 'miles': 720, 'min_stay': 1, 'mircashback': 900}, {'id': 922260, 'force_prepayment': 1, 'capacity': 2, 'prepayment': 'NO', 'nonrefundable': 0, 'cancellation_period': 0, 'cancellation_fee': 'NO', 'breakfast': 0, 'base_price': 8800, 'prices': [8800], 'price': 8800, 'old_price': 8800, 'currency': 'RUB', 'payment_amount': 0, 'extras_variants': [], 'extras': [], 'rate_id': 283, 'deals': [], 'cancellation_type': 'free', 'credit_card': 0, 'bonus': 1760, 'miles': 704, 'min_stay': 1, 'mircashback': 880}, {'id': 922258, 'force_prepayment': 1, 'capacity': 2, 'prepayment': 'NO', 'nonrefundable': 0, 'cancellation_period': 0, 'cancellation_fee': 'NO', 'breakfast': 1, 'base_price': 11200, 'prices': [11200], 'price': 11200, 'old_price': 11200, 'currency': 'RUB', 'payment_amount': 0, 'extras_variants': [], 'extras': [], 'rate_id': 282, 'deals': [], 'cancellation_type': 'free', 'credit_card': 0, 'bonus': 2240, 'miles': 896, 'min_stay': 1, 'mircashback': 1120}, {'id': '922259P', 'force_prepayment': 1, 'capacity': 1, 'prepayment': 'FULL', 'nonrefundable': 0, 'cancellation_period': 0, 'cancellation_fee': 'NO', 'breakfast': 0, 'base_price': 7800, 'prices': [7800], 'price': 7800, 'old_price': 7800, 'currency': 'RUB', 'payment_amount': 7800, 'extras_variants': [], 'extras': [], 'rate_id': 283, 'deals': [], 'cancellation_type': 'free', 'credit_card': 0, 'bonus': 1560, 'miles': 624, 'min_stay': 1, 'mircashback': 780}, {'id': '922257P', 'force_prepayment': 1, 'capacity': 1, 'prepayment': 'FULL', 'nonrefundable': 0, 'cancellation_period': 0, 'cancellation_fee': 'NO', 'breakfast': 1, 'base_price': 9000, 'prices': [9000], 'price': 9000, 'old_price': 9000, 'currency': 'RUB', 'payment_amount': 9000, 'extras_variants': [], 'extras': [], 'rate_id': 282, 'deals': [], 'cancellation_type': 'free', 'credit_card': 0, 'bonus': 1800, 'miles': 720, 'min_stay': 1, 'mircashback': 900}, {'id': '922260P', 'force_prepayment': 1, 'capacity': 2, 'prepayment': 'FULL', 'nonrefundable': 0, 'cancellation_period': 0, 'cancellation_fee': 'NO', 'breakfast': 0, 'base_price': 8800, 'prices': [8800], 'price': 8800, 'old_price': 8800, 'currency': 'RUB', 'payment_amount': 8800, 'extras_variants': [], 'extras': [], 'rate_id': 283, 'deals': [], 'cancellation_type': 'free', 'credit_card': 0, 'bonus': 1760, 'miles': 704, 'min_stay': 1, 'mircashback': 880}, {'id': '922258P', 'force_prepayment': 1, 'capacity': 2, 'prepayment': 'FULL', 'nonrefundable': 0, 'cancellation_period': 0, 'cancellation_fee': 'NO', 'breakfast': 1, 'base_price': 11200, 'prices': [11200], 'price': 11200, 'old_price': 11200, 'currency': 'RUB', 'payment_amount': 11200, 'extras_variants': [], 'extras': [], 'rate_id': 282, 'deals': [], 'cancellation_type': 'free', 'credit_card': 0, 'bonus': 2240, 'miles': 896, 'min_stay': 1, 'mircashback': 1120}]",7800.0,624,560072_101hotels,2025-05-12
2297021,,Grand Deluxe,2,1,0,1,Супериор,113,21,"[{'double': 1}, {'sofa': 1}]","[{'number': '1', 'min_age': '0', 'max_age': '7', 'is_extra_bed': '0', 'extra_bed_type_id': '0'}]","[{'id': 1016161, 'force_prepayment': 1, 'capacity': 1, 'prepayment': 'NO', 'nonrefundable': 0, 'cancellation_period': 0, 'cancellation_fee': 'NO', 'breakfast': 0, 'base_price': 5900, 'prices': [5900], 'price': 5900, 'old_price': 5900, 'currency': 'RUB', 'payment_amount': 0, 'extras_variants': [], 'extras': [], 'rate_id': 283, 'deals': [], 'cancellation_type': 'free', 'credit_card': 0, 'bonus': 1180, 'miles': 472, 'min_stay': 1, 'mircashback': 590}, {'id': 1016159, 'force_prepayment': 1, 'capacity': 1, 'prepayment': 'NO', 'nonrefundable': 0, 'cancellation_period': 0, 'cancellation_fee': 'NO', 'breakfast': 1, 'base_price': 7100, 'prices': [7100], 'price': 7100, 'old_price': 7100, 'currency': 'RUB', 'payment_amount': 0, 'extras_variants': [], 'extras': [], 'rate_id': 282, 'deals': [], 'cancellation_type': 'free', 'credit_card': 0, 'bonus': 1420, 'miles': 568, 'min_stay': 1, 'mircashback': 710}, {'id': 1016162, 'force_prepayment': 1, 'capacity': 2, 'prepayment': 'NO', 'nonrefundable': 0, 'cancellation_period': 0, 'cancellation_fee': 'NO', 'breakfast': 0, 'base_price': 6900, 'prices': [6900], 'price': 6900, 'old_price': 6900, 'currency': 'RUB', 'payment_amount': 0, 'extras_variants': [], 'extras': [], 'rate_id': 283, 'deals': [], 'cancellation_type': 'free', 'credit_card': 0, 'bonus': 1380, 'miles': 552, 'min_stay': 1, 'mircashback': 690}, {'id': 1016160, 'force_prepayment': 1, 'capacity': 2, 'prepayment': 'NO', 'nonrefundable': 0, 'cancellation_period': 0, 'cancellation_fee': 'NO', 'breakfast': 1, 'base_price': 9300, 'prices': [9300], 'price': 9300, 'old_price': 9300, 'currency': 'RUB', 'payment_amount': 0, 'extras_variants': [], 'extras': [], 'rate_id': 282, 'deals': [], 'cancellation_type': 'free', 'credit_card': 0, 'bonus': 1860, 'miles': 744, 'min_stay': 1, 'mircashback': 930}, {'id': '1016161P', 'force_prepayment': 1, 'capacity': 1, 'prepayment': 'FULL', 'nonrefundable': 0, 'cancellation_period': 0, 'cancellation_fee': 'NO', 'breakfast': 0, 'base_price': 5900, 'prices': [5900], 'price': 5900, 'old_price': 5900, 'currency': 'RUB', 'payment_amount': 5900, 'extras_variants': [], 'extras': [], 'rate_id': 283, 'deals': [], 'cancellation_type': 'free', 'credit_card': 0, 'bonus': 1180, 'miles': 472, 'min_stay': 1, 'mircashback': 590}, {'id': '1016159P', 'force_prepayment': 1, 'capacity': 1, 'prepayment': 'FULL', 'nonrefundable': 0, 'cancellation_period': 0, 'cancellation_fee': 'NO', 'breakfast': 1, 'base_price': 7100, 'prices': [7100], 'price': 7100, 'old_price': 7100, 'currency': 'RUB', 'payment_amount': 7100, 'extras_variants': [], 'extras': [], 'rate_id': 282, 'deals': [], 'cancellation_type': 'free', 'credit_card': 0, 'bonus': 1420, 'miles': 568, 'min_stay': 1, 'mircashback': 710}, {'id': '1016162P', 'force_prepayment': 1, 'capacity': 2, 'prepayment': 'FULL', 'nonrefundable': 0, 'cancellation_period': 0, 'cancellation_fee': 'NO', 'breakfast': 0, 'base_price': 6900, 'prices': [6900], 'price': 6900, 'old_price': 6900, 'currency': 'RUB', 'payment_amount': 6900, 'extras_variants': [], 'extras': [], 'rate_id': 283, 'deals': [], 'cancellation_type': 'free', 'credit_card': 0, 'bonus': 1380, 'miles': 552, 'min_stay': 1, 'mircashback': 690}, {'id': '1016160P', 'force_prepayment': 1, 'capacity': 2, 'prepayment': 'FULL', 'nonrefundable': 0, 'cancellation_period': 0, 'cancellation_fee': 'NO', 'breakfast': 1, 'base_price': 9300, 'prices': [9300], 'price': 9300, 'old_price': 9300, 'currency': 'RUB', 'payment_amount': 9300, 'extras_variants': [], 'extras': [], 'rate_id': 282, 'deals': [], 'cancellation_type': 'free', 'credit_card': 0, 'bonus': 1860, 'miles': 744, 'min_stay': 1, 'mircashback': 930}]",5900.0,472,560072_101hotels,2025-05-12
5740,,Стандартный Первой категории,2,1,0,1,Двухместный,2,8,"[{'single': 2}, {'double': 1}]",[],"[{'id': 264885, 'force_prepayment': 0, 'capacity': 1, 'prepayment': 'NO', 'nonrefundable': 0, 'cancellation_period': 0, 'cancellation_fee': 'NO', 'breakfast': 1, 'base_price': 4200, 'prices': [4200], 'price': 4200, 'old_price': 0, 'currency': 'RUB', 'payment_amount': 0, 'extras_variants': [], 'extras': [], 'rate_id': 861, 'deals': [], 'cancellation_type': 'free', 'credit_card': 0, 'bonus': 840, 'miles': 336, 'min_stay': 1, 'mircashback': 420}, {'id': 264886, 'force_prepayment': 0, 'capacity': 2, 'prepayment': 'NO', 'nonrefundable': 0, 'cancellation_period': 0, 'cancellation_fee': 'NO', 'breakfast': 1, 'base_price': 4800, 'prices': [4800], 'price': 4800, 'old_price': 0, 'currency': 'RUB', 'payment_amount': 0, 'extras_variants': [], 'extras': [], 'rate_id': 861, 'deals': [], 'cancellation_type': 'free', 'credit_card': 0, 'bonus': 960, 'miles': 384, 'min_stay': 1, 'mircashback': 480}]",4200.0,336,222_101hotels,2025-05-12
5741,,,2,1,0,1,Студио,5,1,[{'double': 1}],[],"[{'id': 264887, 'force_prepayment': 0, 'capacity': 1, 'prepayment': 'NO', 'nonrefundable': 0, 'cancellation_period': 0, 'cancellation_fee': 'NO', 'breakfast': 1, 'base_price': 4700, 'prices': [4700], 'price': 4700, 'old_price': 0, 'currency': 'RUB', 'payment_amount': 0, 'extras_variants': [], 'extras': [], 'rate_id': 861, 'deals': [], 'cancellation_type': 'free', 'credit_card': 0, 'bonus': 940, 'miles': 376, 'min_stay': 1, 'mircashback': 470}, {'id': 264888, 'force_prepayment': 0, 'capacity': 2, 'prepayment': 'NO', 'nonrefundable': 0, 'cancellation_period': 0, 'cancellation_fee': 'NO', 'breakfast': 1, 'base_price': 5300, 'prices': [5300], 'price': 5300, 'old_price': 0, 'currency': 'RUB', 'payment_amount': 0, 'extras_variants': [], 'extras': [], 'rate_id': 861, 'deals': [], 'cancellation_type': 'free', 'credit_card': 0, 'bonus': 1060, 'miles': 424, 'min_stay': 1, 'mircashback': 530}]",4700.0,376,222_101hotels,2025-05-12
19575,,Стандарт Double,2,0,0,1,Двухместный,2,2,[{'double': 1}],"[{'number': '1', 'min_age': '0', 'max_age': '6', 'is_extra_bed': '0', 'extra_bed_type_id': '0'}]","[{'id': 661642, 'force_prepayment': 0, 'capacity': 1, 'prepayment': 'FULL', 'nonrefundable': 0, 'cancellation_period': 1, 'cancellation_fee': 'FIRST', 'breakfast': 0, 'base_price': 4400, 'prices': [4400], 'price': 3960, 'old_price': 4400, 'currency': 'RUB', 'payment_amount': 4400, 'extras_variants': [], 'extras': [], 'rate_id': 25742, 'deals': ['MIN_STAY'], 'cancellation_type': 'special', 'credit_card': 1, 'bonus': 792, 'miles': 316, 'min_stay': 1, 'mircashback': 396}, {'id': 706386, 'force_prepayment': 0, 'capacity': 1, 'prepayment': 'FIRST', 'nonrefundable': 0, 'cancellation_period': 1, 'cancellation_fee': 'FIRST', 'breakfast': 1, 'base_price': 5400, 'prices': [5400], 'price': 5400, 'old_price': 5400, 'currency': 'RUB', 'payment_amount': 5400, 'extras_variants': [], 'extras': [], 'rate_id': 28923, 'deals': [], 'cancellation_type': 'special', 'credit_card': 1, 'bonus': 1080, 'miles': 432, 'min_stay': 1, 'mircashback': 540}, {'id': 659522, 'force_prepayment': 0, 'capacity': 1, 'prepayment': 'NO', 'nonrefundable': 0, 'cancellation_period': 0, 'cancellation_fee': 'NO', 'breakfast': 1, 'base_price': 5508, 'prices': [5508], 'price': 5508, 'old_price': 5508, 'currency': 'RUB', 'payment_amount': 0, 'extras_variants': [], 'extras': [], 'rate_id': 25605, 'deals': [], 'cancellation_type': 'free', 'credit_card': 0, 'bonus': 1102, 'miles': 440, 'min_stay': 1, 'mircashback': 551}, {'id': 496040, 'force_prepayment': 0, 'capacity': 1, 'prepayment': 'FIRST', 'nonrefundable': 0, 'cancellation_period': 1, 'cancellation_fee': 'FIRST', 'breakfast': 2, 'base_price': 6900, 'prices': [6900], 'price': 6900, 'old_price': 6900, 'currency': 'RUB', 'payment_amount': 6900, 'extras_variants': [], 'extras': [], 'rate_id': 14062, 'deals': [], 'cancellation_type': 'special', 'credit_card': 1, 'bonus': 1380, 'miles': 552, 'min_stay': 1, 'mircashback': 690}, {'id': 661643, 'force_prepayment': 0, 'capacity': 2, 'prepayment': 'FULL', 'nonrefundable': 0, 'cancellation_period': 1, 'cancellation_fee': 'FIRST', 'breakfast': 0, 'base_price': 4500, 'prices': [4500], 'price': 4050, 'old_price': 4500, 'currency': 'RUB', 'payment_amount': 4500, 'extras_variants': [], 'extras': [], 'rate_id': 25742, 'deals': ['MIN_STAY'], 'cancellation_type': 'special', 'credit_card': 1, 'bonus': 810, 'miles': 324, 'min_stay': 1, 'mircashback': 405}, {'id': 706387, 'force_prepayment': 0, 'capacity': 2, 'prepayment': 'FIRST', 'nonrefundable': 0, 'cancellation_period': 1, 'cancellation_fee': 'FIRST', 'breakfast': 1, 'base_price': 6150, 'prices': [6150], 'price': 6150, 'old_price': 6150, 'currency': 'RUB', 'payment_amount': 6150, 'extras_variants': [], 'extras': [], 'rate_id': 28923, 'deals': [], 'cancellation_type': 'special', 'credit_card': 1, 'bonus': 1230, 'miles': 492, 'min_stay': 1, 'mircashback': 615}, {'id': 659523, 'force_prepayment': 0, 'capacity': 2, 'prepayment': 'NO', 'nonrefundable': 0, 'cancellation_period': 0, 'cancellation_fee': 'NO', 'breakfast': 1, 'base_price': 6273, 'prices': [6273], 'price': 6273, 'old_price': 6273, 'currency': 'RUB', 'payment_amount': 0, 'extras_variants': [], 'extras': [], 'rate_id': 25605, 'deals': [], 'cancellation_type': 'free', 'credit_card': 0, 'bonus': 1255, 'miles': 500, 'min_stay': 1, 'mircashback': 627}, {'id': 496041, 'force_prepayment': 0, 'capacity': 2, 'prepayment': 'FIRST', 'nonrefundable': 0, 'cancellation_period': 1, 'cancellation_fee': 'FIRST', 'breakfast': 2, 'base_price': 9150, 'prices': [9150], 'price': 9150, 'old_price': 9150, 'currency': 'RUB', 'payment_amount': 9150, 'extras_variants': [], 'extras': [], 'rate_id': 14062, 'deals': [], 'cancellation_type': 'special', 'credit_card': 1, 'bonus': 1830, 'miles': 732, 'min_stay': 1, 'mircashback': 915}]",3960.0,316,4060_101hotels,2025-05-12
19576,,Стандарт Twin,2,0,0,1,Двухместный,2,7,[{'single': 2}],"[{'number': '1', 'min_age': '0', 'max_age': '6', 'is_extra_bed': '0', 'extra_bed_type_id': '0'}]","[{'id': 661644, 'force_prepayment': 0, 'capacity': 1, 'prepayment': 'FULL', 'nonrefundable': 0, 'cancellation_period': 1, 'cancellation_fee': 'FIRST', 'breakfast': 0, 'base_price': 4400, 'prices': [4400], 'price': 3960, 'old_price': 4400, 'currency': 'RUB', 'payment_amount': 4400, 'extras_variants': [], 'extras': [], 'rate_id': 25742, 'deals': ['MIN_STAY'], 'cancellation_type': 'special', 'credit_card': 1, 'bonus': 792, 'miles': 316, 'min_stay': 1, 'mircashback': 396}, {'id': 706388, 'force_prepayment': 0, 'capacity': 1, 'prepayment': 'FIRST', 'nonrefundable': 0, 'cancellation_period': 1, 'cancellation_fee': 'FIRST', 'breakfast': 1, 'base_price': 5400, 'prices': [5400], 'price': 5400, 'old_price': 5400, 'currency': 'RUB', 'payment_amount': 5400, 'extras_variants': [], 'extras': [], 'rate_id': 28923, 'deals': [], 'cancellation_type': 'special', 'credit_card': 1, 'bonus': 1080, 'miles': 432, 'min_stay': 1, 'mircashback': 540}, {'id': 659524, 'force_prepayment': 0, 'capacity': 1, 'prepayment': 'NO', 'nonrefundable': 0, 'cancellation_period': 0, 'cancellation_fee': 'NO', 'breakfast': 1, 'base_price': 5508, 'prices': [5508], 'price': 5508, 'old_price': 5508, 'currency': 'RUB', 'payment_amount': 0, 'extras_variants': [], 'extras': [], 'rate_id': 25605, 'deals': [], 'cancellation_type': 'free', 'credit_card': 0, 'bonus': 1102, 'miles': 440, 'min_stay': 1, 'mircashback': 551}, {'id': 496042, 'force_prepayment': 0, 'capacity': 1, 'prepayment': 'FIRST', 'nonrefundable': 0, 'cancellation_period': 1, 'cancellation_fee': 'FIRST', 'breakfast': 2, 'base_price': 6900, 'prices': [6900], 'price': 6900, 'old_price': 6900, 'currency': 'RUB', 'payment_amount': 6900, 'extras_variants': [], 'extras': [], 'rate_id': 14062, 'deals': [], 'cancellation_type': 'special', 'credit_card': 1, 'bonus': 1380, 'miles': 552, 'min_stay': 1, 'mircashback': 690}, {'id': 661645, 'force_prepayment': 0, 'capacity': 2, 'prepayment': 'FULL', 'nonrefundable': 0, 'cancellation_period': 1, 'cancellation_fee': 'FIRST', 'breakfast': 0, 'base_price': 4500, 'prices': [4500], 'price': 4050, 'old_price': 4500, 'currency': 'RUB', 'payment_amount': 4500, 'extras_variants': [], 'extras': [], 'rate_id': 25742, 'deals': ['MIN_STAY'], 'cancellation_type': 'special', 'credit_card': 1, 'bonus': 810, 'miles': 324, 'min_stay': 1, 'mircashback': 405}, {'id': 706389, 'force_prepayment': 0, 'capacity': 2, 'prepayment': 'FIRST', 'nonrefundable': 0, 'cancellation_period': 1, 'cancellation_fee': 'FIRST', 'breakfast': 1, 'base_price': 6150, 'prices': [6150], 'price': 6150, 'old_price': 6150, 'currency': 'RUB', 'payment_amount': 6150, 'extras_variants': [], 'extras': [], 'rate_id': 28923, 'deals': [], 'cancellation_type': 'special', 'credit_card': 1, 'bonus': 1230, 'miles': 492, 'min_stay': 1, 'mircashback': 615}, {'id': 659525, 'force_prepayment': 0, 'capacity': 2, 'prepayment': 'NO', 'nonrefundable': 0, 'cancellation_period': 0, 'cancellation_fee': 'NO', 'breakfast': 1, 'base_price': 6273, 'prices': [6273], 'price': 6273, 'old_price': 6273, 'currency': 'RUB', 'payment_amount': 0, 'extras_variants': [], 'extras': [], 'rate_id': 25605, 'deals': [], 'cancellation_type': 'free', 'credit_card': 0, 'bonus': 1255, 'miles': 500, 'min_stay': 1, 'mircashback': 627}, {'id': 496043, 'force_prepayment': 0, 'capacity': 2, 'prepayment': 'FIRST', 'nonrefundable': 0, 'cancellation_period': 1, 'cancellation_fee': 'FIRST', 'breakfast': 2, 'base_price': 9150, 'prices': [9150], 'price': 9150, 'old_price': 9150, 'currency': 'RUB', 'payment_amount': 9150, 'extras_variants': [], 'extras': [], 'rate_id': 14062, 'deals': [], 'cancellation_type': 'special', 'credit_card': 1, 'bonus': 1830, 'miles': 732, 'min_stay': 1, 'mircashback': 915}]",3960.0,316,4060_101hotels,2025-05-12
46273,,Junior Suite,2,0,0,1,Полулюкс,4,1,[{'double': 1}],[],"[{'id': 661648, 'force_prepayment': 0, 'capacity': 1, 'prepayment': 'FULL', 'nonrefundable': 0, 'cancellation_period': 1, 'cancellation_fee': 'FIRST', 'breakfast': 0, 'base_price': 5300, 'prices': [5300], 'price': 4770, 'old_price': 5300, 'currency': 'RUB', 'payment_amount': 5300, 'extras_variants': [], 'extras': [], 'rate_id': 25742, 'deals': ['MIN_STAY'], 'cancellation_type': 'special', 'credit_card': 1, 'bonus': 954, 'miles': 380, 'min_stay': 1, 'mircashback': 477}, {'id': 706393, 'force_prepayment': 0, 'capacity': 1, 'prepayment': 'FIRST', 'nonrefundable': 0, 'cancellation_period': 1, 'cancellation_fee': 'FIRST', 'breakfast': 1, 'base_price': 6300, 'prices': [6300], 'price': 6300, 'old_price': 6300, 'currency': 'RUB', 'payment_amount': 6300, 'extras_variants': [], 'extras': [], 'rate_id': 28923, 'deals': [], 'cancellation_type': 'special', 'credit_card': 1, 'bonus': 1260, 'miles': 504, 'min_stay': 1, 'mircashback': 630}, {'id': 659528, 'force_prepayment': 0, 'capacity': 1, 'prepayment': 'NO', 'nonrefundable': 0, 'cancellation_period': 0, 'cancellation_fee': 'NO', 'breakfast': 1, 'base_price': 6426, 'prices': [6426], 'price': 6426, 'old_price': 6426, 'currency': 'RUB', 'payment_amount': 0, 'extras_variants': [], 'extras': [], 'rate_id': 25605, 'deals': [], 'cancellation_type': 'free', 'credit_card': 0, 'bonus': 1285, 'miles': 512, 'min_stay': 1, 'mircashback': 643}, {'id': 496046, 'force_prepayment': 0, 'capacity': 1, 'prepayment': 'FIRST', 'nonrefundable': 0, 'cancellation_period': 1, 'cancellation_fee': 'FIRST', 'breakfast': 2, 'base_price': 7800, 'prices': [7800], 'price': 7800, 'old_price': 7800, 'currency': 'RUB', 'payment_amount': 7800, 'extras_variants': [], 'extras': [], 'rate_id': 14062, 'deals': [], 'cancellation_type': 'special', 'credit_card': 1, 'bonus': 1560, 'miles': 624, 'min_stay': 1, 'mircashback': 780}, {'id': 661649, 'force_prepayment': 0, 'capacity': 2, 'prepayment': 'FULL', 'nonrefundable': 0, 'cancellation_period': 1, 'cancellation_fee': 'FIRST', 'breakfast': 0, 'base_price': 5400, 'prices': [5400], 'price': 4860, 'old_price': 5400, 'currency': 'RUB', 'payment_amount': 5400, 'extras_variants': [], 'extras': [], 'rate_id': 25742, 'deals': ['MIN_STAY'], 'cancellation_type': 'special', 'credit_card': 1, 'bonus': 972, 'miles': 388, 'min_stay': 1, 'mircashback': 486}, {'id': 706394, 'force_prepayment': 0, 'capacity': 2, 'prepayment': 'FIRST', 'nonrefundable': 0, 'cancellation_period': 1, 'cancellation_fee': 'FIRST', 'breakfast': 1, 'base_price': 7050, 'prices': [7050], 'price': 7050, 'old_price': 7050, 'currency': 'RUB', 'payment_amount': 7050, 'extras_variants': [], 'extras': [], 'rate_id': 28923, 'deals': [], 'cancellation_type': 'special', 'credit_card': 1, 'bonus': 1410, 'miles': 564, 'min_stay': 1, 'mircashback': 705}, {'id': 659529, 'force_prepayment': 0, 'capacity': 2, 'prepayment': 'NO', 'nonrefundable': 0, 'cancellation_period': 0, 'cancellation_fee': 'NO', 'breakfast': 1, 'base_price': 7191, 'prices': [7191], 'price': 7191, 'old_price': 7191, 'currency': 'RUB', 'payment_amount': 0, 'extras_variants': [], 'extras': [], 'rate_id': 25605, 'deals': [], 'cancellation_type': 'free', 'credit_card': 0, 'bonus': 1438, 'miles': 572, 'min_stay': 1, 'mircashback': 719}, {'id': 496047, 'force_prepayment': 0, 'capacity': 2, 'prepayment': 'FIRST', 'nonrefundable': 0, 'cancellation_period': 1, 'cancellation_fee': 'FIRST', 'breakfast': 2, 'base_price': 10050, 'prices': [10050], 'price': 10050, 'old_price': 10050, 'currency': 'RUB', 'payment_amount': 10050, 'extras_variants': [], 'extras': [], 'rate_id': 14062, 'deals': [], 'cancellation_type': 'special', 'credit_card': 1, 'bonus': 2010, 'miles': 804, 'min_stay': 1, 'mircashback': 1005}]",4770.0,380,4060_101hotels,2025-05-12
1749939,,Улучшенный,2,1,0,1,Двухместный,2,1,"[{'single': 2, 'f-chair': 1}, {'double': 1, 'f-chair': 1}]","[{'number': '1', 'min_age': '0', 'max_age': '6', 'is_extra_bed': '0', 'extra_bed_type_id': '0'}]","[{'id': 661646, 'force_prepayment': 0, 'capacity': 1, 'prepayment': 'FULL', 'nonrefundable': 0, 'cancellation_period': 1, 'cancellation_fee': 'FIRST', 'breakfast': 0, 'base_price': 4700, 'prices': [4700], 'price': 4230, 'old_price': 4700, 'currency': 'RUB', 'payment_amount': 4700, 'extras_variants': [], 'extras': [], 'rate_id': 25742, 'deals': ['MIN_STAY'], 'cancellation_type': 'special', 'credit_card': 1, 'bonus': 846, 'miles': 336, 'min_stay': 1, 'mircashback': 423}, {'id': 706390, 'force_prepayment': 0, 'capacity': 1, 'prepayment': 'FIRST', 'nonrefundable': 0, 'cancellation_period': 1, 'cancellation_fee': 'FIRST', 'breakfast': 1, 'base_price': 5700, 'prices': [5700], 'price': 5700, 'old_price': 5700, 'currency': 'RUB', 'payment_amount': 5700, 'extras_variants': [], 'extras': [], 'rate_id': 28923, 'deals': [], 'cancellation_type': 'special', 'credit_card': 1, 'bonus': 1140, 'miles': 456, 'min_stay': 1, 'mircashback': 570}, {'id': 659526, 'force_prepayment': 0, 'capacity': 1, 'prepayment': 'NO', 'nonrefundable': 0, 'cancellation_period': 0, 'cancellation_fee': 'NO', 'breakfast': 1, 'base_price': 5814, 'prices': [5814], 'price': 5814, 'old_price': 5814, 'currency': 'RUB', 'payment_amount': 0, 'extras_variants': [], 'extras': [], 'rate_id': 25605, 'deals': [], 'cancellation_type': 'free', 'credit_card': 0, 'bonus': 1163, 'miles': 464, 'min_stay': 1, 'mircashback': 581}, {'id': 496044, 'force_prepayment': 0, 'capacity': 1, 'prepayment': 'FIRST', 'nonrefundable': 0, 'cancellation_period': 1, 'cancellation_fee': 'FIRST', 'breakfast': 2, 'base_price': 7200, 'prices': [7200], 'price': 7200, 'old_price': 7200, 'currency': 'RUB', 'payment_amount': 7200, 'extras_variants': [], 'extras': [], 'rate_id': 14062, 'deals': [], 'cancellation_type': 'special', 'credit_card': 1, 'bonus': 1440, 'miles': 576, 'min_stay': 1, 'mircashback': 720}, {'id': 661647, 'force_prepayment': 0, 'capacity': 2, 'prepayment': 'FULL', 'nonrefundable': 0, 'cancellation_period': 1, 'cancellation_fee': 'FIRST', 'breakfast': 0, 'base_price': 4800, 'prices': [4800], 'price': 4320, 'old_price': 4800, 'currency': 'RUB', 'payment_amount': 4800, 'extras_variants': [], 'extras': [], 'rate_id': 25742, 'deals': ['MIN_STAY'], 'cancellation_type': 'special', 'credit_card': 1, 'bonus': 864, 'miles': 344, 'min_stay': 1, 'mircashback': 432}, {'id': 706391, 'force_prepayment': 0, 'capacity': 2, 'prepayment': 'FIRST', 'nonrefundable': 0, 'cancellation_period': 1, 'cancellation_fee': 'FIRST', 'breakfast': 1, 'base_price': 6450, 'prices': [6450], 'price': 6450, 'old_price': 6450, 'currency': 'RUB', 'payment_amount': 6450, 'extras_variants': [], 'extras': [], 'rate_id': 28923, 'deals': [], 'cancellation_type': 'special', 'credit_card': 1, 'bonus': 1290, 'miles': 516, 'min_stay': 1, 'mircashback': 645}, {'id': 659527, 'force_prepayment': 0, 'capacity': 2, 'prepayment': 'NO', 'nonrefundable': 0, 'cancellation_period': 0, 'cancellation_fee': 'NO', 'breakfast': 1, 'base_price': 6579, 'prices': [6579], 'price': 6579, 'old_price': 6579, 'currency': 'RUB', 'payment_amount': 0, 'extras_variants': [], 'extras': [], 'rate_id': 25605, 'deals': [], 'cancellation_type': 'free', 'credit_card': 0, 'bonus': 1316, 'miles': 524, 'min_stay': 1, 'mircashback': 658}, {'id': 496045, 'force_prepayment': 0, 'capacity': 2, 'prepayment': 'FIRST', 'nonrefundable': 0, 'cancellation_period': 1, 'cancellation_fee': 'FIRST', 'breakfast': 2, 'base_price': 9450, 'prices': [9450], 'price': 9450, 'old_price': 9450, 'currency': 'RUB', 'payment_amount': 9450, 'extras_variants': [], 'extras': [], 'rate_id': 14062, 'deals': [], 'cancellation_type': 'special', 'credit_card': 1, 'bonus': 1890, 'miles': 756, 'min_stay': 1, 'mircashback': 945}]",4230.0,336,4060_101hotels,2025-05-12
2273235,,Делюкс с балконом,2,1,0,1,Трёхместный и более,3,1,"[{'double': 1, 's-sofa': 1}, {'single': 2, 's-sofa': 1}]","[{'number': '1', 'min_age': '0', 'max_age': '6', 'is_extra_bed': '0', 'extra_bed_type_id': '0'}]","[{'id': 782463, 'force_prepayment': 0, 'capacity': 1, 'prepayment': 'FULL', 'nonrefundable': 0, 'cancellation_period': 1, 'cancellation_fee': 'FIRST', 'breakfast': 0, 'base_price': 4600, 'prices': [4600], 'price': 4140, 'old_price': 4600, 'currency': 'RUB', 'payment_amount': 4600, 'extras_variants': [], 'extras': [], 'rate_id': 25742, 'deals': ['MIN_STAY'], 'cancellation_type': 'special', 'credit_card': 1, 'bonus': 828, 'miles': 328, 'min_stay': 1, 'mircashback': 414}, {'id': 782467, 'force_prepayment': 0, 'capacity': 1, 'prepayment': 'FIRST', 'nonrefundable': 0, 'cancellation_period': 1, 'cancellation_fee': 'FIRST', 'breakfast': 1, 'base_price': 5600, 'prices': [5600], 'price': 5600, 'old_price': 5600, 'currency': 'RUB', 'payment_amount': 5600, 'extras_variants': [], 'extras': [], 'rate_id': 28923, 'deals': [], 'cancellation_type': 'special', 'credit_card': 1, 'bonus': 1120, 'miles': 448, 'min_stay': 1, 'mircashback': 560}, {'id': 782465, 'force_prepayment': 0, 'capacity': 1, 'prepayment': 'NO', 'nonrefundable': 0, 'cancellation_period': 0, 'cancellation_fee': 'NO', 'breakfast': 1, 'base_price': 5712, 'prices': [5712], 'price': 5712, 'old_price': 5712, 'currency': 'RUB', 'payment_amount': 0, 'extras_variants': [], 'extras': [], 'rate_id': 25605, 'deals': [], 'cancellation_type': 'free', 'credit_card': 0, 'bonus': 1142, 'miles': 456, 'min_stay': 1, 'mircashback': 571}, {'id': 935874, 'force_prepayment': 0, 'capacity': 1, 'prepayment': 'FIRST', 'nonrefundable': 0, 'cancellation_period': 1, 'cancellation_fee': 'FIRST', 'breakfast': 2, 'base_price': 7100, 'prices': [7100], 'price': 7100, 'old_price': 7100, 'currency': 'RUB', 'payment_amount': 7100, 'extras_variants': [], 'extras': [], 'rate_id': 14062, 'deals': [], 'cancellation_type': 'special', 'credit_card': 1, 'bonus': 1420, 'miles': 568, 'min_stay': 1, 'mircashback': 710}, {'id': 782464, 'force_prepayment': 0, 'capacity': 2, 'prepayment': 'FULL', 'nonrefundable': 0, 'cancellation_period': 1, 'cancellation_fee': 'FIRST', 'breakfast': 0, 'base_price': 4650, 'prices': [4650], 'price': 4185, 'old_price': 4650, 'currency': 'RUB', 'payment_amount': 4650, 'extras_variants': [], 'extras': [], 'rate_id': 25742, 'deals': ['MIN_STAY'], 'cancellation_type': 'special', 'credit_card': 1, 'bonus': 837, 'miles': 332, 'min_stay': 1, 'mircashback': 419}, {'id': 782468, 'force_prepayment': 0, 'capacity': 2, 'prepayment': 'FIRST', 'nonrefundable': 0, 'cancellation_period': 1, 'cancellation_fee': 'FIRST', 'breakfast': 1, 'base_price': 6300, 'prices': [6300], 'price': 6300, 'old_price': 6300, 'currency': 'RUB', 'payment_amount': 6300, 'extras_variants': [], 'extras': [], 'rate_id': 28923, 'deals': [], 'cancellation_type': 'special', 'credit_card': 1, 'bonus': 1260, 'miles': 504, 'min_stay': 1, 'mircashback': 630}, {'id': 782466, 'force_prepayment': 0, 'capacity': 2, 'prepayment': 'NO', 'nonrefundable': 0, 'cancellation_period': 0, 'cancellation_fee': 'NO', 'breakfast': 1, 'base_price': 6426, 'prices': [6426], 'price': 6426, 'old_price': 6426, 'currency': 'RUB', 'payment_amount': 0, 'extras_variants': [], 'extras': [], 'rate_id': 25605, 'deals': [], 'cancellation_type': 'free', 'credit_card': 0, 'bonus': 1285, 'miles': 512, 'min_stay': 1, 'mircashback': 643}, {'id': 935875, 'force_prepayment': 0, 'capacity': 2, 'prepayment': 'FIRST', 'nonrefundable': 0, 'cancellation_period': 1, 'cancellation_fee': 'FIRST', 'breakfast': 2, 'base_price': 9300, 'prices': [9300], 'price': 9300, 'old_price': 9300, 'currency': 'RUB', 'payment_amount': 9300, 'extras_variants': [], 'extras': [], 'rate_id': 14062, 'deals': [], 'cancellation_type': 'special', 'credit_card': 1, 'bonus': 1860, 'miles': 744, 'min_stay': 1, 'mircashback': 930}]",4140.0,328,4060_101hotels,2025-05-12
61494,,Double,2,0,0,1,Двухместный,2,2,[{'double': 1}],[],"[{'id': 522138, 'force_prepayment': 0, 'capacity': 1, 'prepayment': 'NO', 'nonrefundable': 0, 'cancellation_period': 0, 'cancellation_fee': 'NO', 'breakfast': 0, 'base_price': 3000, 'prices': [3000], 'price': 3000, 'old_price': 3000, 'currency': 'RUB', 'payment_amount': 0, 'extras_variants': [], 'extras': [], 'rate_id': 15820, 'deals': [], 'cancellation_type': 'free', 'credit_card': 0, 'bonus': 600, 'miles': 240, 'min_stay': 1, 'mircashback': 300}, {'id': 522139, 'force_prepayment': 0, 'capacity': 2, 'prepayment': 'NO', 'nonrefundable': 0, 'cancellation_period': 0, 'cancellation_fee': 'NO', 'breakfast': 0, 'base_price': 3600, 'prices': [3600], 'price': 3600, 'old_price': 3600, 'currency': 'RUB', 'payment_amount': 0, 'extras_variants': [], 'extras': [], 'rate_id': 15820, 'deals': [], 'cancellation_type': 'free', 'credit_card': 0, 'bonus': 720, 'miles': 288, 'min_stay': 1, 'mircashback': 360}]",3000.0,240,10621_101hotels,2025-05-12
61495,,Twin,2,0,0,1,Двухместный,2,3,[{'single': 2}],[],"[{'id': 522140, 'force_prepayment': 0, 'capacity': 1, 'prepayment': 'NO', 'nonrefundable': 0, 'cancellation_period': 0, 'cancellation_fee': 'NO', 'breakfast': 0, 'base_price': 2700, 'prices': [2700], 'price': 2700, 'old_price': 2700, 'currency': 'RUB', 'payment_amount': 0, 'extras_variants': [], 'extras': [], 'rate_id': 15820, 'deals': [], 'cancellation_type': 'free', 'credit_card': 0, 'bonus': 540, 'miles': 216, 'min_stay': 1, 'mircashback': 270}, {'id': 522141, 'force_prepayment': 0, 'capacity': 2, 'prepayment': 'NO', 'nonrefundable': 0, 'cancellation_period': 0, 'cancellation_fee': 'NO', 'breakfast': 0, 'base_price': 3600, 'prices': [3600], 'price': 3600, 'old_price': 3600, 'currency': 'RUB', 'payment_amount': 0, 'extras_variants': [], 'extras': [], 'rate_id': 15820, 'deals': [], 'cancellation_type': 'free', 'credit_card': 0, 'bonus': 720, 'miles': 288, 'min_stay': 1, 'mircashback': 360}]",2700.0,216,10621_101hotels,2025-05-12
61496,,,3,0,0,1,Трехместный,37,2,[{'single': 3}],[],"[{'id': 522144, 'force_prepayment': 0, 'capacity': 1, 'prepayment': 'NO', 'nonrefundable': 0, 'cancellation_period': 0, 'cancellation_fee': 'NO', 'breakfast': 0, 'base_price': 2700, 'prices': [2700], 'price': 2700, 'old_price': 2700, 'currency': 'RUB', 'payment_amount': 0, 'extras_variants': [], 'extras': [], 'rate_id': 15820, 'deals': [], 'cancellation_type': 'free', 'credit_card': 0, 'bonus': 540, 'miles': 216, 'min_stay': 1, 'mircashback': 270}, {'id': 522145, 'force_prepayment': 0, 'capacity': 2, 'prepayment': 'NO', 'nonrefundable': 0, 'cancellation_period': 0, 'cancellation_fee': 'NO', 'breakfast': 0, 'base_price': 3600, 'prices': [3600], 'price': 3600, 'old_price': 3600, 'currency': 'RUB', 'payment_amount': 0, 'extras_variants': [], 'extras': [], 'rate_id': 15820, 'deals': [], 'cancellation_type': 'free', 'credit_card': 0, 'bonus': 720, 'miles': 288, 'min_stay': 1, 'mircashback': 360}, {'id': 522146, 'force_prepayment': 0, 'capacity': 3, 'prepayment': 'NO', 'nonrefundable': 0, 'cancellation_period': 0, 'cancellation_fee': 'NO', 'breakfast': 0, 'base_price': 4200, 'prices': [4200], 'price': 4200, 'old_price': 4200, 'currency': 'RUB', 'payment_amount': 0, 'extras_variants': [], 'extras': [], 'rate_id': 15820, 'deals': [], 'cancellation_type': 'free', 'credit_card': 0, 'bonus': 840, 'miles': 336, 'min_stay': 1, 'mircashback': 420}]",2700.0,216,10621_101hotels,2025-05-12
2270689,,Стандарт,4,0,0,1,Четырехместный,34,1,[{'single': 4}],[],"[{'id': 761983, 'force_prepayment': 0, 'capacity': 1, 'prepayment': 'NO', 'nonrefundable': 0, 'cancellation_period': 0, 'cancellation_fee': 'NO', 'breakfast': 0, 'base_price': 2700, 'prices': [2700], 'price': 2700, 'old_price': 2700, 'currency': 'RUB', 'payment_amount': 0, 'extras_variants': [], 'extras': [], 'rate_id': 15820, 'deals': [], 'cancellation_type': 'free', 'credit_card': 0, 'bonus': 540, 'miles': 216, 'min_stay': 1, 'mircashback': 270}, {'id': 761984, 'force_prepayment': 0, 'capacity': 2, 'prepayment': 'NO', 'nonrefundable': 0, 'cancellation_period': 0, 'cancellation_fee': 'NO', 'breakfast': 0, 'base_price': 3600, 'prices': [3600], 'price': 3600, 'old_price': 3600, 'currency': 'RUB', 'payment_amount': 0, 'extras_variants': [], 'extras': [], 'rate_id': 15820, 'deals': [], 'cancellation_type': 'free', 'credit_card': 0, 'bonus': 720, 'miles': 288, 'min_stay': 1, 'mircashback': 360}, {'id': 761985, 'force_prepayment': 0, 'capacity': 3, 'prepayment': 'NO', 'nonrefundable': 0, 'cancellation_period': 0, 'cancellation_fee': 'NO', 'breakfast': 0, 'base_price': 4200, 'prices': [4200], 'price': 4200, 'old_price': 4200, 'currency': 'RUB', 'payment_amount': 0, 'extras_variants': [], 'extras': [], 'rate_id': 15820, 'deals': [], 'cancellation_type': 'free', 'credit_card': 0, 'bonus': 840, 'miles': 336, 'min_stay': 1, 'mircashback': 420}, {'id': 761986, 'force_prepayment': 0, 'capacity': 4, 'prepayment': 'NO', 'nonrefundable': 0, 'cancellation_period': 0, 'cancellation_fee': 'NO', 'breakfast': 0, 'base_price': 4800, 'prices': [4800], 'price': 4800, 'old_price': 4800, 'currency': 'RUB', 'payment_amount': 0, 'extras_variants': [], 'extras': [], 'rate_id': 15820, 'deals': [], 'cancellation_type': 'free', 'credit_card': 0, 'bonus': 960, 'miles': 384, 'min_stay': 1, 'mircashback': 480}]",2700.0,216,10621_101hotels,2025-05-12
2236946,,Четырехместная на ул. Красных Мадьяр 14/2 Радуга,2,0,0,1,Студио,5,1,"[{'double': 1, 'sofa': 1}]","[{'number': '1', 'min_age': '0', 'max_age': '3', 'is_extra_bed': '0', 'extra_bed_type_id': '0'}]","[{'id': 445201, 'force_prepayment': 0, 'capacity': 1, 'prepayment': 'FIRST', 'nonrefundable': 0, 'cancellation_period': 2, 'cancellation_fee': 'FIRST', 'breakfast': 0, 'base_price': 3750, 'prices': [3750], 'price': 3187.5, 'old_price': 3750, 'currency': 'RUB', 'payment_amount': 3750, 'extras_variants': [], 'extras': [], 'rate_id': 10638, 'deals': ['BASE'], 'cancellation_type': 'special', 'credit_card': 1, 'bonus': 638, 'miles': 252, 'min_stay': 1, 'mircashback': 319}, {'id': 445202, 'force_prepayment': 0, 'capacity': 2, 'prepayment': 'FIRST', 'nonrefundable': 0, 'cancellation_period': 2, 'cancellation_fee': 'FIRST', 'breakfast': 0, 'base_price': 3750, 'prices': [3750], 'price': 3187.5, 'old_price': 3750, 'currency': 'RUB', 'payment_amount': 3750, 'extras_variants': [], 'extras': [], 'rate_id': 10638, 'deals': ['BASE'], 'cancellation_type': 'special', 'credit_card': 1, 'bonus': 638, 'miles': 252, 'min_stay': 1, 'mircashback': 319}]",3187.5,252,655145_101hotels,2025-05-12
2236963,,"Четырехместная студия на ул. Красных Мадьяр, 14/2",2,0,0,1,Двухместный,2,1,"[{'double': 1, 'sofa': 1}]","[{'number': '1', 'min_age': '0', 'max_age': '3', 'is_extra_bed': '0', 'extra_bed_type_id': '0'}]","[{'id': 445200, 'force_prepayment': 0, 'capacity': 1, 'prepayment': 'FIRST', 'nonrefundable': 0, 'cancellation_period': 2, 'cancellation_fee': 'FIRST', 'breakfast': 0, 'base_price': 3770, 'prices': [3770], 'price': 3204.5, 'old_price': 3770, 'currency': 'RUB', 'payment_amount': 3770, 'extras_variants': [], 'extras': [], 'rate_id': 10638, 'deals': ['BASE'], 'cancellation_type': 'special', 'credit_card': 1, 'bonus': 641, 'miles': 256, 'min_stay': 1, 'mircashback': 320}, {'id': 475428, 'force_prepayment': 0, 'capacity': 2, 'prepayment': 'FIRST', 'nonrefundable': 0, 'cancellation_period': 2, 'cancellation_fee': 'FIRST', 'breakfast': 0, 'base_price': 3770, 'prices': [3770], 'price': 3204.5, 'old_price': 3770, 'currency': 'RUB', 'payment_amount': 3770, 'extras_variants': [], 'extras': [], 'rate_id': 10638, 'deals': ['BASE'], 'cancellation_type': 'special', 'credit_card': 1, 'bonus': 641, 'miles': 256, 'min_stay': 1, 'mircashback': 320}]",3204.5,256,655145_101hotels,2025-05-12
2236971,,"Улучшенные на ул. Красных Мадьяр, 14/2",2,0,0,1,Апартаменты,14,1,"[{'single': 1, 'sofa': 1}]","[{'number': '1', 'min_age': '0', 'max_age': '3', 'is_extra_bed': '0', 'extra_bed_type_id': '0'}]","[{'id': 445203, 'force_prepayment': 0, 'capacity': 1, 'prepayment': 'FIRST', 'nonrefundable': 0, 'cancellation_period': 2, 'cancellation_fee': 'FIRST', 'breakfast': 0, 'base_price': 4290, 'prices': [4290], 'price': 3646.5, 'old_price': 4290, 'currency': 'RUB', 'payment_amount': 4290, 'extras_variants': [], 'extras': [], 'rate_id': 10638, 'deals': ['BASE'], 'cancellation_type': 'special', 'credit_card': 1, 'bonus': 729, 'miles': 288, 'min_stay': 1, 'mircashback': 365}, {'id': 520167, 'force_prepayment': 0, 'capacity': 2, 'prepayment': 'FIRST', 'nonrefundable': 0, 'cancellation_period': 2, 'cancellation_fee': 'FIRST', 'breakfast': 0, 'base_price': 4290, 'prices': [4290], 'price': 3646.5, 'old_price': 4290, 'currency': 'RUB', 'payment_amount': 4290, 'extras_variants': [], 'extras': [], 'rate_id': 10638, 'deals': ['BASE'], 'cancellation_type': 'special', 'credit_card': 1, 'bonus': 729, 'miles': 288, 'min_stay': 1, 'mircashback': 365}]",3646.5,288,655145_101hotels,2025-05-12
2243378,,Комфортабельные на Седова 71,2,0,0,1,Апартаменты,14,1,"[{'double': 1, 'sofa': 1}]","[{'number': '1', 'min_age': '0', 'max_age': '3', 'is_extra_bed': '0', 'extra_bed_type_id': '0'}]","[{'id': 522253, 'force_prepayment': 0, 'capacity': 1, 'prepayment': 'FIRST', 'nonrefundable': 0, 'cancellation_period': 2, 'cancellation_fee': 'FIRST', 'breakfast': 0, 'base_price': 4250, 'prices': [4250], 'price': 3612.5, 'old_price': 4250, 'currency': 'RUB', 'payment_amount': 4250, 'extras_variants': [], 'extras': [], 'rate_id': 10638, 'deals': ['BASE'], 'cancellation_type': 'special', 'credit_card': 1, 'bonus': 723, 'miles': 288, 'min_stay': 1, 'mircashback': 361}, {'id': 522254, 'force_prepayment': 0, 'capacity': 2, 'prepayment': 'FIRST', 'nonrefundable': 0, 'cancellation_period': 2, 'cancellation_fee': 'FIRST', 'breakfast': 0, 'base_price': 4250, 'prices': [4250], 'price': 3612.5, 'old_price': 4250, 'currency': 'RUB', 'payment_amount': 4250, 'extras_variants': [], 'extras': [], 'rate_id': 10638, 'deals': ['BASE'], 'cancellation_type': 'special', 'credit_card': 1, 'bonus': 723, 'miles': 288, 'min_stay': 1, 'mircashback': 361}]",3612.5,288,655145_101hotels,2025-05-12
1567278,,Twin,2,0,0,1,Двухместный,2,11,"[{'single': 2}, {'g-double': 1}]",[],"[{'id': 250516, 'force_prepayment': 0, 'capacity': 1, 'prepayment': 'FULL', 'nonrefundable': 0, 'cancellation_period': 0, 'cancellation_fee': 'NO', 'breakfast': 1, 'base_price': 2800, 'prices': [2800], 'price': 2800, 'old_price': 2800, 'currency': 'RUB', 'payment_amount': 2800, 'extras_variants': [], 'extras': [], 'rate_id': 210, 'deals': [], 'cancellation_type': 'free', 'credit_card': 1, 'bonus': 560, 'miles': 224, 'min_stay': 1, 'mircashback': 280}, {'id': 946701, 'force_prepayment': 0, 'capacity': 1, 'prepayment': 'FIRST', 'nonrefundable': 1, 'cancellation_period': 0, 'cancellation_fee': 'FIRST', 'breakfast': 0, 'base_price': 2800, 'prices': [2800], 'price': 2520, 'old_price': 2800, 'currency': 'RUB', 'payment_amount': 2800, 'extras_variants': [], 'extras': [], 'rate_id': 44088, 'deals': ['LAST_MINUTE'], 'cancellation_type': 'nonrefundable', 'credit_card': 1, 'bonus': 504, 'miles': 200, 'min_stay': 1, 'mircashback': 252}, {'id': 250517, 'force_prepayment': 0, 'capacity': 2, 'prepayment': 'FULL', 'nonrefundable': 0, 'cancellation_period': 0, 'cancellation_fee': 'NO', 'breakfast': 1, 'base_price': 3300, 'prices': [3300], 'price': 3300, 'old_price': 3300, 'currency': 'RUB', 'payment_amount': 3300, 'extras_variants': [], 'extras': [], 'rate_id': 210, 'deals': [], 'cancellation_type': 'free', 'credit_card': 1, 'bonus': 660, 'miles': 264, 'min_stay': 1, 'mircashback': 330}, {'id': 946702, 'force_prepayment': 0, 'capacity': 2, 'prepayment': 'FIRST', 'nonrefundable': 1, 'cancellation_period': 0, 'cancellation_fee': 'FIRST', 'breakfast': 0, 'base_price': 3300, 'prices': [3300], 'price': 2970, 'old_price': 3300, 'currency': 'RUB', 'payment_amount': 3300, 'extras_variants': [], 'extras': [], 'rate_id': 44088, 'deals': ['LAST_MINUTE'], 'cancellation_type': 'nonrefundable', 'credit_card': 1, 'bonus': 594, 'miles': 236, 'min_stay': 1, 'mircashback': 297}]",2520.0,200,485323_101hotels,2025-05-12
1567279,,,3,0,0,1,Семейный,44,2,"[{'single': 3}, {'single': 1, 'g-double': 1}]",[],"[{'id': 250523, 'force_prepayment': 0, 'capacity': 1, 'prepayment': 'FULL', 'nonrefundable': 0, 'cancellation_period': 0, 'cancellation_fee': 'NO', 'breakfast': 1, 'base_price': 3300, 'prices': [3300], 'price': 3300, 'old_price': 3300, 'currency': 'RUB', 'payment_amount': 3300, 'extras_variants': [], 'extras': [], 'rate_id': 210, 'deals': [], 'cancellation_type': 'free', 'credit_card': 1, 'bonus': 660, 'miles': 264, 'min_stay': 1, 'mircashback': 330}, {'id': 946708, 'force_prepayment': 0, 'capacity': 1, 'prepayment': 'FIRST', 'nonrefundable': 1, 'cancellation_period': 0, 'cancellation_fee': 'FIRST', 'breakfast': 0, 'base_price': 3300, 'prices': [3300], 'price': 2970, 'old_price': 3300, 'currency': 'RUB', 'payment_amount': 3300, 'extras_variants': [], 'extras': [], 'rate_id': 44088, 'deals': ['LAST_MINUTE'], 'cancellation_type': 'nonrefundable', 'credit_card': 1, 'bonus': 594, 'miles': 236, 'min_stay': 1, 'mircashback': 297}, {'id': 250524, 'force_prepayment': 0, 'capacity': 2, 'prepayment': 'FULL', 'nonrefundable': 0, 'cancellation_period': 0, 'cancellation_fee': 'NO', 'breakfast': 1, 'base_price': 4100, 'prices': [4100], 'price': 4100, 'old_price': 4100, 'currency': 'RUB', 'payment_amount': 4100, 'extras_variants': [], 'extras': [], 'rate_id': 210, 'deals': [], 'cancellation_type': 'free', 'credit_card': 1, 'bonus': 820, 'miles': 328, 'min_stay': 1, 'mircashback': 410}, {'id': 946709, 'force_prepayment': 0, 'capacity': 2, 'prepayment': 'FIRST', 'nonrefundable': 1, 'cancellation_period': 0, 'cancellation_fee': 'FIRST', 'breakfast': 0, 'base_price': 4100, 'prices': [4100], 'price': 3690, 'old_price': 4100, 'currency': 'RUB', 'payment_amount': 4100, 'extras_variants': [], 'extras': [], 'rate_id': 44088, 'deals': ['LAST_MINUTE'], 'cancellation_type': 'nonrefundable', 'credit_card': 1, 'bonus': 738, 'miles': 292, 'min_stay': 1, 'mircashback': 369}, {'id': 250525, 'force_prepayment': 0, 'capacity': 3, 'prepayment': 'FULL', 'nonrefundable': 0, 'cancellation_period': 0, 'cancellation_fee': 'NO', 'breakfast': 1, 'base_price': 4800, 'prices': [4800], 'price': 4800, 'old_price': 4800, 'currency': 'RUB', 'payment_amount': 4800, 'extras_variants': [], 'extras': [], 'rate_id': 210, 'deals': [], 'cancellation_type': 'free', 'credit_card': 1, 'bonus': 960, 'miles': 384, 'min_stay': 1, 'mircashback': 480}, {'id': 946710, 'force_prepayment': 0, 'capacity': 3, 'prepayment': 'FIRST', 'nonrefundable': 1, 'cancellation_period': 0, 'cancellation_fee': 'FIRST', 'breakfast': 0, 'base_price': 4800, 'prices': [4800], 'price': 4320, 'old_price': 4800, 'currency': 'RUB', 'payment_amount': 4800, 'extras_variants': [], 'extras': [], 'rate_id': 44088, 'deals': ['LAST_MINUTE'], 'cancellation_type': 'nonrefundable', 'credit_card': 1, 'bonus': 864, 'miles': 344, 'min_stay': 1, 'mircashback': 432}]",2970.0,236,485323_101hotels,2025-05-12
1567280,,,3,0,0,1,Апартаменты,14,1,"[{'single': 1, 'double': 1}]",[],"[{'id': 250520, 'force_prepayment': 0, 'capacity': 1, 'prepayment': 'FULL', 'nonrefundable': 0, 'cancellation_period': 0, 'cancellation_fee': 'NO', 'breakfast': 1, 'base_price': 5000, 'prices': [5000], 'price': 5000, 'old_price': 5000, 'currency': 'RUB', 'payment_amount': 5000, 'extras_variants': [], 'extras': [], 'rate_id': 210, 'deals': [], 'cancellation_type': 'free', 'credit_card': 1, 'bonus': 1000, 'miles': 400, 'min_stay': 1, 'mircashback': 500}, {'id': 946705, 'force_prepayment': 0, 'capacity': 1, 'prepayment': 'FIRST', 'nonrefundable': 1, 'cancellation_period': 0, 'cancellation_fee': 'FIRST', 'breakfast': 0, 'base_price': 5000, 'prices': [5000], 'price': 4500, 'old_price': 5000, 'currency': 'RUB', 'payment_amount': 5000, 'extras_variants': [], 'extras': [], 'rate_id': 44088, 'deals': ['LAST_MINUTE'], 'cancellation_type': 'nonrefundable', 'credit_card': 1, 'bonus': 900, 'miles': 360, 'min_stay': 1, 'mircashback': 450}, {'id': 250521, 'force_prepayment': 0, 'capacity': 2, 'prepayment': 'FULL', 'nonrefundable': 0, 'cancellation_period': 0, 'cancellation_fee': 'NO', 'breakfast': 1, 'base_price': 5400, 'prices': [5400], 'price': 5400, 'old_price': 5400, 'currency': 'RUB', 'payment_amount': 5400, 'extras_variants': [], 'extras': [], 'rate_id': 210, 'deals': [], 'cancellation_type': 'free', 'credit_card': 1, 'bonus': 1080, 'miles': 432, 'min_stay': 1, 'mircashback': 540}, {'id': 946706, 'force_prepayment': 0, 'capacity': 2, 'prepayment': 'FIRST', 'nonrefundable': 1, 'cancellation_period': 0, 'cancellation_fee': 'FIRST', 'breakfast': 0, 'base_price': 5400, 'prices': [5400], 'price': 4860, 'old_price': 5400, 'currency': 'RUB', 'payment_amount': 5400, 'extras_variants': [], 'extras': [], 'rate_id': 44088, 'deals': ['LAST_MINUTE'], 'cancellation_type': 'nonrefundable', 'credit_card': 1, 'bonus': 972, 'miles': 388, 'min_stay': 1, 'mircashback': 486}, {'id': 250522, 'force_prepayment': 0, 'capacity': 3, 'prepayment': 'FULL', 'nonrefundable': 0, 'cancellation_period': 0, 'cancellation_fee': 'NO', 'breakfast': 1, 'base_price': 5400, 'prices': [5400], 'price': 5400, 'old_price': 5400, 'currency': 'RUB', 'payment_amount': 5400, 'extras_variants': [], 'extras': [], 'rate_id': 210, 'deals': [], 'cancellation_type': 'free', 'credit_card': 1, 'bonus': 1080, 'miles': 432, 'min_stay': 1, 'mircashback': 540}, {'id': 946707, 'force_prepayment': 0, 'capacity': 3, 'prepayment': 'FIRST', 'nonrefundable': 1, 'cancellation_period': 0, 'cancellation_fee': 'FIRST', 'breakfast': 0, 'base_price': 5400, 'prices': [5400], 'price': 4860, 'old_price': 5400, 'currency': 'RUB', 'payment_amount': 5400, 'extras_variants': [], 'extras': [], 'rate_id': 44088, 'deals': ['LAST_MINUTE'], 'cancellation_type': 'nonrefundable', 'credit_card': 1, 'bonus': 972, 'miles': 388, 'min_stay': 1, 'mircashback': 486}]",4500.0,360,485323_101hotels,2025-05-12
1567281,,С 1 кроватью,2,0,0,1,Двухместный,2,3,[{'single': 1}],[],"[{'id': 250518, 'force_prepayment': 0, 'capacity': 1, 'prepayment': 'FULL', 'nonrefundable': 0, 'cancellation_period': 0, 'cancellation_fee': 'NO', 'breakfast': 1, 'base_price': 2800, 'prices': [2800], 'price': 2800, 'old_price': 2800, 'currency': 'RUB', 'payment_amount': 2800, 'extras_variants': [], 'extras': [], 'rate_id': 210, 'deals': [], 'cancellation_type': 'free', 'credit_card': 1, 'bonus': 560, 'miles': 224, 'min_stay': 1, 'mircashback': 280}, {'id': 946703, 'force_prepayment': 0, 'capacity': 1, 'prepayment': 'FIRST', 'nonrefundable': 1, 'cancellation_period': 0, 'cancellation_fee': 'FIRST', 'breakfast': 0, 'base_price': 2800, 'prices': [2800], 'price': 2520, 'old_price': 2800, 'currency': 'RUB', 'payment_amount': 2800, 'extras_variants': [], 'extras': [], 'rate_id': 44088, 'deals': ['LAST_MINUTE'], 'cancellation_type': 'nonrefundable', 'credit_card': 1, 'bonus': 504, 'miles': 200, 'min_stay': 1, 'mircashback': 252}, {'id': 250519, 'force_prepayment': 0, 'capacity': 2, 'prepayment': 'FULL', 'nonrefundable': 0, 'cancellation_period': 0, 'cancellation_fee': 'NO', 'breakfast': 1, 'base_price': 3300, 'prices': [3300], 'price': 3300, 'old_price': 3300, 'currency': 'RUB', 'payment_amount': 3300, 'extras_variants': [], 'extras': [], 'rate_id': 210, 'deals': [], 'cancellation_type': 'free', 'credit_card': 1, 'bonus': 660, 'miles': 264, 'min_stay': 1, 'mircashback': 330}, {'id': 946704, 'force_prepayment': 0, 'capacity': 2, 'prepayment': 'FIRST', 'nonrefundable': 1, 'cancellation_period': 0, 'cancellation_fee': 'FIRST', 'breakfast': 0, 'base_price': 3300, 'prices': [3300], 'price': 2970, 'old_price': 3300, 'currency': 'RUB', 'payment_amount': 3300, 'extras_variants': [], 'extras': [], 'rate_id': 44088, 'deals': ['LAST_MINUTE'], 'cancellation_type': 'nonrefundable', 'credit_card': 1, 'bonus': 594, 'miles': 236, 'min_stay': 1, 'mircashback': 297}]",2520.0,200,485323_101hotels,2025-05-12
77895,,,1,0,0,1,Одноместный,1,1,[{'double': 1}],[],"[{'id': 763191, 'force_prepayment': 0, 'capacity': 1, 'prepayment': 'FULL', 'nonrefundable': 0, 'cancellation_period': 2, 'cancellation_fee': 'FIRST', 'breakfast': 0, 'base_price': 3000, 'prices': [3000], 'price': 3000, 'old_price': 3000, 'currency': 'RUB', 'payment_amount': 3000, 'extras_variants': [], 'extras': [], 'rate_id': 33575, 'deals': [], 'cancellation_type': 'special', 'credit_card': 1, 'bonus': 600, 'miles': 240, 'min_stay': 1, 'mircashback': 300}]",3000.0,240,14970_101hotels,2025-05-12
2249149,,Койко-место в 3-- местном номере,3,0,1,0,Трехместный,37,7,[{'single': 3}],[],"[{'id': 763216, 'force_prepayment': 0, 'capacity': 1, 'prepayment': 'FULL', 'nonrefundable': 0, 'cancellation_period': 2, 'cancellation_fee': 'FIRST', 'breakfast': 0, 'base_price': 1200, 'prices': [1200], 'price': 1200, 'old_price': 1200, 'currency': 'RUB', 'payment_amount': 1200, 'extras_variants': [], 'extras': [], 'rate_id': 33578, 'deals': [], 'cancellation_type': 'special', 'credit_card': 1, 'bonus': 240, 'miles': 96, 'min_stay': 1, 'mircashback': 120}]",1200.0,96,14970_101hotels,2025-05-12
2249153,,Комфорт,1,0,1,1,Одноместный,1,4,[{'double': 1}],[],"[{'id': 763219, 'force_prepayment': 0, 'capacity': 1, 'prepayment': 'FULL', 'nonrefundable': 0, 'cancellation_period': 2, 'cancellation_fee': 'FIRST', 'breakfast': 0, 'base_price': 3700, 'prices': [3700], 'price': 3700, 'old_price': 3700, 'currency': 'RUB', 'payment_amount': 3700, 'extras_variants': [], 'extras': [], 'rate_id': 33579, 'deals': [], 'cancellation_type': 'special', 'credit_card': 1, 'bonus': 740, 'miles': 296, 'min_stay': 1, 'mircashback': 370}]",3700.0,296,14970_101hotels,2025-05-12
2283654,,В новом доме с видом на реку Иркут,2,0,0,1,Квартира,33,1,[{'sofa': 1}],[],"[{'id': 886427, 'force_prepayment': 0, 'capacity': 1, 'prepayment': 'FULL', 'nonrefundable': 0, 'cancellation_period': 0, 'cancellation_fee': 'NO', 'breakfast': 0, 'base_price': 2450, 'prices': [2450], 'price': 2450, 'old_price': 2450, 'currency': 'RUB', 'payment_amount': 2450, 'extras_variants': [], 'extras': [], 'rate_id': 40848, 'deals': [], 'cancellation_type': 'free', 'credit_card': 1, 'bonus': 490, 'miles': 196, 'min_stay': 1, 'mircashback': 245}, {'id': 886428, 'force_prepayment': 0, 'capacity': 2, 'prepayment': 'FULL', 'nonrefundable': 0, 'cancellation_period': 0, 'cancellation_fee': 'NO', 'breakfast': 0, 'base_price': 2450, 'prices': [2450], 'price': 2450, 'old_price': 2450, 'currency': 'RUB', 'payment_amount': 2450, 'extras_variants': [], 'extras': [], 'rate_id': 40848, 'deals': [], 'cancellation_type': 'free', 'credit_card': 1, 'bonus': 490, 'miles': 196, 'min_stay': 1, 'mircashback': 245}]",2450.0,196,669053_101hotels,2025-05-12
2266175,,Уютные студии на Семена Лагоды,2,0,0,1,Апартаменты,14,1,[{'double': 1}],[],"[{'id': 731091, 'force_prepayment': 0, 'capacity': 1, 'prepayment': 'FULL', 'nonrefundable': 0, 'cancellation_period': 0, 'cancellation_fee': 'NO', 'breakfast': 0, 'base_price': 3237, 'prices': [3237], 'price': 3237, 'old_price': 3237, 'currency': 'RUB', 'payment_amount': 3237, 'extras_variants': [], 'extras': [], 'rate_id': 30902, 'deals': [], 'cancellation_type': 'free', 'credit_card': 1, 'bonus': 647, 'miles': 256, 'min_stay': 1, 'mircashback': 324}, {'id': 731092, 'force_prepayment': 0, 'capacity': 2, 'prepayment': 'FULL', 'nonrefundable': 0, 'cancellation_period': 0, 'cancellation_fee': 'NO', 'breakfast': 0, 'base_price': 3237, 'prices': [3237], 'price': 3237, 'old_price': 3237, 'currency': 'RUB', 'payment_amount': 3237, 'extras_variants': [], 'extras': [], 'rate_id': 30902, 'deals': [], 'cancellation_type': 'free', 'credit_card': 1, 'bonus': 647, 'miles': 256, 'min_stay': 1, 'mircashback': 324}]",3237.0,256,662866_101hotels,2025-05-12
2276016,,Студия gray с балконом,2,0,0,1,Двухместный,2,1,[{'double': 1}],[],"[{'id': 803185, 'force_prepayment': 0, 'capacity': 1, 'prepayment': 'FULL', 'nonrefundable': 0, 'cancellation_period': 0, 'cancellation_fee': 'NO', 'breakfast': 0, 'base_price': 3237, 'prices': [3237], 'price': 3237, 'old_price': 3237, 'currency': 'RUB', 'payment_amount': 3237, 'extras_variants': [], 'extras': [], 'rate_id': 30902, 'deals': [], 'cancellation_type': 'free', 'credit_card': 1, 'bonus': 647, 'miles': 256, 'min_stay': 1, 'mircashback': 324}, {'id': 803186, 'force_prepayment': 0, 'capacity': 2, 'prepayment': 'FULL', 'nonrefundable': 0, 'cancellation_period': 0, 'cancellation_fee': 'NO', 'breakfast': 0, 'base_price': 3237, 'prices': [3237], 'price': 3237, 'old_price': 3237, 'currency': 'RUB', 'payment_amount': 3237, 'extras_variants': [], 'extras': [], 'rate_id': 30902, 'deals': [], 'cancellation_type': 'free', 'credit_card': 1, 'bonus': 647, 'miles': 256, 'min_stay': 1, 'mircashback': 324}]",3237.0,256,662866_101hotels,2025-05-12
2276021,,Студия yellow без балкона,2,0,0,1,Двухместный,2,1,[{'double': 1}],[],"[{'id': 803207, 'force_prepayment': 0, 'capacity': 1, 'prepayment': 'FULL', 'nonrefundable': 0, 'cancellation_period': 0, 'cancellation_fee': 'NO', 'breakfast': 0, 'base_price': 3237, 'prices': [3237], 'price': 3237, 'old_price': 3237, 'currency': 'RUB', 'payment_amount': 3237, 'extras_variants': [], 'extras': [], 'rate_id': 30902, 'deals': [], 'cancellation_type': 'free', 'credit_card': 1, 'bonus': 647, 'miles': 256, 'min_stay': 1, 'mircashback': 324}, {'id': 803208, 'force_prepayment': 0, 'capacity': 2, 'prepayment': 'FULL', 'nonrefundable': 0, 'cancellation_period': 0, 'cancellation_fee': 'NO', 'breakfast': 0, 'base_price': 3237, 'prices': [3237], 'price': 3237, 'old_price': 3237, 'currency': 'RUB', 'payment_amount': 3237, 'extras_variants': [], 'extras': [], 'rate_id': 30902, 'deals': [], 'cancellation_type': 'free', 'credit_card': 1, 'bonus': 647, 'miles': 256, 'min_stay': 1, 'mircashback': 324}]",3237.0,256,662866_101hotels,2025-05-12
2276360,,Уютная студия с балконом,2,0,0,1,Двухместный,2,1,[{'double': 1}],[],"[{'id': 806396, 'force_prepayment': 0, 'capacity': 1, 'prepayment': 'FULL', 'nonrefundable': 0, 'cancellation_period': 0, 'cancellation_fee': 'NO', 'breakfast': 0, 'base_price': 3237, 'prices': [3237], 'price': 3237, 'old_price': 3237, 'currency': 'RUB', 'payment_amount': 3237, 'extras_variants': [], 'extras': [], 'rate_id': 30902, 'deals': [], 'cancellation_type': 'free', 'credit_card': 1, 'bonus': 647, 'miles': 256, 'min_stay': 1, 'mircashback': 324}, {'id': 806397, 'force_prepayment': 0, 'capacity': 2, 'prepayment': 'FULL', 'nonrefundable': 0, 'cancellation_period': 0, 'cancellation_fee': 'NO', 'breakfast': 0, 'base_price': 3237, 'prices': [3237], 'price': 3237, 'old_price': 3237, 'currency': 'RUB', 'payment_amount': 3237, 'extras_variants': [], 'extras': [], 'rate_id': 30902, 'deals': [], 'cancellation_type': 'free', 'credit_card': 1, 'bonus': 647, 'miles': 256, 'min_stay': 1, 'mircashback': 324}]",3237.0,256,662866_101hotels,2025-05-12
33467,,Эконом в блоке из двух номеров,2,0,0,0,Двухместный,2,2,[{'double': 1}],[],"[{'id': 710342, 'force_prepayment': 0, 'capacity': 1, 'prepayment': 'FIRST', 'nonrefundable': 0, 'cancellation_period': 1, 'cancellation_fee': 'FIRST', 'breakfast': 0, 'base_price': 2200, 'prices': [2200], 'price': 2200, 'old_price': 2200, 'currency': 'RUB', 'payment_amount': 2200, 'extras_variants': [], 'extras': [], 'rate_id': 29288, 'deals': [], 'cancellation_type': 'special', 'credit_card': 1, 'bonus': 440, 'miles': 176, 'min_stay': 1, 'mircashback': 220}, {'id': 710343, 'force_prepayment': 0, 'capacity': 2, 'prepayment': 'FIRST', 'nonrefundable': 0, 'cancellation_period': 1, 'cancellation_fee': 'FIRST', 'breakfast': 0, 'base_price': 2200, 'prices': [2200], 'price': 2200, 'old_price': 2200, 'currency': 'RUB', 'payment_amount': 2200, 'extras_variants': [], 'extras': [], 'rate_id': 29288, 'deals': [], 'cancellation_type': 'special', 'credit_card': 1, 'bonus': 440, 'miles': 176, 'min_stay': 1, 'mircashback': 220}]",2200.0,176,7027_101hotels,2025-05-12
33468,,Эконом в блоке из двух номеров,3,0,0,0,Трехместный,37,2,[{'single': 3}],[],"[{'id': 710349, 'force_prepayment': 0, 'capacity': 1, 'prepayment': 'FIRST', 'nonrefundable': 0, 'cancellation_period': 1, 'cancellation_fee': 'FIRST', 'breakfast': 0, 'base_price': 2200, 'prices': [2200], 'price': 2200, 'old_price': 2200, 'currency': 'RUB', 'payment_amount': 2200, 'extras_variants': [], 'extras': [], 'rate_id': 29288, 'deals': [], 'cancellation_type': 'special', 'credit_card': 1, 'bonus': 440, 'miles': 176, 'min_stay': 1, 'mircashback': 220}, {'id': 710350, 'force_prepayment': 0, 'capacity': 2, 'prepayment': 'FIRST', 'nonrefundable': 0, 'cancellation_period': 1, 'cancellation_fee': 'FIRST', 'breakfast': 0, 'base_price': 2200, 'prices': [2200], 'price': 2200, 'old_price': 2200, 'currency': 'RUB', 'payment_amount': 2200, 'extras_variants': [], 'extras': [], 'rate_id': 29288, 'deals': [], 'cancellation_type': 'special', 'credit_card': 1, 'bonus': 440, 'miles': 176, 'min_stay': 1, 'mircashback': 220}, {'id': 710351, 'force_prepayment': 0, 'capacity': 3, 'prepayment': 'FIRST', 'nonrefundable': 0, 'cancellation_period': 1, 'cancellation_fee': 'FIRST', 'breakfast': 0, 'base_price': 3300, 'prices': [3300], 'price': 3300, 'old_price': 3300, 'currency': 'RUB', 'payment_amount': 3300, 'extras_variants': [], 'extras': [], 'rate_id': 29288, 'deals': [], 'cancellation_type': 'special', 'credit_card': 1, 'bonus': 660, 'miles': 264, 'min_stay': 1, 'mircashback': 330}]",2200.0,176,7027_101hotels,2025-05-12
33469,,Стандарт,3,0,0,1,Трехместный,37,1,[{'single': 3}],[],"[{'id': 710352, 'force_prepayment': 0, 'capacity': 1, 'prepayment': 'FIRST', 'nonrefundable': 0, 'cancellation_period': 1, 'cancellation_fee': 'FIRST', 'breakfast': 0, 'base_price': 2200, 'prices': [2200], 'price': 2200, 'old_price': 2200, 'currency': 'RUB', 'payment_amount': 2200, 'extras_variants': [], 'extras': [], 'rate_id': 29288, 'deals': [], 'cancellation_type': 'special', 'credit_card': 1, 'bonus': 440, 'miles': 176, 'min_stay': 1, 'mircashback': 220}, {'id': 710353, 'force_prepayment': 0, 'capacity': 2, 'prepayment': 'FIRST', 'nonrefundable': 0, 'cancellation_period': 1, 'cancellation_fee': 'FIRST', 'breakfast': 0, 'base_price': 2200, 'prices': [2200], 'price': 2200, 'old_price': 2200, 'currency': 'RUB', 'payment_amount': 2200, 'extras_variants': [], 'extras': [], 'rate_id': 29288, 'deals': [], 'cancellation_type': 'special', 'credit_card': 1, 'bonus': 440, 'miles': 176, 'min_stay': 1, 'mircashback': 220}, {'id': 710354, 'force_prepayment': 0, 'capacity': 3, 'prepayment': 'FIRST', 'nonrefundable': 0, 'cancellation_period': 1, 'cancellation_fee': 'FIRST', 'breakfast': 0, 'base_price': 3300, 'prices': [3300], 'price': 3300, 'old_price': 3300, 'currency': 'RUB', 'payment_amount': 3300, 'extras_variants': [], 'extras': [], 'rate_id': 29288, 'deals': [], 'cancellation_type': 'special', 'credit_card': 1, 'bonus': 660, 'miles': 264, 'min_stay': 1, 'mircashback': 330}]",2200.0,176,7027_101hotels,2025-05-12
33470,,Стандарт,4,0,0,1,Четырехместный,34,2,[{'single': 4}],[],"[{'id': 710344, 'force_prepayment': 0, 'capacity': 1, 'prepayment': 'FIRST', 'nonrefundable': 0, 'cancellation_period': 1, 'cancellation_fee': 'FIRST', 'breakfast': 0, 'base_price': 2200, 'prices': [2200], 'price': 2200, 'old_price': 2200, 'currency': 'RUB', 'payment_amount': 2200, 'extras_variants': [], 'extras': [], 'rate_id': 29288, 'deals': [], 'cancellation_type': 'special', 'credit_card': 1, 'bonus': 440, 'miles': 176, 'min_stay': 1, 'mircashback': 220}, {'id': 710345, 'force_prepayment': 0, 'capacity': 2, 'prepayment': 'FIRST', 'nonrefundable': 0, 'cancellation_period': 1, 'cancellation_fee': 'FIRST', 'breakfast': 0, 'base_price': 2200, 'prices': [2200], 'price': 2200, 'old_price': 2200, 'currency': 'RUB', 'payment_amount': 2200, 'extras_variants': [], 'extras': [], 'rate_id': 29288, 'deals': [], 'cancellation_type': 'special', 'credit_card': 1, 'bonus': 440, 'miles': 176, 'min_stay': 1, 'mircashback': 220}, {'id': 710346, 'force_prepayment': 0, 'capacity': 3, 'prepayment': 'FIRST', 'nonrefundable': 0, 'cancellation_period': 1, 'cancellation_fee': 'FIRST', 'breakfast': 0, 'base_price': 4400, 'prices': [4400], 'price': 4400, 'old_price': 4400, 'currency': 'RUB', 'payment_amount': 4400, 'extras_variants': [], 'extras': [], 'rate_id': 29288, 'deals': [], 'cancellation_type': 'special', 'credit_card': 1, 'bonus': 880, 'miles': 352, 'min_stay': 1, 'mircashback': 440}, {'id': 710347, 'force_prepayment': 0, 'capacity': 4, 'prepayment': 'FIRST', 'nonrefundable': 0, 'cancellation_period': 1, 'cancellation_fee': 'FIRST', 'breakfast': 0, 'base_price': 4400, 'prices': [4400], 'price': 4400, 'old_price': 4400, 'currency': 'RUB', 'payment_amount': 4400, 'extras_variants': [], 'extras': [], 'rate_id': 29288, 'deals': [], 'cancellation_type': 'special', 'credit_card': 1, 'bonus': 880, 'miles': 352, 'min_stay': 1, 'mircashback': 440}]",2200.0,176,7027_101hotels,2025-05-12
36156,,"Дорм, Койко-место в номере",6,0,1,1,Шестиместный,36,2,[{'2-tier': 3}],[],"[{'id': 710348, 'force_prepayment': 0, 'capacity': 1, 'prepayment': 'FIRST', 'nonrefundable': 0, 'cancellation_period': 1, 'cancellation_fee': 'FIRST', 'breakfast': 0, 'base_price': 750, 'prices': [750], 'price': 750, 'old_price': 750, 'currency': 'RUB', 'payment_amount': 750, 'extras_variants': [], 'extras': [], 'rate_id': 29288, 'deals': [], 'cancellation_type': 'special', 'credit_card': 1, 'bonus': 150, 'miles': 60, 'min_stay': 1, 'mircashback': 75}]",750.0,60,7027_101hotels,2025-05-12
56009,,Семейный в блоке из двух номеров,3,0,0,0,Трехместный,37,1,"[{'single': 1, 'double': 1}]",[],"[{'id': 710355, 'force_prepayment': 0, 'capacity': 1, 'prepayment': 'FIRST', 'nonrefundable': 0, 'cancellation_period': 1, 'cancellation_fee': 'FIRST', 'breakfast': 0, 'base_price': 2200, 'prices': [2200], 'price': 2200, 'old_price': 2200, 'currency': 'RUB', 'payment_amount': 2200, 'extras_variants': [], 'extras': [], 'rate_id': 29288, 'deals': [], 'cancellation_type': 'special', 'credit_card': 1, 'bonus': 440, 'miles': 176, 'min_stay': 1, 'mircashback': 220}, {'id': 710356, 'force_prepayment': 0, 'capacity': 2, 'prepayment': 'FIRST', 'nonrefundable': 0, 'cancellation_period': 1, 'cancellation_fee': 'FIRST', 'breakfast': 0, 'base_price': 2200, 'prices': [2200], 'price': 2200, 'old_price': 2200, 'currency': 'RUB', 'payment_amount': 2200, 'extras_variants': [], 'extras': [], 'rate_id': 29288, 'deals': [], 'cancellation_type': 'special', 'credit_card': 1, 'bonus': 440, 'miles': 176, 'min_stay': 1, 'mircashback': 220}, {'id': 710357, 'force_prepayment': 0, 'capacity': 3, 'prepayment': 'FIRST', 'nonrefundable': 0, 'cancellation_period': 1, 'cancellation_fee': 'FIRST', 'breakfast': 0, 'base_price': 3300, 'prices': [3300], 'price': 3300, 'old_price': 3300, 'currency': 'RUB', 'payment_amount': 3300, 'extras_variants': [], 'extras': [], 'rate_id': 29288, 'deals': [], 'cancellation_type': 'special', 'credit_card': 1, 'bonus': 660, 'miles': 264, 'min_stay': 1, 'mircashback': 330}]",2200.0,176,7027_101hotels,2025-05-12
350966,,,2,1,0,1,Полулюкс,4,1,[{'double': 1}],[],"[{'id': 667066, 'force_prepayment': 0, 'capacity': 1, 'prepayment': 'FIRST', 'nonrefundable': 0, 'cancellation_period': 1, 'cancellation_fee': 'FIRST', 'breakfast': 0, 'base_price': 5355, 'prices': [5355], 'price': 5355, 'old_price': 5355, 'currency': 'RUB', 'payment_amount': 5355, 'extras_variants': [], 'extras': [], 'rate_id': 26109, 'deals': [], 'cancellation_type': 'special', 'credit_card': 1, 'bonus': 1071, 'miles': 428, 'min_stay': 1, 'mircashback': 536}, {'id': 667079, 'force_prepayment': 0, 'capacity': 1, 'prepayment': 'FIRST', 'nonrefundable': 0, 'cancellation_period': 1, 'cancellation_fee': 'FIRST', 'breakfast': 1, 'base_price': 5850, 'prices': [5850], 'price': 5850, 'old_price': 5850, 'currency': 'RUB', 'payment_amount': 5850, 'extras_variants': [], 'extras': [], 'rate_id': 26111, 'deals': [], 'cancellation_type': 'special', 'credit_card': 1, 'bonus': 1170, 'miles': 468, 'min_stay': 1, 'mircashback': 585}, {'id': 667114, 'force_prepayment': 0, 'capacity': 1, 'prepayment': 'FIRST', 'nonrefundable': 0, 'cancellation_period': 1, 'cancellation_fee': 'FIRST', 'breakfast': 0, 'base_price': 5950, 'prices': [5950], 'price': 5950, 'old_price': 5950, 'currency': 'RUB', 'payment_amount': 5950, 'extras_variants': [], 'extras': [], 'rate_id': 26114, 'deals': [], 'cancellation_type': 'special', 'credit_card': 1, 'bonus': 1190, 'miles': 476, 'min_stay': 1, 'mircashback': 595}, {'id': 667118, 'force_prepayment': 0, 'capacity': 1, 'prepayment': 'FIRST', 'nonrefundable': 0, 'cancellation_period': 1, 'cancellation_fee': 'FIRST', 'breakfast': 1, 'base_price': 6500, 'prices': [6500], 'price': 6500, 'old_price': 6500, 'currency': 'RUB', 'payment_amount': 6500, 'extras_variants': [], 'extras': [], 'rate_id': 26115, 'deals': [], 'cancellation_type': 'special', 'credit_card': 1, 'bonus': 1300, 'miles': 520, 'min_stay': 1, 'mircashback': 650}, {'id': 667083, 'force_prepayment': 0, 'capacity': 1, 'prepayment': 'FIRST', 'nonrefundable': 0, 'cancellation_period': 1, 'cancellation_fee': 'FIRST', 'breakfast': 2, 'base_price': 6795, 'prices': [6795], 'price': 6795, 'old_price': 6795, 'currency': 'RUB', 'payment_amount': 6795, 'extras_variants': [], 'extras': [], 'rate_id': 26112, 'deals': [], 'cancellation_type': 'special', 'credit_card': 1, 'bonus': 1359, 'miles': 540, 'min_stay': 1, 'mircashback': 680}, {'id': 667122, 'force_prepayment': 0, 'capacity': 1, 'prepayment': 'FIRST', 'nonrefundable': 0, 'cancellation_period': 1, 'cancellation_fee': 'FIRST', 'breakfast': 2, 'base_price': 7550, 'prices': [7550], 'price': 7550, 'old_price': 7550, 'currency': 'RUB', 'payment_amount': 7550, 'extras_variants': [], 'extras': [], 'rate_id': 26116, 'deals': [], 'cancellation_type': 'special', 'credit_card': 1, 'bonus': 1510, 'miles': 604, 'min_stay': 1, 'mircashback': 755}, {'id': 667067, 'force_prepayment': 0, 'capacity': 2, 'prepayment': 'FIRST', 'nonrefundable': 0, 'cancellation_period': 1, 'cancellation_fee': 'FIRST', 'breakfast': 0, 'base_price': 6435, 'prices': [6435], 'price': 6435, 'old_price': 6435, 'currency': 'RUB', 'payment_amount': 6435, 'extras_variants': [], 'extras': [], 'rate_id': 26109, 'deals': [], 'cancellation_type': 'special', 'credit_card': 1, 'bonus': 1287, 'miles': 512, 'min_stay': 1, 'mircashback': 644}, {'id': 667115, 'force_prepayment': 0, 'capacity': 2, 'prepayment': 'FIRST', 'nonrefundable': 0, 'cancellation_period': 1, 'cancellation_fee': 'FIRST', 'breakfast': 0, 'base_price': 7150, 'prices': [7150], 'price': 7150, 'old_price': 7150, 'currency': 'RUB', 'payment_amount': 7150, 'extras_variants': [], 'extras': [], 'rate_id': 26114, 'deals': [], 'cancellation_type': 'special', 'credit_card': 1, 'bonus': 1430, 'miles': 572, 'min_stay': 1, 'mircashback': 715}, {'id': 667080, 'force_prepayment': 0, 'capacity': 2, 'prepayment': 'FIRST', 'nonrefundable': 0, 'cancellation_period': 1, 'cancellation_fee': 'FIRST', 'breakfast': 1, 'base_price': 7200, 'prices': [7200], 'price': 7200, 'old_price': 7200, 'currency': 'RUB', 'payment_amount': 7200, 'extras_variants': [], 'extras': [], 'rate_id': 26111, 'deals': [], 'cancellation_type': 'special', 'credit_card': 1, 'bonus': 1440, 'miles': 576, 'min_stay': 1, 'mircashback': 720}, {'id': 667119, 'force_prepayment': 0, 'capacity': 2, 'prepayment': 'FIRST', 'nonrefundable': 0, 'cancellation_period': 1, 'cancellation_fee': 'FIRST', 'breakfast': 1, 'base_price': 8000, 'prices': [8000], 'price': 8000, 'old_price': 8000, 'currency': 'RUB', 'payment_amount': 8000, 'extras_variants': [], 'extras': [], 'rate_id': 26115, 'deals': [], 'cancellation_type': 'special', 'credit_card': 1, 'bonus': 1600, 'miles': 640, 'min_stay': 1, 'mircashback': 800}, {'id': 667084, 'force_prepayment': 0, 'capacity': 2, 'prepayment': 'FIRST', 'nonrefundable': 0, 'cancellation_period': 1, 'cancellation_fee': 'FIRST', 'breakfast': 2, 'base_price': 8955, 'prices': [8955], 'price': 8955, 'old_price': 8955, 'currency': 'RUB', 'payment_amount': 8955, 'extras_variants': [], 'extras': [], 'rate_id': 26112, 'deals': [], 'cancellation_type': 'special', 'credit_card': 1, 'bonus': 1791, 'miles': 716, 'min_stay': 1, 'mircashback': 896}, {'id': 667123, 'force_prepayment': 0, 'capacity': 2, 'prepayment': 'FIRST', 'nonrefundable': 0, 'cancellation_period': 1, 'cancellation_fee': 'FIRST', 'breakfast': 2, 'base_price': 9950, 'prices': [9950], 'price': 9950, 'old_price': 9950, 'currency': 'RUB', 'payment_amount': 9950, 'extras_variants': [], 'extras': [], 'rate_id': 26116, 'deals': [], 'cancellation_type': 'special', 'credit_card': 1, 'bonus': 1990, 'miles': 796, 'min_stay': 1, 'mircashback': 995}]",5355.0,428,100517_101hotels,2025-05-12
350973,,"Стандарт, Double/Twin",2,1,0,1,Двухместный,2,16,"[{'single': 2}, {'double': 1}]",[],"[{'id': 667064, 'force_prepayment': 0, 'capacity': 1, 'prepayment': 'FIRST', 'nonrefundable': 0, 'cancellation_period': 1, 'cancellation_fee': 'FIRST', 'breakfast': 0, 'base_price': 4320, 'prices': [4320], 'price': 4320, 'old_price': 4320, 'currency': 'RUB', 'payment_amount': 4320, 'extras_variants': [], 'extras': [], 'rate_id': 26109, 'deals': [], 'cancellation_type': 'special', 'credit_card': 1, 'bonus': 864, 'miles': 344, 'min_stay': 1, 'mircashback': 432}, {'id': 667112, 'force_prepayment': 0, 'capacity': 1, 'prepayment': 'FIRST', 'nonrefundable': 0, 'cancellation_period': 1, 'cancellation_fee': 'FIRST', 'breakfast': 0, 'base_price': 4800, 'prices': [4800], 'price': 4800, 'old_price': 4800, 'currency': 'RUB', 'payment_amount': 4800, 'extras_variants': [], 'extras': [], 'rate_id': 26114, 'deals': [], 'cancellation_type': 'special', 'credit_card': 1, 'bonus': 960, 'miles': 384, 'min_stay': 1, 'mircashback': 480}, {'id': 667077, 'force_prepayment': 0, 'capacity': 1, 'prepayment': 'FIRST', 'nonrefundable': 0, 'cancellation_period': 1, 'cancellation_fee': 'FIRST', 'breakfast': 1, 'base_price': 4815, 'prices': [4815], 'price': 4815, 'old_price': 4815, 'currency': 'RUB', 'payment_amount': 4815, 'extras_variants': [], 'extras': [], 'rate_id': 26111, 'deals': [], 'cancellation_type': 'special', 'credit_card': 1, 'bonus': 963, 'miles': 384, 'min_stay': 1, 'mircashback': 482}, {'id': 667116, 'force_prepayment': 0, 'capacity': 1, 'prepayment': 'FIRST', 'nonrefundable': 0, 'cancellation_period': 1, 'cancellation_fee': 'FIRST', 'breakfast': 1, 'base_price': 5350, 'prices': [5350], 'price': 5350, 'old_price': 5350, 'currency': 'RUB', 'payment_amount': 5350, 'extras_variants': [], 'extras': [], 'rate_id': 26115, 'deals': [], 'cancellation_type': 'special', 'credit_card': 1, 'bonus': 1070, 'miles': 428, 'min_stay': 1, 'mircashback': 535}, {'id': 667081, 'force_prepayment': 0, 'capacity': 1, 'prepayment': 'FIRST', 'nonrefundable': 0, 'cancellation_period': 1, 'cancellation_fee': 'FIRST', 'breakfast': 2, 'base_price': 6120, 'prices': [6120], 'price': 6120, 'old_price': 6120, 'currency': 'RUB', 'payment_amount': 6120, 'extras_variants': [], 'extras': [], 'rate_id': 26112, 'deals': [], 'cancellation_type': 'special', 'credit_card': 1, 'bonus': 1224, 'miles': 488, 'min_stay': 1, 'mircashback': 612}, {'id': 667120, 'force_prepayment': 0, 'capacity': 1, 'prepayment': 'FIRST', 'nonrefundable': 0, 'cancellation_period': 1, 'cancellation_fee': 'FIRST', 'breakfast': 2, 'base_price': 6800, 'prices': [6800], 'price': 6800, 'old_price': 6800, 'currency': 'RUB', 'payment_amount': 6800, 'extras_variants': [], 'extras': [], 'rate_id': 26116, 'deals': [], 'cancellation_type': 'special', 'credit_card': 1, 'bonus': 1360, 'miles': 544, 'min_stay': 1, 'mircashback': 680}, {'id': 667065, 'force_prepayment': 0, 'capacity': 2, 'prepayment': 'FIRST', 'nonrefundable': 0, 'cancellation_period': 1, 'cancellation_fee': 'FIRST', 'breakfast': 0, 'base_price': 5400, 'prices': [5400], 'price': 5400, 'old_price': 5400, 'currency': 'RUB', 'payment_amount': 5400, 'extras_variants': [], 'extras': [], 'rate_id': 26109, 'deals': [], 'cancellation_type': 'special', 'credit_card': 1, 'bonus': 1080, 'miles': 432, 'min_stay': 1, 'mircashback': 540}, {'id': 667113, 'force_prepayment': 0, 'capacity': 2, 'prepayment': 'FIRST', 'nonrefundable': 0, 'cancellation_period': 1, 'cancellation_fee': 'FIRST', 'breakfast': 0, 'base_price': 6000, 'prices': [6000], 'price': 6000, 'old_price': 6000, 'currency': 'RUB', 'payment_amount': 6000, 'extras_variants': [], 'extras': [], 'rate_id': 26114, 'deals': [], 'cancellation_type': 'special', 'credit_card': 1, 'bonus': 1200, 'miles': 480, 'min_stay': 1, 'mircashback': 600}, {'id': 667078, 'force_prepayment': 0, 'capacity': 2, 'prepayment': 'FIRST', 'nonrefundable': 0, 'cancellation_period': 1, 'cancellation_fee': 'FIRST', 'breakfast': 1, 'base_price': 6165, 'prices': [6165], 'price': 6165, 'old_price': 6165, 'currency': 'RUB', 'payment_amount': 6165, 'extras_variants': [], 'extras': [], 'rate_id': 26111, 'deals': [], 'cancellation_type': 'special', 'credit_card': 1, 'bonus': 1233, 'miles': 492, 'min_stay': 1, 'mircashback': 617}, {'id': 667117, 'force_prepayment': 0, 'capacity': 2, 'prepayment': 'FIRST', 'nonrefundable': 0, 'cancellation_period': 1, 'cancellation_fee': 'FIRST', 'breakfast': 1, 'base_price': 6850, 'prices': [6850], 'price': 6850, 'old_price': 6850, 'currency': 'RUB', 'payment_amount': 6850, 'extras_variants': [], 'extras': [], 'rate_id': 26115, 'deals': [], 'cancellation_type': 'special', 'credit_card': 1, 'bonus': 1370, 'miles': 548, 'min_stay': 1, 'mircashback': 685}, {'id': 667082, 'force_prepayment': 0, 'capacity': 2, 'prepayment': 'FIRST', 'nonrefundable': 0, 'cancellation_period': 1, 'cancellation_fee': 'FIRST', 'breakfast': 2, 'base_price': 8280, 'prices': [8280], 'price': 8280, 'old_price': 8280, 'currency': 'RUB', 'payment_amount': 8280, 'extras_variants': [], 'extras': [], 'rate_id': 26112, 'deals': [], 'cancellation_type': 'special', 'credit_card': 1, 'bonus': 1656, 'miles': 660, 'min_stay': 1, 'mircashback': 828}, {'id': 667121, 'force_prepayment': 0, 'capacity': 2, 'prepayment': 'FIRST', 'nonrefundable': 0, 'cancellation_period': 1, 'cancellation_fee': 'FIRST', 'breakfast': 2, 'base_price': 9200, 'prices': [9200], 'price': 9200, 'old_price': 9200, 'currency': 'RUB', 'payment_amount': 9200, 'extras_variants': [], 'extras': [], 'rate_id': 26116, 'deals': [], 'cancellation_type': 'special', 'credit_card': 1, 'bonus': 1840, 'miles': 736, 'min_stay': 1, 'mircashback': 920}]",4320.0,344,100517_101hotels,2025-05-12
1870579,,С ванной комнатой,1,0,0,1,Одноместный,1,3,[{'single': 1}],[],"[{'id': 269610, 'force_prepayment': 0, 'capacity': 1, 'prepayment': 'NO', 'nonrefundable': 0, 'cancellation_period': 0, 'cancellation_fee': 'NO', 'breakfast': 0, 'base_price': 3000, 'prices': [3000], 'price': 3000, 'old_price': 3000, 'currency': 'RUB', 'payment_amount': 0, 'extras_variants': [], 'extras': [], 'rate_id': 0, 'deals': [], 'cancellation_type': 'free', 'credit_card': 0, 'bonus': 600, 'miles': 240, 'min_stay': 1, 'mircashback': 300}]",3000.0,240,560074_101hotels,2025-05-12
1870580,,С 2 отдельными кроватями и ванной,2,0,0,1,Двухместный,2,3,"[{'single': 2}, {'double': 1}]",[],"[{'id': 269611, 'force_prepayment': 0, 'capacity': 2, 'prepayment': 'NO', 'nonrefundable': 0, 'cancellation_period': 0, 'cancellation_fee': 'NO', 'breakfast': 0, 'base_price': 3000, 'prices': [3000], 'price': 3000, 'old_price': 3000, 'currency': 'RUB', 'payment_amount': 0, 'extras_variants': [], 'extras': [], 'rate_id': 0, 'deals': [], 'cancellation_type': 'free', 'credit_card': 0, 'bonus': 600, 'miles': 240, 'min_stay': 1, 'mircashback': 300}]",3000.0,240,560074_101hotels,2025-05-12
1736289,,,2,1,0,1,Люкс,6,1,"[{'double': 1, 'sofa': 1}]","[{'number': '2', 'min_age': '0', 'max_age': '5', 'is_extra_bed': '0', 'extra_bed_type_id': '0'}, {'number': '1', 'min_age': '3', 'max_age': '17', 'is_extra_bed': '1', 'extra_bed_type_id': '1'}]","[{'id': 279326, 'force_prepayment': 0, 'capacity': 1, 'prepayment': 'FIRST', 'nonrefundable': 0, 'cancellation_period': 1, 'cancellation_fee': 'FIRST', 'breakfast': 0, 'base_price': 5060, 'prices': [5060], 'price': 5060, 'old_price': 5060, 'currency': 'RUB', 'payment_amount': 5060, 'extras_variants': [], 'extras': [], 'rate_id': 1562, 'deals': [], 'cancellation_type': 'special', 'credit_card': 1, 'bonus': 1012, 'miles': 404, 'min_stay': 1, 'mircashback': 506}, {'id': 279306, 'force_prepayment': 0, 'capacity': 1, 'prepayment': 'FIRST', 'nonrefundable': 0, 'cancellation_period': 1, 'cancellation_fee': 'FIRST', 'breakfast': 7, 'base_price': 5500, 'prices': [5500], 'price': 5500, 'old_price': 5500, 'currency': 'RUB', 'payment_amount': 5500, 'extras_variants': [], 'extras': [], 'rate_id': 1560, 'deals': [], 'cancellation_type': 'special', 'credit_card': 1, 'bonus': 1100, 'miles': 440, 'min_stay': 1, 'mircashback': 550}, {'id': 279316, 'force_prepayment': 0, 'capacity': 1, 'prepayment': 'FIRST', 'nonrefundable': 0, 'cancellation_period': 1, 'cancellation_fee': 'FIRST', 'breakfast': 2, 'base_price': 5890, 'prices': [5890], 'price': 5890, 'old_price': 5890, 'currency': 'RUB', 'payment_amount': 5890, 'extras_variants': [], 'extras': [], 'rate_id': 1561, 'deals': [], 'cancellation_type': 'special', 'credit_card': 1, 'bonus': 1178, 'miles': 468, 'min_stay': 1, 'mircashback': 589}, {'id': 279327, 'force_prepayment': 0, 'capacity': 2, 'prepayment': 'FIRST', 'nonrefundable': 0, 'cancellation_period': 1, 'cancellation_fee': 'FIRST', 'breakfast': 0, 'base_price': 5750, 'prices': [5750], 'price': 5750, 'old_price': 5750, 'currency': 'RUB', 'payment_amount': 5750, 'extras_variants': [], 'extras': [], 'rate_id': 1562, 'deals': [], 'cancellation_type': 'special', 'credit_card': 1, 'bonus': 1150, 'miles': 460, 'min_stay': 1, 'mircashback': 575}, {'id': 279307, 'force_prepayment': 0, 'capacity': 2, 'prepayment': 'FIRST', 'nonrefundable': 0, 'cancellation_period': 1, 'cancellation_fee': 'FIRST', 'breakfast': 7, 'base_price': 6250, 'prices': [6250], 'price': 6250, 'old_price': 6250, 'currency': 'RUB', 'payment_amount': 6250, 'extras_variants': [], 'extras': [], 'rate_id': 1560, 'deals': [], 'cancellation_type': 'special', 'credit_card': 1, 'bonus': 1250, 'miles': 500, 'min_stay': 1, 'mircashback': 625}, {'id': 279317, 'force_prepayment': 0, 'capacity': 2, 'prepayment': 'FIRST', 'nonrefundable': 0, 'cancellation_period': 1, 'cancellation_fee': 'FIRST', 'breakfast': 2, 'base_price': 7600, 'prices': [7600], 'price': 7600, 'old_price': 7600, 'currency': 'RUB', 'payment_amount': 7600, 'extras_variants': [], 'extras': [], 'rate_id': 1561, 'deals': [], 'cancellation_type': 'special', 'credit_card': 1, 'bonus': 1520, 'miles': 608, 'min_stay': 1, 'mircashback': 760}]",5060.0,404,514527_101hotels,2025-05-12
1736291,,Комфорт с 1 кроватью,2,0,0,1,Двухместный,2,2,[{'double': 1}],"[{'number': '1', 'min_age': '0', 'max_age': '5', 'is_extra_bed': '0', 'extra_bed_type_id': '0'}]","[{'id': 279320, 'force_prepayment': 0, 'capacity': 1, 'prepayment': 'FIRST', 'nonrefundable': 0, 'cancellation_period': 1, 'cancellation_fee': 'FIRST', 'breakfast': 0, 'base_price': 3910, 'prices': [3910], 'price': 3910, 'old_price': 3910, 'currency': 'RUB', 'payment_amount': 3910, 'extras_variants': [], 'extras': [], 'rate_id': 1562, 'deals': [], 'cancellation_type': 'special', 'credit_card': 1, 'bonus': 782, 'miles': 312, 'min_stay': 1, 'mircashback': 391}, {'id': 279300, 'force_prepayment': 0, 'capacity': 1, 'prepayment': 'FIRST', 'nonrefundable': 0, 'cancellation_period': 1, 'cancellation_fee': 'FIRST', 'breakfast': 7, 'base_price': 4250, 'prices': [4250], 'price': 4250, 'old_price': 4250, 'currency': 'RUB', 'payment_amount': 4250, 'extras_variants': [], 'extras': [], 'rate_id': 1560, 'deals': [], 'cancellation_type': 'special', 'credit_card': 1, 'bonus': 850, 'miles': 340, 'min_stay': 1, 'mircashback': 425}, {'id': 279310, 'force_prepayment': 0, 'capacity': 1, 'prepayment': 'FIRST', 'nonrefundable': 0, 'cancellation_period': 1, 'cancellation_fee': 'FIRST', 'breakfast': 2, 'base_price': 4790, 'prices': [4790], 'price': 4790, 'old_price': 4790, 'currency': 'RUB', 'payment_amount': 4790, 'extras_variants': [], 'extras': [], 'rate_id': 1561, 'deals': [], 'cancellation_type': 'special', 'credit_card': 1, 'bonus': 958, 'miles': 380, 'min_stay': 1, 'mircashback': 479}, {'id': 279321, 'force_prepayment': 0, 'capacity': 2, 'prepayment': 'FIRST', 'nonrefundable': 0, 'cancellation_period': 1, 'cancellation_fee': 'FIRST', 'breakfast': 0, 'base_price': 4600, 'prices': [4600], 'price': 4600, 'old_price': 4600, 'currency': 'RUB', 'payment_amount': 4600, 'extras_variants': [], 'extras': [], 'rate_id': 1562, 'deals': [], 'cancellation_type': 'special', 'credit_card': 1, 'bonus': 920, 'miles': 368, 'min_stay': 1, 'mircashback': 460}, {'id': 279301, 'force_prepayment': 0, 'capacity': 2, 'prepayment': 'FIRST', 'nonrefundable': 0, 'cancellation_period': 1, 'cancellation_fee': 'FIRST', 'breakfast': 7, 'base_price': 5000, 'prices': [5000], 'price': 5000, 'old_price': 5000, 'currency': 'RUB', 'payment_amount': 5000, 'extras_variants': [], 'extras': [], 'rate_id': 1560, 'deals': [], 'cancellation_type': 'special', 'credit_card': 1, 'bonus': 1000, 'miles': 400, 'min_stay': 1, 'mircashback': 500}, {'id': 279311, 'force_prepayment': 0, 'capacity': 2, 'prepayment': 'FIRST', 'nonrefundable': 0, 'cancellation_period': 1, 'cancellation_fee': 'FIRST', 'breakfast': 2, 'base_price': 6500, 'prices': [6500], 'price': 6500, 'old_price': 6500, 'currency': 'RUB', 'payment_amount': 6500, 'extras_variants': [], 'extras': [], 'rate_id': 1561, 'deals': [], 'cancellation_type': 'special', 'credit_card': 1, 'bonus': 1300, 'miles': 520, 'min_stay': 1, 'mircashback': 650}]",3910.0,312,514527_101hotels,2025-05-12
2210762,,,2,1,0,1,Полулюкс,4,1,[{'double': 1}],"[{'number': '1', 'min_age': '0', 'max_age': '5', 'is_extra_bed': '0', 'extra_bed_type_id': '0'}, {'number': '1', 'min_age': '3', 'max_age': '17', 'is_extra_bed': '1', 'extra_bed_type_id': '3'}]","[{'id': 279324, 'force_prepayment': 0, 'capacity': 1, 'prepayment': 'FIRST', 'nonrefundable': 0, 'cancellation_period': 1, 'cancellation_fee': 'FIRST', 'breakfast': 0, 'base_price': 4485, 'prices': [4485], 'price': 4485, 'old_price': 4485, 'currency': 'RUB', 'payment_amount': 4485, 'extras_variants': [], 'extras': [], 'rate_id': 1562, 'deals': [], 'cancellation_type': 'special', 'credit_card': 1, 'bonus': 897, 'miles': 356, 'min_stay': 1, 'mircashback': 449}, {'id': 279304, 'force_prepayment': 0, 'capacity': 1, 'prepayment': 'FIRST', 'nonrefundable': 0, 'cancellation_period': 1, 'cancellation_fee': 'FIRST', 'breakfast': 7, 'base_price': 4875, 'prices': [4875], 'price': 4875, 'old_price': 4875, 'currency': 'RUB', 'payment_amount': 4875, 'extras_variants': [], 'extras': [], 'rate_id': 1560, 'deals': [], 'cancellation_type': 'special', 'credit_card': 1, 'bonus': 975, 'miles': 388, 'min_stay': 1, 'mircashback': 488}, {'id': 279314, 'force_prepayment': 0, 'capacity': 1, 'prepayment': 'FIRST', 'nonrefundable': 0, 'cancellation_period': 1, 'cancellation_fee': 'FIRST', 'breakfast': 2, 'base_price': 5340, 'prices': [5340], 'price': 5340, 'old_price': 5340, 'currency': 'RUB', 'payment_amount': 5340, 'extras_variants': [], 'extras': [], 'rate_id': 1561, 'deals': [], 'cancellation_type': 'special', 'credit_card': 1, 'bonus': 1068, 'miles': 424, 'min_stay': 1, 'mircashback': 534}, {'id': 279325, 'force_prepayment': 0, 'capacity': 2, 'prepayment': 'FIRST', 'nonrefundable': 0, 'cancellation_period': 1, 'cancellation_fee': 'FIRST', 'breakfast': 0, 'base_price': 4945, 'prices': [4945], 'price': 4945, 'old_price': 4945, 'currency': 'RUB', 'payment_amount': 4945, 'extras_variants': [], 'extras': [], 'rate_id': 1562, 'deals': [], 'cancellation_type': 'special', 'credit_card': 1, 'bonus': 989, 'miles': 392, 'min_stay': 1, 'mircashback': 495}, {'id': 279305, 'force_prepayment': 0, 'capacity': 2, 'prepayment': 'FIRST', 'nonrefundable': 0, 'cancellation_period': 1, 'cancellation_fee': 'FIRST', 'breakfast': 7, 'base_price': 5375, 'prices': [5375], 'price': 5375, 'old_price': 5375, 'currency': 'RUB', 'payment_amount': 5375, 'extras_variants': [], 'extras': [], 'rate_id': 1560, 'deals': [], 'cancellation_type': 'special', 'credit_card': 1, 'bonus': 1075, 'miles': 428, 'min_stay': 1, 'mircashback': 538}, {'id': 279315, 'force_prepayment': 0, 'capacity': 2, 'prepayment': 'FIRST', 'nonrefundable': 0, 'cancellation_period': 1, 'cancellation_fee': 'FIRST', 'breakfast': 2, 'base_price': 6830, 'prices': [6830], 'price': 6830, 'old_price': 6830, 'currency': 'RUB', 'payment_amount': 6830, 'extras_variants': [], 'extras': [], 'rate_id': 1561, 'deals': [], 'cancellation_type': 'special', 'credit_card': 1, 'bonus': 1366, 'miles': 544, 'min_stay': 1, 'mircashback': 683}]",4485.0,356,514527_101hotels,2025-05-12
5684,,,2,1,0,1,De Luxe,29,3,[{'double': 1}],[],"[{'id': 265215, 'force_prepayment': 0, 'capacity': 1, 'prepayment': 'NO', 'nonrefundable': 0, 'cancellation_period': 0, 'cancellation_fee': 'NO', 'breakfast': 1, 'base_price': 12000, 'prices': [12000], 'price': 12000, 'old_price': 12000, 'currency': 'RUB', 'payment_amount': 0, 'extras_variants': [], 'extras': [], 'rate_id': 875, 'deals': [], 'cancellation_type': 'free', 'credit_card': 0, 'bonus': 2400, 'miles': 960, 'min_stay': 1, 'mircashback': 1200}, {'id': 265216, 'force_prepayment': 0, 'capacity': 2, 'prepayment': 'NO', 'nonrefundable': 0, 'cancellation_period': 0, 'cancellation_fee': 'NO', 'breakfast': 1, 'base_price': 14000, 'prices': [14000], 'price': 14000, 'old_price': 14000, 'currency': 'RUB', 'payment_amount': 0, 'extras_variants': [], 'extras': [], 'rate_id': 875, 'deals': [], 'cancellation_type': 'free', 'credit_card': 0, 'bonus': 2800, 'miles': 1120, 'min_stay': 1, 'mircashback': 1400}]",12000.0,960,607_101hotels,2025-05-12
5685,,,2,1,0,1,Студио,5,4,[{'double': 1}],[],"[{'id': 265209, 'force_prepayment': 0, 'capacity': 1, 'prepayment': 'NO', 'nonrefundable': 0, 'cancellation_period': 0, 'cancellation_fee': 'NO', 'breakfast': 1, 'base_price': 14500, 'prices': [14500], 'price': 14500, 'old_price': 14500, 'currency': 'RUB', 'payment_amount': 0, 'extras_variants': [], 'extras': [], 'rate_id': 875, 'deals': [], 'cancellation_type': 'free', 'credit_card': 0, 'bonus': 2900, 'miles': 1160, 'min_stay': 1, 'mircashback': 1450}, {'id': 265210, 'force_prepayment': 0, 'capacity': 2, 'prepayment': 'NO', 'nonrefundable': 0, 'cancellation_period': 0, 'cancellation_fee': 'NO', 'breakfast': 1, 'base_price': 16500, 'prices': [16500], 'price': 16500, 'old_price': 16500, 'currency': 'RUB', 'payment_amount': 0, 'extras_variants': [], 'extras': [], 'rate_id': 875, 'deals': [], 'cancellation_type': 'free', 'credit_card': 0, 'bonus': 3300, 'miles': 1320, 'min_stay': 1, 'mircashback': 1650}]",14500.0,1160,607_101hotels,2025-05-12
5686,,Бизнес,2,1,0,1,De Luxe,29,6,[{'double': 1}],[],"[{'id': 265217, 'force_prepayment': 0, 'capacity': 1, 'prepayment': 'NO', 'nonrefundable': 0, 'cancellation_period': 0, 'cancellation_fee': 'NO', 'breakfast': 1, 'base_price': 13500, 'prices': [13500], 'price': 13500, 'old_price': 13500, 'currency': 'RUB', 'payment_amount': 0, 'extras_variants': [], 'extras': [], 'rate_id': 875, 'deals': [], 'cancellation_type': 'free', 'credit_card': 0, 'bonus': 2700, 'miles': 1080, 'min_stay': 1, 'mircashback': 1350}, {'id': 265218, 'force_prepayment': 0, 'capacity': 2, 'prepayment': 'NO', 'nonrefundable': 0, 'cancellation_period': 0, 'cancellation_fee': 'NO', 'breakfast': 1, 'base_price': 15500, 'prices': [15500], 'price': 15500, 'old_price': 15500, 'currency': 'RUB', 'payment_amount': 0, 'extras_variants': [], 'extras': [], 'rate_id': 875, 'deals': [], 'cancellation_type': 'free', 'credit_card': 0, 'bonus': 3100, 'miles': 1240, 'min_stay': 1, 'mircashback': 1550}]",13500.0,1080,607_101hotels,2025-05-12
5688,,,2,1,0,1,Люкс,6,1,[{'double': 1}],[],"[{'id': 265211, 'force_prepayment': 0, 'capacity': 1, 'prepayment': 'NO', 'nonrefundable': 0, 'cancellation_period': 0, 'cancellation_fee': 'NO', 'breakfast': 1, 'base_price': 20500, 'prices': [20500], 'price': 20500, 'old_price': 20500, 'currency': 'RUB', 'payment_amount': 0, 'extras_variants': [], 'extras': [], 'rate_id': 875, 'deals': [], 'cancellation_type': 'free', 'credit_card': 0, 'bonus': 4100, 'miles': 1640, 'min_stay': 1, 'mircashback': 2050}, {'id': 265212, 'force_prepayment': 0, 'capacity': 2, 'prepayment': 'NO', 'nonrefundable': 0, 'cancellation_period': 0, 'cancellation_fee': 'NO', 'breakfast': 1, 'base_price': 22500, 'prices': [22500], 'price': 22500, 'old_price': 22500, 'currency': 'RUB', 'payment_amount': 0, 'extras_variants': [], 'extras': [], 'rate_id': 875, 'deals': [], 'cancellation_type': 'free', 'credit_card': 0, 'bonus': 4500, 'miles': 1800, 'min_stay': 1, 'mircashback': 2250}]",20500.0,1640,607_101hotels,2025-05-12
5693,,,2,1,0,1,Апартаменты,14,1,[{'double': 1}],[],"[{'id': 265213, 'force_prepayment': 0, 'capacity': 1, 'prepayment': 'NO', 'nonrefundable': 0, 'cancellation_period': 0, 'cancellation_fee': 'NO', 'breakfast': 1, 'base_price': 33500, 'prices': [33500], 'price': 33500, 'old_price': 33500, 'currency': 'RUB', 'payment_amount': 0, 'extras_variants': [], 'extras': [], 'rate_id': 875, 'deals': [], 'cancellation_type': 'free', 'credit_card': 0, 'bonus': 6700, 'miles': 2680, 'min_stay': 1, 'mircashback': 3350}, {'id': 265214, 'force_prepayment': 0, 'capacity': 2, 'prepayment': 'NO', 'nonrefundable': 0, 'cancellation_period': 0, 'cancellation_fee': 'NO', 'breakfast': 1, 'base_price': 38500, 'prices': [38500], 'price': 38500, 'old_price': 38500, 'currency': 'RUB', 'payment_amount': 0, 'extras_variants': [], 'extras': [], 'rate_id': 875, 'deals': [], 'cancellation_type': 'free', 'credit_card': 0, 'bonus': 7700, 'miles': 3080, 'min_stay': 1, 'mircashback': 3850}]",33500.0,2680,607_101hotels,2025-05-12
2284046,,Эконом,2,0,0,0,Двухместный,2,1,[{'double': 1}],[],"[{'id': 891385, 'force_prepayment': 0, 'capacity': 1, 'prepayment': 'FIRST', 'nonrefundable': 1, 'cancellation_period': 0, 'cancellation_fee': 'FIRST', 'breakfast': 0, 'base_price': 2200, 'prices': [2200], 'price': 2200, 'old_price': 2200, 'currency': 'RUB', 'payment_amount': 2200, 'extras_variants': [], 'extras': [], 'rate_id': 41146, 'deals': [], 'cancellation_type': 'nonrefundable', 'credit_card': 1, 'bonus': 440, 'miles': 176, 'min_stay': 1, 'mircashback': 220}, {'id': 891387, 'force_prepayment': 0, 'capacity': 1, 'prepayment': 'NO', 'nonrefundable': 0, 'cancellation_period': 0, 'cancellation_fee': 'NO', 'breakfast': 0, 'base_price': 2200, 'prices': [2200], 'price': 2200, 'old_price': 2200, 'currency': 'RUB', 'payment_amount': 0, 'extras_variants': [], 'extras': [], 'rate_id': 41147, 'deals': [], 'cancellation_type': 'free', 'credit_card': 0, 'bonus': 440, 'miles': 176, 'min_stay': 1, 'mircashback': 220}, {'id': 891386, 'force_prepayment': 0, 'capacity': 2, 'prepayment': 'FIRST', 'nonrefundable': 1, 'cancellation_period': 0, 'cancellation_fee': 'FIRST', 'breakfast': 0, 'base_price': 2200, 'prices': [2200], 'price': 2200, 'old_price': 2200, 'currency': 'RUB', 'payment_amount': 2200, 'extras_variants': [], 'extras': [], 'rate_id': 41146, 'deals': [], 'cancellation_type': 'nonrefundable', 'credit_card': 1, 'bonus': 440, 'miles': 176, 'min_stay': 1, 'mircashback': 220}, {'id': 891388, 'force_prepayment': 0, 'capacity': 2, 'prepayment': 'NO', 'nonrefundable': 0, 'cancellation_period': 0, 'cancellation_fee': 'NO', 'breakfast': 0, 'base_price': 2200, 'prices': [2200], 'price': 2200, 'old_price': 2200, 'currency': 'RUB', 'payment_amount': 0, 'extras_variants': [], 'extras': [], 'rate_id': 41147, 'deals': [], 'cancellation_type': 'free', 'credit_card': 0, 'bonus': 440, 'miles': 176, 'min_stay': 1, 'mircashback': 220}]",2200.0,176,669236_101hotels,2025-05-12
2289967,,Стандарт с двуспальной или 2 односпальными кроватями,2,0,0,1,Двухместный,2,1,"[{'single': 1, 'double': 1}]",[],"[{'id': 956969, 'force_prepayment': 0, 'capacity': 1, 'prepayment': 'FIRST', 'nonrefundable': 1, 'cancellation_period': 0, 'cancellation_fee': 'FIRST', 'breakfast': 0, 'base_price': 2700, 'prices': [2700], 'price': 2700, 'old_price': 2700, 'currency': 'RUB', 'payment_amount': 2700, 'extras_variants': [], 'extras': [], 'rate_id': 41146, 'deals': [], 'cancellation_type': 'nonrefundable', 'credit_card': 1, 'bonus': 540, 'miles': 216, 'min_stay': 1, 'mircashback': 270}, {'id': 956975, 'force_prepayment': 0, 'capacity': 1, 'prepayment': 'NO', 'nonrefundable': 0, 'cancellation_period': 0, 'cancellation_fee': 'NO', 'breakfast': 0, 'base_price': 2700, 'prices': [2700], 'price': 2700, 'old_price': 2700, 'currency': 'RUB', 'payment_amount': 0, 'extras_variants': [], 'extras': [], 'rate_id': 41147, 'deals': [], 'cancellation_type': 'free', 'credit_card': 0, 'bonus': 540, 'miles': 216, 'min_stay': 1, 'mircashback': 270}, {'id': 956970, 'force_prepayment': 0, 'capacity': 2, 'prepayment': 'FIRST', 'nonrefundable': 1, 'cancellation_period': 0, 'cancellation_fee': 'FIRST', 'breakfast': 0, 'base_price': 2700, 'prices': [2700], 'price': 2700, 'old_price': 2700, 'currency': 'RUB', 'payment_amount': 2700, 'extras_variants': [], 'extras': [], 'rate_id': 41146, 'deals': [], 'cancellation_type': 'nonrefundable', 'credit_card': 1, 'bonus': 540, 'miles': 216, 'min_stay': 1, 'mircashback': 270}, {'id': 956976, 'force_prepayment': 0, 'capacity': 2, 'prepayment': 'NO', 'nonrefundable': 0, 'cancellation_period': 0, 'cancellation_fee': 'NO', 'breakfast': 0, 'base_price': 2700, 'prices': [2700], 'price': 2700, 'old_price': 2700, 'currency': 'RUB', 'payment_amount': 0, 'extras_variants': [], 'extras': [], 'rate_id': 41147, 'deals': [], 'cancellation_type': 'free', 'credit_card': 0, 'bonus': 540, 'miles': 216, 'min_stay': 1, 'mircashback': 270}]",2700.0,216,669236_101hotels,2025-05-12
2289970,,Двухместный номер Комфорт,2,1,0,1,Семейный,44,1,"[{'single': 1, 'double': 1}, {'single': 1, 'double': 1}]",[],"[{'id': 956973, 'force_prepayment': 0, 'capacity': 1, 'prepayment': 'FIRST', 'nonrefundable': 1, 'cancellation_period': 0, 'cancellation_fee': 'FIRST', 'breakfast': 0, 'base_price': 3000, 'prices': [3000], 'price': 3000, 'old_price': 3000, 'currency': 'RUB', 'payment_amount': 3000, 'extras_variants': [], 'extras': [], 'rate_id': 41146, 'deals': [], 'cancellation_type': 'nonrefundable', 'credit_card': 1, 'bonus': 600, 'miles': 240, 'min_stay': 1, 'mircashback': 300}, {'id': 956979, 'force_prepayment': 0, 'capacity': 1, 'prepayment': 'NO', 'nonrefundable': 0, 'cancellation_period': 0, 'cancellation_fee': 'NO', 'breakfast': 0, 'base_price': 3000, 'prices': [3000], 'price': 3000, 'old_price': 3000, 'currency': 'RUB', 'payment_amount': 0, 'extras_variants': [], 'extras': [], 'rate_id': 41147, 'deals': [], 'cancellation_type': 'free', 'credit_card': 0, 'bonus': 600, 'miles': 240, 'min_stay': 1, 'mircashback': 300}, {'id': 956974, 'force_prepayment': 0, 'capacity': 2, 'prepayment': 'FIRST', 'nonrefundable': 1, 'cancellation_period': 0, 'cancellation_fee': 'FIRST', 'breakfast': 0, 'base_price': 3000, 'prices': [3000], 'price': 3000, 'old_price': 3000, 'currency': 'RUB', 'payment_amount': 3000, 'extras_variants': [], 'extras': [], 'rate_id': 41146, 'deals': [], 'cancellation_type': 'nonrefundable', 'credit_card': 1, 'bonus': 600, 'miles': 240, 'min_stay': 1, 'mircashback': 300}, {'id': 956980, 'force_prepayment': 0, 'capacity': 2, 'prepayment': 'NO', 'nonrefundable': 0, 'cancellation_period': 0, 'cancellation_fee': 'NO', 'breakfast': 0, 'base_price': 3000, 'prices': [3000], 'price': 3000, 'old_price': 3000, 'currency': 'RUB', 'payment_amount': 0, 'extras_variants': [], 'extras': [], 'rate_id': 41147, 'deals': [], 'cancellation_type': 'free', 'credit_card': 0, 'bonus': 600, 'miles': 240, 'min_stay': 1, 'mircashback': 300}]",3000.0,240,669236_101hotels,2025-05-12
2289971,,Комфорт,2,1,0,1,Трехместный,37,1,"[{'single': 1, 'double': 1}, {'single': 1, 'double': 1}]",[],"[{'id': 956971, 'force_prepayment': 0, 'capacity': 1, 'prepayment': 'FIRST', 'nonrefundable': 1, 'cancellation_period': 0, 'cancellation_fee': 'FIRST', 'breakfast': 0, 'base_price': 3000, 'prices': [3000], 'price': 3000, 'old_price': 3000, 'currency': 'RUB', 'payment_amount': 3000, 'extras_variants': [], 'extras': [], 'rate_id': 41146, 'deals': [], 'cancellation_type': 'nonrefundable', 'credit_card': 1, 'bonus': 600, 'miles': 240, 'min_stay': 1, 'mircashback': 300}, {'id': 956977, 'force_prepayment': 0, 'capacity': 1, 'prepayment': 'NO', 'nonrefundable': 0, 'cancellation_period': 0, 'cancellation_fee': 'NO', 'breakfast': 0, 'base_price': 3000, 'prices': [3000], 'price': 3000, 'old_price': 3000, 'currency': 'RUB', 'payment_amount': 0, 'extras_variants': [], 'extras': [], 'rate_id': 41147, 'deals': [], 'cancellation_type': 'free', 'credit_card': 0, 'bonus': 600, 'miles': 240, 'min_stay': 1, 'mircashback': 300}, {'id': 956972, 'force_prepayment': 0, 'capacity': 2, 'prepayment': 'FIRST', 'nonrefundable': 1, 'cancellation_period': 0, 'cancellation_fee': 'FIRST', 'breakfast': 0, 'base_price': 3000, 'prices': [3000], 'price': 3000, 'old_price': 3000, 'currency': 'RUB', 'payment_amount': 3000, 'extras_variants': [], 'extras': [], 'rate_id': 41146, 'deals': [], 'cancellation_type': 'nonrefundable', 'credit_card': 1, 'bonus': 600, 'miles': 240, 'min_stay': 1, 'mircashback': 300}, {'id': 956978, 'force_prepayment': 0, 'capacity': 2, 'prepayment': 'NO', 'nonrefundable': 0, 'cancellation_period': 0, 'cancellation_fee': 'NO', 'breakfast': 0, 'base_price': 3000, 'prices': [3000], 'price': 3000, 'old_price': 3000, 'currency': 'RUB', 'payment_amount': 0, 'extras_variants': [], 'extras': [], 'rate_id': 41147, 'deals': [], 'cancellation_type': 'free', 'credit_card': 0, 'bonus': 600, 'miles': 240, 'min_stay': 1, 'mircashback': 300}]",3000.0,240,669236_101hotels,2025-05-12
460590,,Стандарт с 2 отдельными кроватями,2,0,0,1,Двухместный,2,16,[{'single': 2}],[],"[{'id': 279586, 'force_prepayment': 0, 'capacity': 1, 'prepayment': 'FULL', 'nonrefundable': 0, 'cancellation_period': 14, 'cancellation_fee': 'FIRST', 'breakfast': 0, 'base_price': 6000, 'prices': [6000], 'price': 6000, 'old_price': 6000, 'currency': 'RUB', 'payment_amount': 6000, 'extras_variants': [], 'extras': [], 'rate_id': 1577, 'deals': [], 'cancellation_type': 'special', 'credit_card': 1, 'bonus': 1200, 'miles': 480, 'min_stay': 1, 'mircashback': 600}, {'id': 279587, 'force_prepayment': 0, 'capacity': 2, 'prepayment': 'FULL', 'nonrefundable': 0, 'cancellation_period': 14, 'cancellation_fee': 'FIRST', 'breakfast': 0, 'base_price': 6420, 'prices': [6420], 'price': 6420, 'old_price': 6420, 'currency': 'RUB', 'payment_amount': 6420, 'extras_variants': [], 'extras': [], 'rate_id': 1577, 'deals': [], 'cancellation_type': 'special', 'credit_card': 1, 'bonus': 1284, 'miles': 512, 'min_stay': 1, 'mircashback': 642}]",6000.0,480,140778_101hotels,2025-05-12
2214999,,Улучшенный с 1 кроватью,2,0,0,1,Двухместный,2,7,[{'double': 1}],[],"[{'id': 279590, 'force_prepayment': 0, 'capacity': 1, 'prepayment': 'FULL', 'nonrefundable': 0, 'cancellation_period': 14, 'cancellation_fee': 'FIRST', 'breakfast': 0, 'base_price': 7500, 'prices': [7500], 'price': 7500, 'old_price': 7500, 'currency': 'RUB', 'payment_amount': 7500, 'extras_variants': [], 'extras': [], 'rate_id': 1577, 'deals': [], 'cancellation_type': 'special', 'credit_card': 1, 'bonus': 1500, 'miles': 600, 'min_stay': 1, 'mircashback': 750}, {'id': 279591, 'force_prepayment': 0, 'capacity': 2, 'prepayment': 'FULL', 'nonrefundable': 0, 'cancellation_period': 14, 'cancellation_fee': 'FIRST', 'breakfast': 0, 'base_price': 8920, 'prices': [8920], 'price': 8920, 'old_price': 8920, 'currency': 'RUB', 'payment_amount': 8920, 'extras_variants': [], 'extras': [], 'rate_id': 1577, 'deals': [], 'cancellation_type': 'special', 'credit_card': 1, 'bonus': 1784, 'miles': 712, 'min_stay': 1, 'mircashback': 892}]",7500.0,600,140778_101hotels,2025-05-12
5816,,Стандартный TWIN,2,1,0,1,Двухместный,2,1,[{'single': 3}],[],"[{'id': 525913, 'force_prepayment': 0, 'capacity': 1, 'prepayment': 'NO', 'nonrefundable': 0, 'cancellation_period': 0, 'cancellation_fee': 'NO', 'breakfast': 1, 'base_price': 7900, 'prices': [7900], 'price': 7900, 'old_price': 0, 'currency': 'RUB', 'payment_amount': 0, 'extras_variants': [], 'extras': [], 'rate_id': 16047, 'deals': [], 'cancellation_type': 'free', 'credit_card': 0, 'bonus': 1580, 'miles': 632, 'min_stay': 1, 'mircashback': 790}, {'id': 525914, 'force_prepayment': 0, 'capacity': 2, 'prepayment': 'NO', 'nonrefundable': 0, 'cancellation_period': 0, 'cancellation_fee': 'NO', 'breakfast': 1, 'base_price': 9000, 'prices': [9000], 'price': 9000, 'old_price': 0, 'currency': 'RUB', 'payment_amount': 0, 'extras_variants': [], 'extras': [], 'rate_id': 16047, 'deals': [], 'cancellation_type': 'free', 'credit_card': 0, 'bonus': 1800, 'miles': 720, 'min_stay': 1, 'mircashback': 900}]",7900.0,632,231_101hotels,2025-05-12
5817,,Стандартный DBL,2,1,0,1,Двухместный,2,1,"[{'double': 1}, {'single': 2}]",[],"[{'id': 525915, 'force_prepayment': 0, 'capacity': 1, 'prepayment': 'NO', 'nonrefundable': 0, 'cancellation_period': 0, 'cancellation_fee': 'NO', 'breakfast': 1, 'base_price': 7900, 'prices': [7900], 'price': 7900, 'old_price': 0, 'currency': 'RUB', 'payment_amount': 0, 'extras_variants': [], 'extras': [], 'rate_id': 16047, 'deals': [], 'cancellation_type': 'free', 'credit_card': 0, 'bonus': 1580, 'miles': 632, 'min_stay': 1, 'mircashback': 790}, {'id': 525916, 'force_prepayment': 0, 'capacity': 2, 'prepayment': 'NO', 'nonrefundable': 0, 'cancellation_period': 0, 'cancellation_fee': 'NO', 'breakfast': 1, 'base_price': 9000, 'prices': [9000], 'price': 9000, 'old_price': 0, 'currency': 'RUB', 'payment_amount': 0, 'extras_variants': [], 'extras': [], 'rate_id': 16047, 'deals': [], 'cancellation_type': 'free', 'credit_card': 0, 'bonus': 1800, 'miles': 720, 'min_stay': 1, 'mircashback': 900}]",7900.0,632,231_101hotels,2025-05-12
45600,,Двухкомнатный,2,1,0,1,Люкс,6,1,"[{'double': 1, 'sofa': 1}]",[],"[{'id': 525919, 'force_prepayment': 0, 'capacity': 1, 'prepayment': 'NO', 'nonrefundable': 0, 'cancellation_period': 0, 'cancellation_fee': 'NO', 'breakfast': 1, 'base_price': 18000, 'prices': [18000], 'price': 18000, 'old_price': 0, 'currency': 'RUB', 'payment_amount': 0, 'extras_variants': [], 'extras': [], 'rate_id': 16047, 'deals': [], 'cancellation_type': 'free', 'credit_card': 0, 'bonus': 3600, 'miles': 1440, 'min_stay': 1, 'mircashback': 1800}, {'id': 525920, 'force_prepayment': 0, 'capacity': 2, 'prepayment': 'NO', 'nonrefundable': 0, 'cancellation_period': 0, 'cancellation_fee': 'NO', 'breakfast': 1, 'base_price': 18000, 'prices': [18000], 'price': 18000, 'old_price': 0, 'currency': 'RUB', 'payment_amount': 0, 'extras_variants': [], 'extras': [], 'rate_id': 16047, 'deals': [], 'cancellation_type': 'free', 'credit_card': 0, 'bonus': 3600, 'miles': 1440, 'min_stay': 1, 'mircashback': 1800}]",18000.0,1440,231_101hotels,2025-05-12
45601,,Трехкомнатный,2,1,0,1,Люкс,6,1,"[{'double': 1, 'sofa': 1}]",[],"[{'id': 525921, 'force_prepayment': 0, 'capacity': 1, 'prepayment': 'NO', 'nonrefundable': 0, 'cancellation_period': 0, 'cancellation_fee': 'NO', 'breakfast': 1, 'base_price': 20000, 'prices': [20000], 'price': 20000, 'old_price': 0, 'currency': 'RUB', 'payment_amount': 0, 'extras_variants': [], 'extras': [], 'rate_id': 16047, 'deals': [], 'cancellation_type': 'free', 'credit_card': 0, 'bonus': 4000, 'miles': 1600, 'min_stay': 1, 'mircashback': 2000}, {'id': 525922, 'force_prepayment': 0, 'capacity': 2, 'prepayment': 'NO', 'nonrefundable': 0, 'cancellation_period': 0, 'cancellation_fee': 'NO', 'breakfast': 1, 'base_price': 20000, 'prices': [20000], 'price': 20000, 'old_price': 0, 'currency': 'RUB', 'payment_amount': 0, 'extras_variants': [], 'extras': [], 'rate_id': 16047, 'deals': [], 'cancellation_type': 'free', 'credit_card': 0, 'bonus': 4000, 'miles': 1600, 'min_stay': 1, 'mircashback': 2000}]",20000.0,1600,231_101hotels,2025-05-12
1320188,,Семейный,2,1,0,1,Студио,5,1,"[{'double': 1, 'sofa': 1}]",[],"[{'id': 525917, 'force_prepayment': 0, 'capacity': 1, 'prepayment': 'NO', 'nonrefundable': 0, 'cancellation_period': 0, 'cancellation_fee': 'NO', 'breakfast': 1, 'base_price': 14000, 'prices': [14000], 'price': 14000, 'old_price': 0, 'currency': 'RUB', 'payment_amount': 0, 'extras_variants': [], 'extras': [], 'rate_id': 16047, 'deals': [], 'cancellation_type': 'free', 'credit_card': 0, 'bonus': 2800, 'miles': 1120, 'min_stay': 1, 'mircashback': 1400}, {'id': 525918, 'force_prepayment': 0, 'capacity': 2, 'prepayment': 'NO', 'nonrefundable': 0, 'cancellation_period': 0, 'cancellation_fee': 'NO', 'breakfast': 1, 'base_price': 14000, 'prices': [14000], 'price': 14000, 'old_price': 0, 'currency': 'RUB', 'payment_amount': 0, 'extras_variants': [], 'extras': [], 'rate_id': 16047, 'deals': [], 'cancellation_type': 'free', 'credit_card': 0, 'bonus': 2800, 'miles': 1120, 'min_stay': 1, 'mircashback': 1400}]",14000.0,1120,231_101hotels,2025-05-12
21363,,Стандарт Double,2,1,0,1,Двухместный,2,1,"[{'double': 1}, {'single': 2}]",[],"[{'id': 493643, 'force_prepayment': 0, 'capacity': 1, 'prepayment': 'FIRST', 'nonrefundable': 0, 'cancellation_period': 1, 'cancellation_fee': 'FIRST', 'breakfast': 1, 'base_price': 6700, 'prices': [6700], 'price': 6700, 'old_price': 6700, 'currency': 'RUB', 'payment_amount': 6700, 'extras_variants': [], 'extras': [], 'rate_id': 13902, 'deals': [], 'cancellation_type': 'special', 'credit_card': 1, 'bonus': 1340, 'miles': 536, 'min_stay': 1, 'mircashback': 670}, {'id': 493644, 'force_prepayment': 0, 'capacity': 2, 'prepayment': 'FIRST', 'nonrefundable': 0, 'cancellation_period': 1, 'cancellation_fee': 'FIRST', 'breakfast': 1, 'base_price': 7300, 'prices': [7300], 'price': 7300, 'old_price': 7300, 'currency': 'RUB', 'payment_amount': 7300, 'extras_variants': [], 'extras': [], 'rate_id': 13902, 'deals': [], 'cancellation_type': 'special', 'credit_card': 1, 'bonus': 1460, 'miles': 584, 'min_stay': 1, 'mircashback': 730}]",6700.0,536,4397_101hotels,2025-05-12
21364,,Джуниор Сюит,2,2,0,1,Студио,5,2,[{'double': 1}],[],"[{'id': 493655, 'force_prepayment': 0, 'capacity': 1, 'prepayment': 'FIRST', 'nonrefundable': 0, 'cancellation_period': 1, 'cancellation_fee': 'FIRST', 'breakfast': 1, 'base_price': 10500, 'prices': [10500], 'price': 10500, 'old_price': 10500, 'currency': 'RUB', 'payment_amount': 10500, 'extras_variants': [], 'extras': [], 'rate_id': 13902, 'deals': [], 'cancellation_type': 'special', 'credit_card': 1, 'bonus': 2100, 'miles': 840, 'min_stay': 1, 'mircashback': 1050}, {'id': 493656, 'force_prepayment': 0, 'capacity': 2, 'prepayment': 'FIRST', 'nonrefundable': 0, 'cancellation_period': 1, 'cancellation_fee': 'FIRST', 'breakfast': 1, 'base_price': 10500, 'prices': [10500], 'price': 10500, 'old_price': 10500, 'currency': 'RUB', 'payment_amount': 10500, 'extras_variants': [], 'extras': [], 'rate_id': 13902, 'deals': [], 'cancellation_type': 'special', 'credit_card': 1, 'bonus': 2100, 'miles': 840, 'min_stay': 1, 'mircashback': 1050}]",10500.0,840,4397_101hotels,2025-05-12
21366,,Джуниор Сюит с балконом,2,1,0,1,Полулюкс,4,1,[{'double': 1}],[],"[{'id': 493653, 'force_prepayment': 0, 'capacity': 1, 'prepayment': 'FIRST', 'nonrefundable': 0, 'cancellation_period': 1, 'cancellation_fee': 'FIRST', 'breakfast': 1, 'base_price': 11900, 'prices': [11900], 'price': 11900, 'old_price': 11900, 'currency': 'RUB', 'payment_amount': 11900, 'extras_variants': [], 'extras': [], 'rate_id': 13902, 'deals': [], 'cancellation_type': 'special', 'credit_card': 1, 'bonus': 2380, 'miles': 952, 'min_stay': 1, 'mircashback': 1190}, {'id': 493654, 'force_prepayment': 0, 'capacity': 2, 'prepayment': 'FIRST', 'nonrefundable': 0, 'cancellation_period': 1, 'cancellation_fee': 'FIRST', 'breakfast': 1, 'base_price': 11900, 'prices': [11900], 'price': 11900, 'old_price': 11900, 'currency': 'RUB', 'payment_amount': 11900, 'extras_variants': [], 'extras': [], 'rate_id': 13902, 'deals': [], 'cancellation_type': 'special', 'credit_card': 1, 'bonus': 2380, 'miles': 952, 'min_stay': 1, 'mircashback': 1190}]",11900.0,952,4397_101hotels,2025-05-12
59806,,Стандарт Twin,2,1,0,1,Двухместный,2,3,[{'single': 2}],[],"[{'id': 493645, 'force_prepayment': 0, 'capacity': 1, 'prepayment': 'FIRST', 'nonrefundable': 0, 'cancellation_period': 1, 'cancellation_fee': 'FIRST', 'breakfast': 1, 'base_price': 6700, 'prices': [6700], 'price': 6700, 'old_price': 6700, 'currency': 'RUB', 'payment_amount': 6700, 'extras_variants': [], 'extras': [], 'rate_id': 13902, 'deals': [], 'cancellation_type': 'special', 'credit_card': 1, 'bonus': 1340, 'miles': 536, 'min_stay': 1, 'mircashback': 670}, {'id': 493646, 'force_prepayment': 0, 'capacity': 2, 'prepayment': 'FIRST', 'nonrefundable': 0, 'cancellation_period': 1, 'cancellation_fee': 'FIRST', 'breakfast': 1, 'base_price': 7300, 'prices': [7300], 'price': 7300, 'old_price': 7300, 'currency': 'RUB', 'payment_amount': 7300, 'extras_variants': [], 'extras': [], 'rate_id': 13902, 'deals': [], 'cancellation_type': 'special', 'credit_card': 1, 'bonus': 1460, 'miles': 584, 'min_stay': 1, 'mircashback': 730}]",6700.0,536,4397_101hotels,2025-05-12
863420,,Джуниор Сюит мансарда,2,1,0,1,Студио,5,1,[{'double': 1}],[],"[{'id': 493657, 'force_prepayment': 0, 'capacity': 1, 'prepayment': 'FIRST', 'nonrefundable': 0, 'cancellation_period': 1, 'cancellation_fee': 'FIRST', 'breakfast': 1, 'base_price': 9300, 'prices': [9300], 'price': 9300, 'old_price': 9300, 'currency': 'RUB', 'payment_amount': 9300, 'extras_variants': [], 'extras': [], 'rate_id': 13902, 'deals': [], 'cancellation_type': 'special', 'credit_card': 1, 'bonus': 1860, 'miles': 744, 'min_stay': 1, 'mircashback': 930}, {'id': 493658, 'force_prepayment': 0, 'capacity': 2, 'prepayment': 'FIRST', 'nonrefundable': 0, 'cancellation_period': 1, 'cancellation_fee': 'FIRST', 'breakfast': 1, 'base_price': 9300, 'prices': [9300], 'price': 9300, 'old_price': 9300, 'currency': 'RUB', 'payment_amount': 9300, 'extras_variants': [], 'extras': [], 'rate_id': 13902, 'deals': [], 'cancellation_type': 'special', 'credit_card': 1, 'bonus': 1860, 'miles': 744, 'min_stay': 1, 'mircashback': 930}]",9300.0,744,4397_101hotels,2025-05-12
863421,,Стандарт Twin мансарда,2,0,0,1,Двухместный,2,1,[{'single': 2}],[],"[{'id': 493647, 'force_prepayment': 0, 'capacity': 1, 'prepayment': 'FIRST', 'nonrefundable': 0, 'cancellation_period': 1, 'cancellation_fee': 'FIRST', 'breakfast': 1, 'base_price': 6100, 'prices': [6100], 'price': 6100, 'old_price': 6100, 'currency': 'RUB', 'payment_amount': 6100, 'extras_variants': [], 'extras': [], 'rate_id': 13902, 'deals': [], 'cancellation_type': 'special', 'credit_card': 1, 'bonus': 1220, 'miles': 488, 'min_stay': 1, 'mircashback': 610}, {'id': 493648, 'force_prepayment': 0, 'capacity': 2, 'prepayment': 'FIRST', 'nonrefundable': 0, 'cancellation_period': 1, 'cancellation_fee': 'FIRST', 'breakfast': 1, 'base_price': 6700, 'prices': [6700], 'price': 6700, 'old_price': 6700, 'currency': 'RUB', 'payment_amount': 6700, 'extras_variants': [], 'extras': [], 'rate_id': 13902, 'deals': [], 'cancellation_type': 'special', 'credit_card': 1, 'bonus': 1340, 'miles': 536, 'min_stay': 1, 'mircashback': 670}]",6100.0,488,4397_101hotels,2025-05-12
863422,,Стандарт Double мансарда,2,0,0,1,Двухместный,2,1,[{'double': 1}],[],"[{'id': 493649, 'force_prepayment': 0, 'capacity': 1, 'prepayment': 'FIRST', 'nonrefundable': 0, 'cancellation_period': 1, 'cancellation_fee': 'FIRST', 'breakfast': 1, 'base_price': 6100, 'prices': [6100], 'price': 6100, 'old_price': 6100, 'currency': 'RUB', 'payment_amount': 6100, 'extras_variants': [], 'extras': [], 'rate_id': 13902, 'deals': [], 'cancellation_type': 'special', 'credit_card': 1, 'bonus': 1220, 'miles': 488, 'min_stay': 1, 'mircashback': 610}, {'id': 493650, 'force_prepayment': 0, 'capacity': 2, 'prepayment': 'FIRST', 'nonrefundable': 0, 'cancellation_period': 1, 'cancellation_fee': 'FIRST', 'breakfast': 1, 'base_price': 6700, 'prices': [6700], 'price': 6700, 'old_price': 6700, 'currency': 'RUB', 'payment_amount': 6700, 'extras_variants': [], 'extras': [], 'rate_id': 13902, 'deals': [], 'cancellation_type': 'special', 'credit_card': 1, 'bonus': 1340, 'miles': 536, 'min_stay': 1, 'mircashback': 670}]",6100.0,488,4397_101hotels,2025-05-12
2266776,,"Кровать, ""Бабр""",8,0,1,0,Восьмиместный,38,3,[{'double': 4}],"[{'number': '1', 'min_age': '1', 'max_age': '14', 'is_extra_bed': '0', 'extra_bed_type_id': '0'}]","[{'id': 732391, 'force_prepayment': 0, 'capacity': 1, 'prepayment': 'FULL', 'nonrefundable': 0, 'cancellation_period': 2, 'cancellation_fee': 'FIRST', 'breakfast': 0, 'base_price': 600, 'prices': [600], 'price': 570, 'old_price': 600, 'currency': 'RUB', 'payment_amount': 600, 'extras_variants': [], 'extras': [], 'rate_id': 23182, 'deals': ['BASE'], 'cancellation_type': 'special', 'credit_card': 1, 'bonus': 114, 'miles': 44, 'min_stay': 1, 'mircashback': 57}]",570.0,44,14164_101hotels,2025-05-12
2266785,,"Кровать, Голомянка",1,0,1,0,Шестиместный Мужской,108,2,[{'2-tier': 3}],"[{'number': '1', 'min_age': '1', 'max_age': '14', 'is_extra_bed': '0', 'extra_bed_type_id': '0'}]","[{'id': 732410, 'force_prepayment': 0, 'capacity': 1, 'prepayment': 'FULL', 'nonrefundable': 0, 'cancellation_period': 2, 'cancellation_fee': 'FIRST', 'breakfast': 0, 'base_price': 650, 'prices': [650], 'price': 617.5, 'old_price': 650, 'currency': 'RUB', 'payment_amount': 650, 'extras_variants': [], 'extras': [], 'rate_id': 23182, 'deals': ['BASE'], 'cancellation_type': 'special', 'credit_card': 1, 'bonus': 124, 'miles': 48, 'min_stay': 1, 'mircashback': 62}]",617.5,48,14164_101hotels,2025-05-12
2266791,,"Кровать, Большая улица",1,0,1,0,Шестиместный Женский,109,6,[{'2-tier': 3}],"[{'number': '1', 'min_age': '1', 'max_age': '14', 'is_extra_bed': '0', 'extra_bed_type_id': '0'}]","[{'id': 732439, 'force_prepayment': 0, 'capacity': 1, 'prepayment': 'FULL', 'nonrefundable': 0, 'cancellation_period': 2, 'cancellation_fee': 'FIRST', 'breakfast': 0, 'base_price': 650, 'prices': [650], 'price': 617.5, 'old_price': 650, 'currency': 'RUB', 'payment_amount': 650, 'extras_variants': [], 'extras': [], 'rate_id': 23182, 'deals': ['BASE'], 'cancellation_type': 'special', 'credit_card': 1, 'bonus': 124, 'miles': 48, 'min_stay': 1, 'mircashback': 62}]",617.5,48,14164_101hotels,2025-05-12
2266795,,"Кровать, Иванишн",4,0,1,0,Четырехместный,34,2,"[{'single': 2, 'double': 1}]","[{'number': '1', 'min_age': '1', 'max_age': '14', 'is_extra_bed': '0', 'extra_bed_type_id': '0'}]","[{'id': 732446, 'force_prepayment': 0, 'capacity': 1, 'prepayment': 'FULL', 'nonrefundable': 0, 'cancellation_period': 2, 'cancellation_fee': 'FIRST', 'breakfast': 0, 'base_price': 750, 'prices': [750], 'price': 712.5, 'old_price': 750, 'currency': 'RUB', 'payment_amount': 750, 'extras_variants': [], 'extras': [], 'rate_id': 23182, 'deals': ['BASE'], 'cancellation_type': 'special', 'credit_card': 1, 'bonus': 143, 'miles': 56, 'min_stay': 1, 'mircashback': 71}]",712.5,56,14164_101hotels,2025-05-12
2266820,,Комната-капсула Медведь,2,1,0,0,Трехместный,37,1,"[{'single': 1, 'double': 1}]",[],"[{'id': 732564, 'force_prepayment': 0, 'capacity': 1, 'prepayment': 'FULL', 'nonrefundable': 0, 'cancellation_period': 2, 'cancellation_fee': 'FIRST', 'breakfast': 0, 'base_price': 1300, 'prices': [1300], 'price': 1235, 'old_price': 1300, 'currency': 'RUB', 'payment_amount': 1300, 'extras_variants': [], 'extras': [], 'rate_id': 23182, 'deals': ['BASE'], 'cancellation_type': 'special', 'credit_card': 1, 'bonus': 247, 'miles': 96, 'min_stay': 1, 'mircashback': 124}, {'id': 732565, 'force_prepayment': 0, 'capacity': 2, 'prepayment': 'FULL', 'nonrefundable': 0, 'cancellation_period': 2, 'cancellation_fee': 'FIRST', 'breakfast': 0, 'base_price': 1600, 'prices': [1600], 'price': 1520, 'old_price': 1600, 'currency': 'RUB', 'payment_amount': 1600, 'extras_variants': [], 'extras': [], 'rate_id': 23182, 'deals': ['BASE'], 'cancellation_type': 'special', 'credit_card': 1, 'bonus': 304, 'miles': 120, 'min_stay': 1, 'mircashback': 152}]",1235.0,96,14164_101hotels,2025-05-12
5767,,Комфорт,2,0,0,1,Полулюкс,4,1,[{'double': 1}],[],"[{'id': 693966, 'force_prepayment': 0, 'capacity': 1, 'prepayment': 'NO', 'nonrefundable': 0, 'cancellation_period': 0, 'cancellation_fee': 'NO', 'breakfast': 0, 'base_price': 9200, 'prices': [9200], 'price': 9200, 'old_price': 0, 'currency': 'RUB', 'payment_amount': 0, 'extras_variants': [], 'extras': [], 'rate_id': 27942, 'deals': [], 'cancellation_type': 'free', 'credit_card': 0, 'bonus': 1840, 'miles': 736, 'min_stay': 1, 'mircashback': 920}, {'id': 693913, 'force_prepayment': 0, 'capacity': 1, 'prepayment': 'NO', 'nonrefundable': 0, 'cancellation_period': 0, 'cancellation_fee': 'NO', 'breakfast': 1, 'base_price': 10200, 'prices': [10200], 'price': 10200, 'old_price': 0, 'currency': 'RUB', 'payment_amount': 0, 'extras_variants': [], 'extras': [], 'rate_id': 27939, 'deals': [], 'cancellation_type': 'free', 'credit_card': 0, 'bonus': 2040, 'miles': 816, 'min_stay': 1, 'mircashback': 1020}, {'id': 693949, 'force_prepayment': 0, 'capacity': 1, 'prepayment': 'NO', 'nonrefundable': 0, 'cancellation_period': 0, 'cancellation_fee': 'NO', 'breakfast': 2, 'base_price': 11400, 'prices': [11400], 'price': 11400, 'old_price': 0, 'currency': 'RUB', 'payment_amount': 0, 'extras_variants': [], 'extras': [], 'rate_id': 27941, 'deals': [], 'cancellation_type': 'free', 'credit_card': 0, 'bonus': 2280, 'miles': 912, 'min_stay': 1, 'mircashback': 1140}, {'id': 693967, 'force_prepayment': 0, 'capacity': 2, 'prepayment': 'NO', 'nonrefundable': 0, 'cancellation_period': 0, 'cancellation_fee': 'NO', 'breakfast': 0, 'base_price': 9200, 'prices': [9200], 'price': 9200, 'old_price': 0, 'currency': 'RUB', 'payment_amount': 0, 'extras_variants': [], 'extras': [], 'rate_id': 27942, 'deals': [], 'cancellation_type': 'free', 'credit_card': 0, 'bonus': 1840, 'miles': 736, 'min_stay': 1, 'mircashback': 920}, {'id': 693914, 'force_prepayment': 0, 'capacity': 2, 'prepayment': 'NO', 'nonrefundable': 0, 'cancellation_period': 0, 'cancellation_fee': 'NO', 'breakfast': 1, 'base_price': 10200, 'prices': [10200], 'price': 10200, 'old_price': 0, 'currency': 'RUB', 'payment_amount': 0, 'extras_variants': [], 'extras': [], 'rate_id': 27939, 'deals': [], 'cancellation_type': 'free', 'credit_card': 0, 'bonus': 2040, 'miles': 816, 'min_stay': 1, 'mircashback': 1020}, {'id': 693950, 'force_prepayment': 0, 'capacity': 2, 'prepayment': 'NO', 'nonrefundable': 0, 'cancellation_period': 0, 'cancellation_fee': 'NO', 'breakfast': 2, 'base_price': 11400, 'prices': [11400], 'price': 11400, 'old_price': 0, 'currency': 'RUB', 'payment_amount': 0, 'extras_variants': [], 'extras': [], 'rate_id': 27941, 'deals': [], 'cancellation_type': 'free', 'credit_card': 0, 'bonus': 2280, 'miles': 912, 'min_stay': 1, 'mircashback': 1140}]",9200.0,736,226_101hotels,2025-05-12
5769,,Бизнес,3,0,0,1,Полулюкс,4,2,[{'double': 1}],[],"[{'id': 693968, 'force_prepayment': 0, 'capacity': 1, 'prepayment': 'NO', 'nonrefundable': 0, 'cancellation_period': 0, 'cancellation_fee': 'NO', 'breakfast': 0, 'base_price': 6400, 'prices': [6400], 'price': 6400, 'old_price': 0, 'currency': 'RUB', 'payment_amount': 0, 'extras_variants': [], 'extras': [], 'rate_id': 27942, 'deals': [], 'cancellation_type': 'free', 'credit_card': 0, 'bonus': 1280, 'miles': 512, 'min_stay': 1, 'mircashback': 640}, {'id': 693915, 'force_prepayment': 0, 'capacity': 1, 'prepayment': 'NO', 'nonrefundable': 0, 'cancellation_period': 0, 'cancellation_fee': 'NO', 'breakfast': 1, 'base_price': 7400, 'prices': [7400], 'price': 7400, 'old_price': 0, 'currency': 'RUB', 'payment_amount': 0, 'extras_variants': [], 'extras': [], 'rate_id': 27939, 'deals': [], 'cancellation_type': 'free', 'credit_card': 0, 'bonus': 1480, 'miles': 592, 'min_stay': 1, 'mircashback': 740}, {'id': 693951, 'force_prepayment': 0, 'capacity': 1, 'prepayment': 'NO', 'nonrefundable': 0, 'cancellation_period': 0, 'cancellation_fee': 'NO', 'breakfast': 2, 'base_price': 8600, 'prices': [8600], 'price': 8600, 'old_price': 0, 'currency': 'RUB', 'payment_amount': 0, 'extras_variants': [], 'extras': [], 'rate_id': 27941, 'deals': [], 'cancellation_type': 'free', 'credit_card': 0, 'bonus': 1720, 'miles': 688, 'min_stay': 1, 'mircashback': 860}, {'id': 693969, 'force_prepayment': 0, 'capacity': 2, 'prepayment': 'NO', 'nonrefundable': 0, 'cancellation_period': 0, 'cancellation_fee': 'NO', 'breakfast': 0, 'base_price': 7600, 'prices': [7600], 'price': 7600, 'old_price': 0, 'currency': 'RUB', 'payment_amount': 0, 'extras_variants': [], 'extras': [], 'rate_id': 27942, 'deals': [], 'cancellation_type': 'free', 'credit_card': 0, 'bonus': 1520, 'miles': 608, 'min_stay': 1, 'mircashback': 760}, {'id': 693916, 'force_prepayment': 0, 'capacity': 2, 'prepayment': 'NO', 'nonrefundable': 0, 'cancellation_period': 0, 'cancellation_fee': 'NO', 'breakfast': 1, 'base_price': 8600, 'prices': [8600], 'price': 8600, 'old_price': 0, 'currency': 'RUB', 'payment_amount': 0, 'extras_variants': [], 'extras': [], 'rate_id': 27939, 'deals': [], 'cancellation_type': 'free', 'credit_card': 0, 'bonus': 1720, 'miles': 688, 'min_stay': 1, 'mircashback': 860}, {'id': 693952, 'force_prepayment': 0, 'capacity': 2, 'prepayment': 'NO', 'nonrefundable': 0, 'cancellation_period': 0, 'cancellation_fee': 'NO', 'breakfast': 2, 'base_price': 9800, 'prices': [9800], 'price': 9800, 'old_price': 0, 'currency': 'RUB', 'payment_amount': 0, 'extras_variants': [], 'extras': [], 'rate_id': 27941, 'deals': [], 'cancellation_type': 'free', 'credit_card': 0, 'bonus': 1960, 'miles': 784, 'min_stay': 1, 'mircashback': 980}, {'id': 693970, 'force_prepayment': 0, 'capacity': 3, 'prepayment': 'NO', 'nonrefundable': 0, 'cancellation_period': 0, 'cancellation_fee': 'NO', 'breakfast': 0, 'base_price': 8600, 'prices': [8600], 'price': 8600, 'old_price': 0, 'currency': 'RUB', 'payment_amount': 0, 'extras_variants': [], 'extras': [], 'rate_id': 27942, 'deals': [], 'cancellation_type': 'free', 'credit_card': 0, 'bonus': 1720, 'miles': 688, 'min_stay': 1, 'mircashback': 860}, {'id': 693917, 'force_prepayment': 0, 'capacity': 3, 'prepayment': 'NO', 'nonrefundable': 0, 'cancellation_period': 0, 'cancellation_fee': 'NO', 'breakfast': 1, 'base_price': 10600, 'prices': [10600], 'price': 10600, 'old_price': 0, 'currency': 'RUB', 'payment_amount': 0, 'extras_variants': [], 'extras': [], 'rate_id': 27939, 'deals': [], 'cancellation_type': 'free', 'credit_card': 0, 'bonus': 2120, 'miles': 848, 'min_stay': 1, 'mircashback': 1060}, {'id': 693953, 'force_prepayment': 0, 'capacity': 3, 'prepayment': 'NO', 'nonrefundable': 0, 'cancellation_period': 0, 'cancellation_fee': 'NO', 'breakfast': 2, 'base_price': 11800, 'prices': [11800], 'price': 11800, 'old_price': 0, 'currency': 'RUB', 'payment_amount': 0, 'extras_variants': [], 'extras': [], 'rate_id': 27941, 'deals': [], 'cancellation_type': 'free', 'credit_card': 0, 'bonus': 2360, 'miles': 944, 'min_stay': 1, 'mircashback': 1180}]",6400.0,512,226_101hotels,2025-05-12
5776,,Джуниор Свит,3,0,0,1,Студио,5,3,"[{'double': 1, 'sofa': 1}]",[],"[{'id': 693971, 'force_prepayment': 0, 'capacity': 1, 'prepayment': 'NO', 'nonrefundable': 0, 'cancellation_period': 0, 'cancellation_fee': 'NO', 'breakfast': 0, 'base_price': 11200, 'prices': [11200], 'price': 11200, 'old_price': 0, 'currency': 'RUB', 'payment_amount': 0, 'extras_variants': [], 'extras': [], 'rate_id': 27942, 'deals': [], 'cancellation_type': 'free', 'credit_card': 0, 'bonus': 2240, 'miles': 896, 'min_stay': 1, 'mircashback': 1120}, {'id': 693918, 'force_prepayment': 0, 'capacity': 1, 'prepayment': 'NO', 'nonrefundable': 0, 'cancellation_period': 0, 'cancellation_fee': 'NO', 'breakfast': 1, 'base_price': 12200, 'prices': [12200], 'price': 12200, 'old_price': 0, 'currency': 'RUB', 'payment_amount': 0, 'extras_variants': [], 'extras': [], 'rate_id': 27939, 'deals': [], 'cancellation_type': 'free', 'credit_card': 0, 'bonus': 2440, 'miles': 976, 'min_stay': 1, 'mircashback': 1220}, {'id': 693954, 'force_prepayment': 0, 'capacity': 1, 'prepayment': 'NO', 'nonrefundable': 0, 'cancellation_period': 0, 'cancellation_fee': 'NO', 'breakfast': 2, 'base_price': 13400, 'prices': [13400], 'price': 13400, 'old_price': 0, 'currency': 'RUB', 'payment_amount': 0, 'extras_variants': [], 'extras': [], 'rate_id': 27941, 'deals': [], 'cancellation_type': 'free', 'credit_card': 0, 'bonus': 2680, 'miles': 1072, 'min_stay': 1, 'mircashback': 1340}, {'id': 693972, 'force_prepayment': 0, 'capacity': 2, 'prepayment': 'NO', 'nonrefundable': 0, 'cancellation_period': 0, 'cancellation_fee': 'NO', 'breakfast': 0, 'base_price': 11200, 'prices': [11200], 'price': 11200, 'old_price': 0, 'currency': 'RUB', 'payment_amount': 0, 'extras_variants': [], 'extras': [], 'rate_id': 27942, 'deals': [], 'cancellation_type': 'free', 'credit_card': 0, 'bonus': 2240, 'miles': 896, 'min_stay': 1, 'mircashback': 1120}, {'id': 693919, 'force_prepayment': 0, 'capacity': 2, 'prepayment': 'NO', 'nonrefundable': 0, 'cancellation_period': 0, 'cancellation_fee': 'NO', 'breakfast': 1, 'base_price': 12200, 'prices': [12200], 'price': 12200, 'old_price': 0, 'currency': 'RUB', 'payment_amount': 0, 'extras_variants': [], 'extras': [], 'rate_id': 27939, 'deals': [], 'cancellation_type': 'free', 'credit_card': 0, 'bonus': 2440, 'miles': 976, 'min_stay': 1, 'mircashback': 1220}, {'id': 693955, 'force_prepayment': 0, 'capacity': 2, 'prepayment': 'NO', 'nonrefundable': 0, 'cancellation_period': 0, 'cancellation_fee': 'NO', 'breakfast': 2, 'base_price': 13400, 'prices': [13400], 'price': 13400, 'old_price': 0, 'currency': 'RUB', 'payment_amount': 0, 'extras_variants': [], 'extras': [], 'rate_id': 27941, 'deals': [], 'cancellation_type': 'free', 'credit_card': 0, 'bonus': 2680, 'miles': 1072, 'min_stay': 1, 'mircashback': 1340}, {'id': 693973, 'force_prepayment': 0, 'capacity': 3, 'prepayment': 'NO', 'nonrefundable': 0, 'cancellation_period': 0, 'cancellation_fee': 'NO', 'breakfast': 0, 'base_price': 12200, 'prices': [12200], 'price': 12200, 'old_price': 0, 'currency': 'RUB', 'payment_amount': 0, 'extras_variants': [], 'extras': [], 'rate_id': 27942, 'deals': [], 'cancellation_type': 'free', 'credit_card': 0, 'bonus': 2440, 'miles': 976, 'min_stay': 1, 'mircashback': 1220}, {'id': 693920, 'force_prepayment': 0, 'capacity': 3, 'prepayment': 'NO', 'nonrefundable': 0, 'cancellation_period': 0, 'cancellation_fee': 'NO', 'breakfast': 1, 'base_price': 14200, 'prices': [14200], 'price': 14200, 'old_price': 0, 'currency': 'RUB', 'payment_amount': 0, 'extras_variants': [], 'extras': [], 'rate_id': 27939, 'deals': [], 'cancellation_type': 'free', 'credit_card': 0, 'bonus': 2840, 'miles': 1136, 'min_stay': 1, 'mircashback': 1420}, {'id': 693956, 'force_prepayment': 0, 'capacity': 3, 'prepayment': 'NO', 'nonrefundable': 0, 'cancellation_period': 0, 'cancellation_fee': 'NO', 'breakfast': 2, 'base_price': 15400, 'prices': [15400], 'price': 15400, 'old_price': 0, 'currency': 'RUB', 'payment_amount': 0, 'extras_variants': [], 'extras': [], 'rate_id': 27941, 'deals': [], 'cancellation_type': 'free', 'credit_card': 0, 'bonus': 3080, 'miles': 1232, 'min_stay': 1, 'mircashback': 1540}]",11200.0,896,226_101hotels,2025-05-12
2256765,,Улучшенный стандарт,2,0,0,1,Двухместный,2,1,[{'double': 1}],[],"[{'id': 693964, 'force_prepayment': 0, 'capacity': 1, 'prepayment': 'NO', 'nonrefundable': 0, 'cancellation_period': 0, 'cancellation_fee': 'NO', 'breakfast': 0, 'base_price': 6400, 'prices': [6400], 'price': 6400, 'old_price': 0, 'currency': 'RUB', 'payment_amount': 0, 'extras_variants': [], 'extras': [], 'rate_id': 27942, 'deals': [], 'cancellation_type': 'free', 'credit_card': 0, 'bonus': 1280, 'miles': 512, 'min_stay': 1, 'mircashback': 640}, {'id': 693911, 'force_prepayment': 0, 'capacity': 1, 'prepayment': 'NO', 'nonrefundable': 0, 'cancellation_period': 0, 'cancellation_fee': 'NO', 'breakfast': 1, 'base_price': 7400, 'prices': [7400], 'price': 7400, 'old_price': 0, 'currency': 'RUB', 'payment_amount': 0, 'extras_variants': [], 'extras': [], 'rate_id': 27939, 'deals': [], 'cancellation_type': 'free', 'credit_card': 0, 'bonus': 1480, 'miles': 592, 'min_stay': 1, 'mircashback': 740}, {'id': 693947, 'force_prepayment': 0, 'capacity': 1, 'prepayment': 'NO', 'nonrefundable': 0, 'cancellation_period': 0, 'cancellation_fee': 'NO', 'breakfast': 2, 'base_price': 8600, 'prices': [8600], 'price': 8600, 'old_price': 0, 'currency': 'RUB', 'payment_amount': 0, 'extras_variants': [], 'extras': [], 'rate_id': 27941, 'deals': [], 'cancellation_type': 'free', 'credit_card': 0, 'bonus': 1720, 'miles': 688, 'min_stay': 1, 'mircashback': 860}, {'id': 693965, 'force_prepayment': 0, 'capacity': 2, 'prepayment': 'NO', 'nonrefundable': 0, 'cancellation_period': 0, 'cancellation_fee': 'NO', 'breakfast': 0, 'base_price': 7600, 'prices': [7600], 'price': 7600, 'old_price': 0, 'currency': 'RUB', 'payment_amount': 0, 'extras_variants': [], 'extras': [], 'rate_id': 27942, 'deals': [], 'cancellation_type': 'free', 'credit_card': 0, 'bonus': 1520, 'miles': 608, 'min_stay': 1, 'mircashback': 760}, {'id': 693912, 'force_prepayment': 0, 'capacity': 2, 'prepayment': 'NO', 'nonrefundable': 0, 'cancellation_period': 0, 'cancellation_fee': 'NO', 'breakfast': 1, 'base_price': 8600, 'prices': [8600], 'price': 8600, 'old_price': 0, 'currency': 'RUB', 'payment_amount': 0, 'extras_variants': [], 'extras': [], 'rate_id': 27939, 'deals': [], 'cancellation_type': 'free', 'credit_card': 0, 'bonus': 1720, 'miles': 688, 'min_stay': 1, 'mircashback': 860}, {'id': 693948, 'force_prepayment': 0, 'capacity': 2, 'prepayment': 'NO', 'nonrefundable': 0, 'cancellation_period': 0, 'cancellation_fee': 'NO', 'breakfast': 2, 'base_price': 9800, 'prices': [9800], 'price': 9800, 'old_price': 0, 'currency': 'RUB', 'payment_amount': 0, 'extras_variants': [], 'extras': [], 'rate_id': 27941, 'deals': [], 'cancellation_type': 'free', 'credit_card': 0, 'bonus': 1960, 'miles': 784, 'min_stay': 1, 'mircashback': 980}]",6400.0,512,226_101hotels,2025-05-12
2289833,,АПАРТАМЕНТЫ - BAIKAL MELODY,2,0,0,1,Апартаменты,14,1,[{'double': 1}],[],"[{'id': 955080, 'force_prepayment': 0, 'capacity': 1, 'prepayment': 'FULL', 'nonrefundable': 0, 'cancellation_period': 0, 'cancellation_fee': 'NO', 'breakfast': 0, 'base_price': 3108, 'prices': [3108], 'price': 3108, 'old_price': 3108, 'currency': 'RUB', 'payment_amount': 3108, 'extras_variants': [], 'extras': [], 'rate_id': 44685, 'deals': [], 'cancellation_type': 'free', 'credit_card': 1, 'bonus': 622, 'miles': 248, 'min_stay': 1, 'mircashback': 311}, {'id': 955432, 'force_prepayment': 0, 'capacity': 1, 'prepayment': 'FULL', 'nonrefundable': 0, 'cancellation_period': 0, 'cancellation_fee': 'NO', 'breakfast': 0, 'base_price': 3108, 'prices': [3108], 'price': 3108, 'old_price': 3108, 'currency': 'RUB', 'payment_amount': 3108, 'extras_variants': [], 'extras': [], 'rate_id': 44721, 'deals': [], 'cancellation_type': 'free', 'credit_card': 1, 'bonus': 622, 'miles': 248, 'min_stay': 1, 'mircashback': 311}, {'id': 955081, 'force_prepayment': 0, 'capacity': 2, 'prepayment': 'FULL', 'nonrefundable': 0, 'cancellation_period': 0, 'cancellation_fee': 'NO', 'breakfast': 0, 'base_price': 3108, 'prices': [3108], 'price': 3108, 'old_price': 3108, 'currency': 'RUB', 'payment_amount': 3108, 'extras_variants': [], 'extras': [], 'rate_id': 44685, 'deals': [], 'cancellation_type': 'free', 'credit_card': 1, 'bonus': 622, 'miles': 248, 'min_stay': 1, 'mircashback': 311}, {'id': 955433, 'force_prepayment': 0, 'capacity': 2, 'prepayment': 'FULL', 'nonrefundable': 0, 'cancellation_period': 0, 'cancellation_fee': 'NO', 'breakfast': 0, 'base_price': 3108, 'prices': [3108], 'price': 3108, 'old_price': 3108, 'currency': 'RUB', 'payment_amount': 3108, 'extras_variants': [], 'extras': [], 'rate_id': 44721, 'deals': [], 'cancellation_type': 'free', 'credit_card': 1, 'bonus': 622, 'miles': 248, 'min_stay': 1, 'mircashback': 311}]",3108.0,248,670640_101hotels,2025-05-12
2289834,,Апартаменты BAIKAL ATMOSPHERE,2,1,0,1,Апартаменты,14,1,"[{'double': 1, 's-sofa': 1}]","[{'number': '1', 'min_age': '0', 'max_age': '18', 'is_extra_bed': '1', 'extra_bed_type_id': '1'}]","[{'id': 955434, 'force_prepayment': 0, 'capacity': 1, 'prepayment': 'FULL', 'nonrefundable': 0, 'cancellation_period': 0, 'cancellation_fee': 'NO', 'breakfast': 0, 'base_price': 3338, 'prices': [3338], 'price': 3338, 'old_price': 3338, 'currency': 'RUB', 'payment_amount': 3338, 'extras_variants': [], 'extras': [], 'rate_id': 44721, 'deals': [], 'cancellation_type': 'free', 'credit_card': 1, 'bonus': 668, 'miles': 264, 'min_stay': 1, 'mircashback': 334}, {'id': 955435, 'force_prepayment': 0, 'capacity': 2, 'prepayment': 'FULL', 'nonrefundable': 0, 'cancellation_period': 0, 'cancellation_fee': 'NO', 'breakfast': 0, 'base_price': 3338, 'prices': [3338], 'price': 3338, 'old_price': 3338, 'currency': 'RUB', 'payment_amount': 3338, 'extras_variants': [], 'extras': [], 'rate_id': 44721, 'deals': [], 'cancellation_type': 'free', 'credit_card': 1, 'bonus': 668, 'miles': 264, 'min_stay': 1, 'mircashback': 334}]",3338.0,264,670640_101hotels,2025-05-12
1787515,,Красное вино,2,2,0,1,Апартаменты,14,1,"[{'double': 1, 'sofa': 1}]",[],"[{'id': 494990, 'force_prepayment': 0, 'capacity': 1, 'prepayment': 'FIRST', 'nonrefundable': 0, 'cancellation_period': 2, 'cancellation_fee': 'FIRST', 'breakfast': 0, 'base_price': 4635, 'prices': [4635], 'price': 3939.75, 'old_price': 4635, 'currency': 'RUB', 'payment_amount': 4635, 'extras_variants': [], 'extras': [], 'rate_id': 14002, 'deals': ['MIN_STAY'], 'cancellation_type': 'special', 'credit_card': 1, 'bonus': 788, 'miles': 312, 'min_stay': 1, 'mircashback': 394}, {'id': 494991, 'force_prepayment': 0, 'capacity': 2, 'prepayment': 'FIRST', 'nonrefundable': 0, 'cancellation_period': 2, 'cancellation_fee': 'FIRST', 'breakfast': 0, 'base_price': 4635, 'prices': [4635], 'price': 3939.75, 'old_price': 4635, 'currency': 'RUB', 'payment_amount': 4635, 'extras_variants': [], 'extras': [], 'rate_id': 14002, 'deals': ['MIN_STAY'], 'cancellation_type': 'special', 'credit_card': 1, 'bonus': 788, 'miles': 312, 'min_stay': 1, 'mircashback': 394}]",3939.75,312,481664_101hotels,2025-05-12
1787516,,Бордо,2,2,0,1,Апартаменты,14,1,"[{'double': 1, 'sofa': 1}]",[],"[{'id': 494992, 'force_prepayment': 0, 'capacity': 1, 'prepayment': 'FIRST', 'nonrefundable': 0, 'cancellation_period': 2, 'cancellation_fee': 'FIRST', 'breakfast': 0, 'base_price': 4120, 'prices': [4120], 'price': 3502, 'old_price': 4120, 'currency': 'RUB', 'payment_amount': 4120, 'extras_variants': [], 'extras': [], 'rate_id': 14002, 'deals': ['MIN_STAY'], 'cancellation_type': 'special', 'credit_card': 1, 'bonus': 700, 'miles': 280, 'min_stay': 1, 'mircashback': 350}, {'id': 494993, 'force_prepayment': 0, 'capacity': 2, 'prepayment': 'FIRST', 'nonrefundable': 0, 'cancellation_period': 2, 'cancellation_fee': 'FIRST', 'breakfast': 0, 'base_price': 4520, 'prices': [4520], 'price': 3842, 'old_price': 4520, 'currency': 'RUB', 'payment_amount': 4520, 'extras_variants': [], 'extras': [], 'rate_id': 14002, 'deals': ['MIN_STAY'], 'cancellation_type': 'special', 'credit_card': 1, 'bonus': 768, 'miles': 304, 'min_stay': 1, 'mircashback': 384}]",3502.0,280,481664_101hotels,2025-05-12
1787520,,Балерина,4,1,0,1,Апартаменты,14,1,"[{'double': 2, 'sofa': 1}]",[],"[{'id': 495004, 'force_prepayment': 0, 'capacity': 1, 'prepayment': 'FIRST', 'nonrefundable': 0, 'cancellation_period': 2, 'cancellation_fee': 'FIRST', 'breakfast': 0, 'base_price': 4120, 'prices': [4120], 'price': 3502, 'old_price': 4120, 'currency': 'RUB', 'payment_amount': 4120, 'extras_variants': [], 'extras': [], 'rate_id': 14002, 'deals': ['MIN_STAY'], 'cancellation_type': 'special', 'credit_card': 1, 'bonus': 700, 'miles': 280, 'min_stay': 1, 'mircashback': 350}, {'id': 495005, 'force_prepayment': 0, 'capacity': 2, 'prepayment': 'FIRST', 'nonrefundable': 0, 'cancellation_period': 2, 'cancellation_fee': 'FIRST', 'breakfast': 0, 'base_price': 4120, 'prices': [4120], 'price': 3502, 'old_price': 4120, 'currency': 'RUB', 'payment_amount': 4120, 'extras_variants': [], 'extras': [], 'rate_id': 14002, 'deals': ['MIN_STAY'], 'cancellation_type': 'special', 'credit_card': 1, 'bonus': 700, 'miles': 280, 'min_stay': 1, 'mircashback': 350}, {'id': 495006, 'force_prepayment': 0, 'capacity': 3, 'prepayment': 'FIRST', 'nonrefundable': 0, 'cancellation_period': 2, 'cancellation_fee': 'FIRST', 'breakfast': 0, 'base_price': 4120, 'prices': [4120], 'price': 3502, 'old_price': 4120, 'currency': 'RUB', 'payment_amount': 4120, 'extras_variants': [], 'extras': [], 'rate_id': 14002, 'deals': ['MIN_STAY'], 'cancellation_type': 'special', 'credit_card': 1, 'bonus': 700, 'miles': 280, 'min_stay': 1, 'mircashback': 350}, {'id': 495007, 'force_prepayment': 0, 'capacity': 4, 'prepayment': 'FIRST', 'nonrefundable': 0, 'cancellation_period': 2, 'cancellation_fee': 'FIRST', 'breakfast': 0, 'base_price': 4120, 'prices': [4120], 'price': 3502, 'old_price': 4120, 'currency': 'RUB', 'payment_amount': 4120, 'extras_variants': [], 'extras': [], 'rate_id': 14002, 'deals': ['MIN_STAY'], 'cancellation_type': 'special', 'credit_card': 1, 'bonus': 700, 'miles': 280, 'min_stay': 1, 'mircashback': 350}]",3502.0,280,481664_101hotels,2025-05-12
1787522,,Весна,4,2,0,1,Апартаменты,14,1,"[{'single': 2, 'sofa': 1}]",[],"[{'id': 495008, 'force_prepayment': 0, 'capacity': 1, 'prepayment': 'FIRST', 'nonrefundable': 0, 'cancellation_period': 2, 'cancellation_fee': 'FIRST', 'breakfast': 0, 'base_price': 4120, 'prices': [4120], 'price': 3502, 'old_price': 4120, 'currency': 'RUB', 'payment_amount': 4120, 'extras_variants': [], 'extras': [], 'rate_id': 14002, 'deals': ['MIN_STAY'], 'cancellation_type': 'special', 'credit_card': 1, 'bonus': 700, 'miles': 280, 'min_stay': 1, 'mircashback': 350}, {'id': 495009, 'force_prepayment': 0, 'capacity': 2, 'prepayment': 'FIRST', 'nonrefundable': 0, 'cancellation_period': 2, 'cancellation_fee': 'FIRST', 'breakfast': 0, 'base_price': 4120, 'prices': [4120], 'price': 3502, 'old_price': 4120, 'currency': 'RUB', 'payment_amount': 4120, 'extras_variants': [], 'extras': [], 'rate_id': 14002, 'deals': ['MIN_STAY'], 'cancellation_type': 'special', 'credit_card': 1, 'bonus': 700, 'miles': 280, 'min_stay': 1, 'mircashback': 350}, {'id': 495010, 'force_prepayment': 0, 'capacity': 3, 'prepayment': 'FIRST', 'nonrefundable': 0, 'cancellation_period': 2, 'cancellation_fee': 'FIRST', 'breakfast': 0, 'base_price': 4120, 'prices': [4120], 'price': 3502, 'old_price': 4120, 'currency': 'RUB', 'payment_amount': 4120, 'extras_variants': [], 'extras': [], 'rate_id': 14002, 'deals': ['MIN_STAY'], 'cancellation_type': 'special', 'credit_card': 1, 'bonus': 700, 'miles': 280, 'min_stay': 1, 'mircashback': 350}, {'id': 495011, 'force_prepayment': 0, 'capacity': 4, 'prepayment': 'FIRST', 'nonrefundable': 0, 'cancellation_period': 2, 'cancellation_fee': 'FIRST', 'breakfast': 0, 'base_price': 4120, 'prices': [4120], 'price': 3502, 'old_price': 4120, 'currency': 'RUB', 'payment_amount': 4120, 'extras_variants': [], 'extras': [], 'rate_id': 14002, 'deals': ['MIN_STAY'], 'cancellation_type': 'special', 'credit_card': 1, 'bonus': 700, 'miles': 280, 'min_stay': 1, 'mircashback': 350}]",3502.0,280,481664_101hotels,2025-05-12
1787593,,Американская классика,4,1,0,1,Апартаменты,14,1,"[{'double': 2, 'sofa': 1}]",[],"[{'id': 495016, 'force_prepayment': 0, 'capacity': 1, 'prepayment': 'FIRST', 'nonrefundable': 0, 'cancellation_period': 2, 'cancellation_fee': 'FIRST', 'breakfast': 0, 'base_price': 4635, 'prices': [4635], 'price': 3939.75, 'old_price': 4635, 'currency': 'RUB', 'payment_amount': 4635, 'extras_variants': [], 'extras': [], 'rate_id': 14002, 'deals': ['MIN_STAY'], 'cancellation_type': 'special', 'credit_card': 1, 'bonus': 788, 'miles': 312, 'min_stay': 1, 'mircashback': 394}, {'id': 495017, 'force_prepayment': 0, 'capacity': 2, 'prepayment': 'FIRST', 'nonrefundable': 0, 'cancellation_period': 2, 'cancellation_fee': 'FIRST', 'breakfast': 0, 'base_price': 4635, 'prices': [4635], 'price': 3939.75, 'old_price': 4635, 'currency': 'RUB', 'payment_amount': 4635, 'extras_variants': [], 'extras': [], 'rate_id': 14002, 'deals': ['MIN_STAY'], 'cancellation_type': 'special', 'credit_card': 1, 'bonus': 788, 'miles': 312, 'min_stay': 1, 'mircashback': 394}, {'id': 495018, 'force_prepayment': 0, 'capacity': 3, 'prepayment': 'FIRST', 'nonrefundable': 0, 'cancellation_period': 2, 'cancellation_fee': 'FIRST', 'breakfast': 0, 'base_price': 4635, 'prices': [4635], 'price': 3939.75, 'old_price': 4635, 'currency': 'RUB', 'payment_amount': 4635, 'extras_variants': [], 'extras': [], 'rate_id': 14002, 'deals': ['MIN_STAY'], 'cancellation_type': 'special', 'credit_card': 1, 'bonus': 788, 'miles': 312, 'min_stay': 1, 'mircashback': 394}, {'id': 495019, 'force_prepayment': 0, 'capacity': 4, 'prepayment': 'FIRST', 'nonrefundable': 0, 'cancellation_period': 2, 'cancellation_fee': 'FIRST', 'breakfast': 0, 'base_price': 4635, 'prices': [4635], 'price': 3939.75, 'old_price': 4635, 'currency': 'RUB', 'payment_amount': 4635, 'extras_variants': [], 'extras': [], 'rate_id': 14002, 'deals': ['MIN_STAY'], 'cancellation_type': 'special', 'credit_card': 1, 'bonus': 788, 'miles': 312, 'min_stay': 1, 'mircashback': 394}]",3939.75,312,481664_101hotels,2025-05-12
1787981,,Солнечный вечер,4,1,0,1,Апартаменты,14,1,"[{'single': 2, 'double': 1, 'sofa': 1}]",[],"[{'id': 495024, 'force_prepayment': 0, 'capacity': 1, 'prepayment': 'FIRST', 'nonrefundable': 0, 'cancellation_period': 2, 'cancellation_fee': 'FIRST', 'breakfast': 0, 'base_price': 4120, 'prices': [4120], 'price': 3502, 'old_price': 4120, 'currency': 'RUB', 'payment_amount': 4120, 'extras_variants': [], 'extras': [], 'rate_id': 14002, 'deals': ['MIN_STAY'], 'cancellation_type': 'special', 'credit_card': 1, 'bonus': 700, 'miles': 280, 'min_stay': 1, 'mircashback': 350}, {'id': 495025, 'force_prepayment': 0, 'capacity': 2, 'prepayment': 'FIRST', 'nonrefundable': 0, 'cancellation_period': 2, 'cancellation_fee': 'FIRST', 'breakfast': 0, 'base_price': 4120, 'prices': [4120], 'price': 3502, 'old_price': 4120, 'currency': 'RUB', 'payment_amount': 4120, 'extras_variants': [], 'extras': [], 'rate_id': 14002, 'deals': ['MIN_STAY'], 'cancellation_type': 'special', 'credit_card': 1, 'bonus': 700, 'miles': 280, 'min_stay': 1, 'mircashback': 350}, {'id': 495026, 'force_prepayment': 0, 'capacity': 3, 'prepayment': 'FIRST', 'nonrefundable': 0, 'cancellation_period': 2, 'cancellation_fee': 'FIRST', 'breakfast': 0, 'base_price': 4120, 'prices': [4120], 'price': 3502, 'old_price': 4120, 'currency': 'RUB', 'payment_amount': 4120, 'extras_variants': [], 'extras': [], 'rate_id': 14002, 'deals': ['MIN_STAY'], 'cancellation_type': 'special', 'credit_card': 1, 'bonus': 700, 'miles': 280, 'min_stay': 1, 'mircashback': 350}, {'id': 495027, 'force_prepayment': 0, 'capacity': 4, 'prepayment': 'FIRST', 'nonrefundable': 0, 'cancellation_period': 2, 'cancellation_fee': 'FIRST', 'breakfast': 0, 'base_price': 4120, 'prices': [4120], 'price': 3502, 'old_price': 4120, 'currency': 'RUB', 'payment_amount': 4120, 'extras_variants': [], 'extras': [], 'rate_id': 14002, 'deals': ['MIN_STAY'], 'cancellation_type': 'special', 'credit_card': 1, 'bonus': 700, 'miles': 280, 'min_stay': 1, 'mircashback': 350}]",3502.0,280,481664_101hotels,2025-05-12
2289950,,Морской бриз (ул.Юрия Левитанского 4) удаленное заселение,2,2,0,1,Апартаменты,14,1,"[{'double': 1}, {'sofa': 1}]",[],"[{'id': 956004, 'force_prepayment': 0, 'capacity': 1, 'prepayment': 'FIRST', 'nonrefundable': 0, 'cancellation_period': 2, 'cancellation_fee': 'FIRST', 'breakfast': 0, 'base_price': 4017, 'prices': [4017], 'price': 3414.45, 'old_price': 4017, 'currency': 'RUB', 'payment_amount': 4017, 'extras_variants': [], 'extras': [], 'rate_id': 14002, 'deals': ['MIN_STAY'], 'cancellation_type': 'special', 'credit_card': 1, 'bonus': 683, 'miles': 272, 'min_stay': 1, 'mircashback': 341}, {'id': 956005, 'force_prepayment': 0, 'capacity': 2, 'prepayment': 'FIRST', 'nonrefundable': 0, 'cancellation_period': 2, 'cancellation_fee': 'FIRST', 'breakfast': 0, 'base_price': 4017, 'prices': [4017], 'price': 3414.45, 'old_price': 4017, 'currency': 'RUB', 'payment_amount': 4017, 'extras_variants': [], 'extras': [], 'rate_id': 14002, 'deals': ['MIN_STAY'], 'cancellation_type': 'special', 'credit_card': 1, 'bonus': 683, 'miles': 272, 'min_stay': 1, 'mircashback': 341}]",3414.45,272,481664_101hotels,2025-05-12
2233174,,Стандарт,2,1,0,1,Двухместный,2,1,[{'single': 2}],[],"[{'id': 421374, 'force_prepayment': 0, 'capacity': 1, 'prepayment': 'FULL', 'nonrefundable': 0, 'cancellation_period': 3, 'cancellation_fee': 'FIRST', 'breakfast': 0, 'base_price': 2800, 'prices': [2800], 'price': 2800, 'old_price': 2800, 'currency': 'RUB', 'payment_amount': 2800, 'extras_variants': [], 'extras': [], 'rate_id': 8877, 'deals': [], 'cancellation_type': 'special', 'credit_card': 1, 'bonus': 560, 'miles': 224, 'min_stay': 1, 'mircashback': 280}, {'id': 421375, 'force_prepayment': 0, 'capacity': 2, 'prepayment': 'FULL', 'nonrefundable': 0, 'cancellation_period': 3, 'cancellation_fee': 'FIRST', 'breakfast': 0, 'base_price': 3300, 'prices': [3300], 'price': 3300, 'old_price': 3300, 'currency': 'RUB', 'payment_amount': 3300, 'extras_variants': [], 'extras': [], 'rate_id': 8877, 'deals': [], 'cancellation_type': 'special', 'credit_card': 1, 'bonus': 660, 'miles': 264, 'min_stay': 1, 'mircashback': 330}]",2800.0,224,654332_101hotels,2025-05-12
2233175,,Комфорт,2,1,1,1,Двухместный,2,1,[{'double': 1}],"[{'number': '1', 'min_age': '0', 'max_age': '2', 'is_extra_bed': '0', 'extra_bed_type_id': '0'}]","[{'id': 421376, 'force_prepayment': 0, 'capacity': 1, 'prepayment': 'FULL', 'nonrefundable': 0, 'cancellation_period': 3, 'cancellation_fee': 'FIRST', 'breakfast': 0, 'base_price': 3500, 'prices': [3500], 'price': 3500, 'old_price': 3500, 'currency': 'RUB', 'payment_amount': 3500, 'extras_variants': [], 'extras': [], 'rate_id': 8877, 'deals': [], 'cancellation_type': 'special', 'credit_card': 1, 'bonus': 700, 'miles': 280, 'min_stay': 1, 'mircashback': 350}, {'id': 421377, 'force_prepayment': 0, 'capacity': 2, 'prepayment': 'FULL', 'nonrefundable': 0, 'cancellation_period': 3, 'cancellation_fee': 'FIRST', 'breakfast': 0, 'base_price': 4000, 'prices': [4000], 'price': 4000, 'old_price': 4000, 'currency': 'RUB', 'payment_amount': 4000, 'extras_variants': [], 'extras': [], 'rate_id': 8877, 'deals': [], 'cancellation_type': 'special', 'credit_card': 1, 'bonus': 800, 'miles': 320, 'min_stay': 1, 'mircashback': 400}]",3500.0,280,654332_101hotels,2025-05-12
2233178,,Эконом,2,0,0,0,Двухместный,2,2,[{'single': 2}],[],"[{'id': 421378, 'force_prepayment': 0, 'capacity': 1, 'prepayment': 'FULL', 'nonrefundable': 0, 'cancellation_period': 3, 'cancellation_fee': 'FIRST', 'breakfast': 0, 'base_price': 2300, 'prices': [2300], 'price': 2300, 'old_price': 2300, 'currency': 'RUB', 'payment_amount': 2300, 'extras_variants': [], 'extras': [], 'rate_id': 8877, 'deals': [], 'cancellation_type': 'special', 'credit_card': 1, 'bonus': 460, 'miles': 184, 'min_stay': 1, 'mircashback': 230}, {'id': 421379, 'force_prepayment': 0, 'capacity': 2, 'prepayment': 'FULL', 'nonrefundable': 0, 'cancellation_period': 3, 'cancellation_fee': 'FIRST', 'breakfast': 0, 'base_price': 2800, 'prices': [2800], 'price': 2800, 'old_price': 2800, 'currency': 'RUB', 'payment_amount': 2800, 'extras_variants': [], 'extras': [], 'rate_id': 8877, 'deals': [], 'cancellation_type': 'special', 'credit_card': 1, 'bonus': 560, 'miles': 224, 'min_stay': 1, 'mircashback': 280}]",2300.0,184,654332_101hotels,2025-05-12
2233182,,Эконом (женский),4,0,1,0,Четырехместный,34,1,[{'2-tier': 2}],[],"[{'id': 421380, 'force_prepayment': 0, 'capacity': 1, 'prepayment': 'FULL', 'nonrefundable': 0, 'cancellation_period': 3, 'cancellation_fee': 'FIRST', 'breakfast': 0, 'base_price': 1100, 'prices': [1100], 'price': 1100, 'old_price': 1100, 'currency': 'RUB', 'payment_amount': 1100, 'extras_variants': [], 'extras': [], 'rate_id': 8877, 'deals': [], 'cancellation_type': 'special', 'credit_card': 1, 'bonus': 220, 'miles': 88, 'min_stay': 1, 'mircashback': 110}]",1100.0,88,654332_101hotels,2025-05-12
2229264,,Стандарт,2,0,1,1,Двухместный,2,5,[{'double': 1}],[],"[{'id': 389658, 'force_prepayment': 0, 'capacity': 1, 'prepayment': 'FULL', 'nonrefundable': 1, 'cancellation_period': 0, 'cancellation_fee': 'FIRST', 'breakfast': 0, 'base_price': 2500, 'prices': [2500], 'price': 2500, 'old_price': 2500, 'currency': 'RUB', 'payment_amount': 2500, 'extras_variants': [], 'extras': [], 'rate_id': 6823, 'deals': [], 'cancellation_type': 'nonrefundable', 'credit_card': 1, 'bonus': 500, 'miles': 200, 'min_stay': 1, 'mircashback': 250}, {'id': 389659, 'force_prepayment': 0, 'capacity': 2, 'prepayment': 'FULL', 'nonrefundable': 1, 'cancellation_period': 0, 'cancellation_fee': 'FIRST', 'breakfast': 0, 'base_price': 2500, 'prices': [2500], 'price': 2500, 'old_price': 2500, 'currency': 'RUB', 'payment_amount': 2500, 'extras_variants': [], 'extras': [], 'rate_id': 6823, 'deals': [], 'cancellation_type': 'nonrefundable', 'credit_card': 1, 'bonus': 500, 'miles': 200, 'min_stay': 1, 'mircashback': 250}]",2500.0,200,510819_101hotels,2025-05-12
2229265,,Койко-место,8,0,1,0,Восьмиместный,38,3,[{'single': 1}],[],"[{'id': 389660, 'force_prepayment': 0, 'capacity': 1, 'prepayment': 'FULL', 'nonrefundable': 1, 'cancellation_period': 0, 'cancellation_fee': 'FIRST', 'breakfast': 0, 'base_price': 1100, 'prices': [1100], 'price': 1100, 'old_price': 1100, 'currency': 'RUB', 'payment_amount': 1100, 'extras_variants': [], 'extras': [], 'rate_id': 6823, 'deals': [], 'cancellation_type': 'nonrefundable', 'credit_card': 1, 'bonus': 220, 'miles': 88, 'min_stay': 1, 'mircashback': 110}, {'id': 389661, 'force_prepayment': 0, 'capacity': 2, 'prepayment': 'FULL', 'nonrefundable': 1, 'cancellation_period': 0, 'cancellation_fee': 'FIRST', 'breakfast': 0, 'base_price': 1100, 'prices': [1100], 'price': 1100, 'old_price': 1100, 'currency': 'RUB', 'payment_amount': 1100, 'extras_variants': [], 'extras': [], 'rate_id': 6823, 'deals': [], 'cancellation_type': 'nonrefundable', 'credit_card': 1, 'bonus': 220, 'miles': 88, 'min_stay': 1, 'mircashback': 110}, {'id': 389662, 'force_prepayment': 0, 'capacity': 3, 'prepayment': 'FULL', 'nonrefundable': 1, 'cancellation_period': 0, 'cancellation_fee': 'FIRST', 'breakfast': 0, 'base_price': 1100, 'prices': [1100], 'price': 1100, 'old_price': 1100, 'currency': 'RUB', 'payment_amount': 1100, 'extras_variants': [], 'extras': [], 'rate_id': 6823, 'deals': [], 'cancellation_type': 'nonrefundable', 'credit_card': 1, 'bonus': 220, 'miles': 88, 'min_stay': 1, 'mircashback': 110}, {'id': 389663, 'force_prepayment': 0, 'capacity': 4, 'prepayment': 'FULL', 'nonrefundable': 1, 'cancellation_period': 0, 'cancellation_fee': 'FIRST', 'breakfast': 0, 'base_price': 1100, 'prices': [1100], 'price': 1100, 'old_price': 1100, 'currency': 'RUB', 'payment_amount': 1100, 'extras_variants': [], 'extras': [], 'rate_id': 6823, 'deals': [], 'cancellation_type': 'nonrefundable', 'credit_card': 1, 'bonus': 220, 'miles': 88, 'min_stay': 1, 'mircashback': 110}, {'id': 389664, 'force_prepayment': 0, 'capacity': 5, 'prepayment': 'FULL', 'nonrefundable': 1, 'cancellation_period': 0, 'cancellation_fee': 'FIRST', 'breakfast': 0, 'base_price': 1100, 'prices': [1100], 'price': 1100, 'old_price': 1100, 'currency': 'RUB', 'payment_amount': 1100, 'extras_variants': [], 'extras': [], 'rate_id': 6823, 'deals': [], 'cancellation_type': 'nonrefundable', 'credit_card': 1, 'bonus': 220, 'miles': 88, 'min_stay': 1, 'mircashback': 110}, {'id': 389665, 'force_prepayment': 0, 'capacity': 6, 'prepayment': 'FULL', 'nonrefundable': 1, 'cancellation_period': 0, 'cancellation_fee': 'FIRST', 'breakfast': 0, 'base_price': 1100, 'prices': [1100], 'price': 1100, 'old_price': 1100, 'currency': 'RUB', 'payment_amount': 1100, 'extras_variants': [], 'extras': [], 'rate_id': 6823, 'deals': [], 'cancellation_type': 'nonrefundable', 'credit_card': 1, 'bonus': 220, 'miles': 88, 'min_stay': 1, 'mircashback': 110}, {'id': 389666, 'force_prepayment': 0, 'capacity': 7, 'prepayment': 'FULL', 'nonrefundable': 1, 'cancellation_period': 0, 'cancellation_fee': 'FIRST', 'breakfast': 0, 'base_price': 1100, 'prices': [1100], 'price': 1100, 'old_price': 1100, 'currency': 'RUB', 'payment_amount': 1100, 'extras_variants': [], 'extras': [], 'rate_id': 6823, 'deals': [], 'cancellation_type': 'nonrefundable', 'credit_card': 1, 'bonus': 220, 'miles': 88, 'min_stay': 1, 'mircashback': 110}, {'id': 389667, 'force_prepayment': 0, 'capacity': 8, 'prepayment': 'FULL', 'nonrefundable': 1, 'cancellation_period': 0, 'cancellation_fee': 'FIRST', 'breakfast': 0, 'base_price': 1100, 'prices': [1100], 'price': 1100, 'old_price': 1100, 'currency': 'RUB', 'payment_amount': 1100, 'extras_variants': [], 'extras': [], 'rate_id': 6823, 'deals': [], 'cancellation_type': 'nonrefundable', 'credit_card': 1, 'bonus': 220, 'miles': 88, 'min_stay': 1, 'mircashback': 110}]",1100.0,88,510819_101hotels,2025-05-12
2264940,,Семейные,2,2,0,1,Апартаменты,14,1,"[{'double': 1, 'sofa': 1}]",[],"[{'id': 721961, 'force_prepayment': 0, 'capacity': 1, 'prepayment': 'FULL', 'nonrefundable': 1, 'cancellation_period': 0, 'cancellation_fee': 'FIRST', 'breakfast': 0, 'base_price': 3600, 'prices': [3600], 'price': 3600, 'old_price': 3600, 'currency': 'RUB', 'payment_amount': 3600, 'extras_variants': [], 'extras': [], 'rate_id': 6823, 'deals': [], 'cancellation_type': 'nonrefundable', 'credit_card': 1, 'bonus': 720, 'miles': 288, 'min_stay': 1, 'mircashback': 360}, {'id': 721962, 'force_prepayment': 0, 'capacity': 2, 'prepayment': 'FULL', 'nonrefundable': 1, 'cancellation_period': 0, 'cancellation_fee': 'FIRST', 'breakfast': 0, 'base_price': 3600, 'prices': [3600], 'price': 3600, 'old_price': 3600, 'currency': 'RUB', 'payment_amount': 3600, 'extras_variants': [], 'extras': [], 'rate_id': 6823, 'deals': [], 'cancellation_type': 'nonrefundable', 'credit_card': 1, 'bonus': 720, 'miles': 288, 'min_stay': 1, 'mircashback': 360}]",3600.0,288,510819_101hotels,2025-05-12
2252627,,Хохлома,2,0,0,1,Двухместный,2,1,[{'single': 2}],[],"[{'id': 616341, 'force_prepayment': 0, 'capacity': 1, 'prepayment': 'FULL', 'nonrefundable': 0, 'cancellation_period': 1, 'cancellation_fee': 'FIRST', 'breakfast': 0, 'base_price': 2500, 'prices': [2500], 'price': 2500, 'old_price': 2500, 'currency': 'RUB', 'payment_amount': 2500, 'extras_variants': [], 'extras': [], 'rate_id': 22443, 'deals': [], 'cancellation_type': 'special', 'credit_card': 1, 'bonus': 500, 'miles': 200, 'min_stay': 1, 'mircashback': 250}, {'id': 616342, 'force_prepayment': 0, 'capacity': 2, 'prepayment': 'FULL', 'nonrefundable': 0, 'cancellation_period': 1, 'cancellation_fee': 'FIRST', 'breakfast': 0, 'base_price': 2500, 'prices': [2500], 'price': 2500, 'old_price': 2500, 'currency': 'RUB', 'payment_amount': 2500, 'extras_variants': [], 'extras': [], 'rate_id': 22443, 'deals': [], 'cancellation_type': 'special', 'credit_card': 1, 'bonus': 500, 'miles': 200, 'min_stay': 1, 'mircashback': 250}]",2500.0,200,658823_101hotels,2025-05-12
2252680,,Хостел Жостово,4,0,1,0,Четырехместный,34,4,[{'2-tier': 2}],[],"[{'id': 617083, 'force_prepayment': 0, 'capacity': 1, 'prepayment': 'FULL', 'nonrefundable': 0, 'cancellation_period': 1, 'cancellation_fee': 'FIRST', 'breakfast': 0, 'base_price': 1200, 'prices': [1200], 'price': 1200, 'old_price': 1200, 'currency': 'RUB', 'payment_amount': 1200, 'extras_variants': [], 'extras': [], 'rate_id': 22501, 'deals': [], 'cancellation_type': 'special', 'credit_card': 1, 'bonus': 240, 'miles': 96, 'min_stay': 1, 'mircashback': 120}]",1200.0,96,658823_101hotels,2025-05-12
2263856,,"Хостел на 0,5 суток нижняя",4,0,1,0,Четырехместный,34,4,[{'2-tier': 2}],[],"[{'id': 715457, 'force_prepayment': 0, 'capacity': 1, 'prepayment': 'FULL', 'nonrefundable': 0, 'cancellation_period': 1, 'cancellation_fee': 'FIRST', 'breakfast': 0, 'base_price': 1200, 'prices': [1200], 'price': 1200, 'old_price': 1200, 'currency': 'RUB', 'payment_amount': 1200, 'extras_variants': [], 'extras': [], 'rate_id': 29667, 'deals': [], 'cancellation_type': 'special', 'credit_card': 1, 'bonus': 240, 'miles': 96, 'min_stay': 1, 'mircashback': 120}]",1200.0,96,658823_101hotels,2025-05-12
74029,,Стандарт Double,2,0,0,1,Двухместный,2,7,[{'double': 1}],[],"[{'id': 742129, 'force_prepayment': 0, 'capacity': 1, 'prepayment': 'NO', 'nonrefundable': 0, 'cancellation_period': 0, 'cancellation_fee': 'NO', 'breakfast': 0, 'base_price': 3500, 'prices': [3500], 'price': 3500, 'old_price': 0, 'currency': 'RUB', 'payment_amount': 0, 'extras_variants': [], 'extras': [], 'rate_id': 31838, 'deals': [], 'cancellation_type': 'free', 'credit_card': 0, 'bonus': 700, 'miles': 280, 'min_stay': 1, 'mircashback': 350}, {'id': 742130, 'force_prepayment': 0, 'capacity': 2, 'prepayment': 'NO', 'nonrefundable': 0, 'cancellation_period': 0, 'cancellation_fee': 'NO', 'breakfast': 0, 'base_price': 3700, 'prices': [3700], 'price': 3700, 'old_price': 0, 'currency': 'RUB', 'payment_amount': 0, 'extras_variants': [], 'extras': [], 'rate_id': 31838, 'deals': [], 'cancellation_type': 'free', 'credit_card': 0, 'bonus': 740, 'miles': 296, 'min_stay': 1, 'mircashback': 370}]",3500.0,280,14079_101hotels,2025-05-12
74030,,Стандарт Twin,2,0,0,1,Двухместный,2,3,[{'single': 2}],[],"[{'id': 742131, 'force_prepayment': 0, 'capacity': 1, 'prepayment': 'NO', 'nonrefundable': 0, 'cancellation_period': 0, 'cancellation_fee': 'NO', 'breakfast': 0, 'base_price': 3500, 'prices': [3500], 'price': 3500, 'old_price': 0, 'currency': 'RUB', 'payment_amount': 0, 'extras_variants': [], 'extras': [], 'rate_id': 31838, 'deals': [], 'cancellation_type': 'free', 'credit_card': 0, 'bonus': 700, 'miles': 280, 'min_stay': 1, 'mircashback': 350}, {'id': 742132, 'force_prepayment': 0, 'capacity': 2, 'prepayment': 'NO', 'nonrefundable': 0, 'cancellation_period': 0, 'cancellation_fee': 'NO', 'breakfast': 0, 'base_price': 3700, 'prices': [3700], 'price': 3700, 'old_price': 0, 'currency': 'RUB', 'payment_amount': 0, 'extras_variants': [], 'extras': [], 'rate_id': 31838, 'deals': [], 'cancellation_type': 'free', 'credit_card': 0, 'bonus': 740, 'miles': 296, 'min_stay': 1, 'mircashback': 370}]",3500.0,280,14079_101hotels,2025-05-12
74031,,,3,1,0,1,Семейный,44,2,"[{'double': 1, 'sofa': 1}]",[],"[{'id': 742137, 'force_prepayment': 0, 'capacity': 1, 'prepayment': 'NO', 'nonrefundable': 0, 'cancellation_period': 0, 'cancellation_fee': 'NO', 'breakfast': 0, 'base_price': 4800, 'prices': [4800], 'price': 4800, 'old_price': 0, 'currency': 'RUB', 'payment_amount': 0, 'extras_variants': [], 'extras': [], 'rate_id': 31838, 'deals': [], 'cancellation_type': 'free', 'credit_card': 0, 'bonus': 960, 'miles': 384, 'min_stay': 1, 'mircashback': 480}, {'id': 742138, 'force_prepayment': 0, 'capacity': 2, 'prepayment': 'NO', 'nonrefundable': 0, 'cancellation_period': 0, 'cancellation_fee': 'NO', 'breakfast': 0, 'base_price': 4800, 'prices': [4800], 'price': 4800, 'old_price': 0, 'currency': 'RUB', 'payment_amount': 0, 'extras_variants': [], 'extras': [], 'rate_id': 31838, 'deals': [], 'cancellation_type': 'free', 'credit_card': 0, 'bonus': 960, 'miles': 384, 'min_stay': 1, 'mircashback': 480}, {'id': 742139, 'force_prepayment': 0, 'capacity': 3, 'prepayment': 'NO', 'nonrefundable': 0, 'cancellation_period': 0, 'cancellation_fee': 'NO', 'breakfast': 0, 'base_price': 4800, 'prices': [4800], 'price': 4800, 'old_price': 0, 'currency': 'RUB', 'payment_amount': 0, 'extras_variants': [], 'extras': [], 'rate_id': 31838, 'deals': [], 'cancellation_type': 'free', 'credit_card': 0, 'bonus': 960, 'miles': 384, 'min_stay': 1, 'mircashback': 480}]",4800.0,384,14079_101hotels,2025-05-12
74032,,,2,0,0,1,Люкс,6,1,[{'double': 1}],[],"[{'id': 742135, 'force_prepayment': 0, 'capacity': 1, 'prepayment': 'NO', 'nonrefundable': 0, 'cancellation_period': 0, 'cancellation_fee': 'NO', 'breakfast': 0, 'base_price': 5800, 'prices': [5800], 'price': 5800, 'old_price': 0, 'currency': 'RUB', 'payment_amount': 0, 'extras_variants': [], 'extras': [], 'rate_id': 31838, 'deals': [], 'cancellation_type': 'free', 'credit_card': 0, 'bonus': 1160, 'miles': 464, 'min_stay': 1, 'mircashback': 580}, {'id': 742136, 'force_prepayment': 0, 'capacity': 2, 'prepayment': 'NO', 'nonrefundable': 0, 'cancellation_period': 0, 'cancellation_fee': 'NO', 'breakfast': 0, 'base_price': 5800, 'prices': [5800], 'price': 5800, 'old_price': 0, 'currency': 'RUB', 'payment_amount': 0, 'extras_variants': [], 'extras': [], 'rate_id': 31838, 'deals': [], 'cancellation_type': 'free', 'credit_card': 0, 'bonus': 1160, 'miles': 464, 'min_stay': 1, 'mircashback': 580}]",5800.0,464,14079_101hotels,2025-05-12
74033,,,2,0,0,1,Полулюкс,4,1,"[{'double': 1, 'sofa': 1}]",[],"[{'id': 742133, 'force_prepayment': 0, 'capacity': 1, 'prepayment': 'NO', 'nonrefundable': 0, 'cancellation_period': 0, 'cancellation_fee': 'NO', 'breakfast': 0, 'base_price': 5300, 'prices': [5300], 'price': 5300, 'old_price': 0, 'currency': 'RUB', 'payment_amount': 0, 'extras_variants': [], 'extras': [], 'rate_id': 31838, 'deals': [], 'cancellation_type': 'free', 'credit_card': 0, 'bonus': 1060, 'miles': 424, 'min_stay': 1, 'mircashback': 530}, {'id': 742134, 'force_prepayment': 0, 'capacity': 2, 'prepayment': 'NO', 'nonrefundable': 0, 'cancellation_period': 0, 'cancellation_fee': 'NO', 'breakfast': 0, 'base_price': 5300, 'prices': [5300], 'price': 5300, 'old_price': 0, 'currency': 'RUB', 'payment_amount': 0, 'extras_variants': [], 'extras': [], 'rate_id': 31838, 'deals': [], 'cancellation_type': 'free', 'credit_card': 0, 'bonus': 1060, 'miles': 424, 'min_stay': 1, 'mircashback': 530}]",5300.0,424,14079_101hotels,2025-05-12
70634,,Джуниор Сьют,2,1,0,1,Двухместный,2,7,[{'double': 1}],[],"[{'id': 680190, 'force_prepayment': 0, 'capacity': 1, 'prepayment': 'NO', 'nonrefundable': 0, 'cancellation_period': 0, 'cancellation_fee': 'NO', 'breakfast': 0, 'base_price': 7050, 'prices': [7050], 'price': 7050, 'old_price': 0, 'currency': 'RUB', 'payment_amount': 0, 'extras_variants': [], 'extras': [], 'rate_id': 27028, 'deals': [], 'cancellation_type': 'free', 'credit_card': 0, 'bonus': 1410, 'miles': 564, 'min_stay': 1, 'mircashback': 705}, {'id': 643047, 'force_prepayment': 0, 'capacity': 1, 'prepayment': 'FIRST', 'nonrefundable': 0, 'cancellation_period': 0, 'cancellation_fee': 'NO', 'breakfast': 1, 'base_price': 7400, 'prices': [7400], 'price': 7400, 'old_price': 0, 'currency': 'RUB', 'payment_amount': 7400, 'extras_variants': [], 'extras': [], 'rate_id': 24319, 'deals': [], 'cancellation_type': 'free', 'credit_card': 1, 'bonus': 1480, 'miles': 592, 'min_stay': 1, 'mircashback': 740}, {'id': 680191, 'force_prepayment': 0, 'capacity': 2, 'prepayment': 'NO', 'nonrefundable': 0, 'cancellation_period': 0, 'cancellation_fee': 'NO', 'breakfast': 0, 'base_price': 7700, 'prices': [7700], 'price': 7700, 'old_price': 0, 'currency': 'RUB', 'payment_amount': 0, 'extras_variants': [], 'extras': [], 'rate_id': 27028, 'deals': [], 'cancellation_type': 'free', 'credit_card': 0, 'bonus': 1540, 'miles': 616, 'min_stay': 1, 'mircashback': 770}, {'id': 643048, 'force_prepayment': 0, 'capacity': 2, 'prepayment': 'FIRST', 'nonrefundable': 0, 'cancellation_period': 0, 'cancellation_fee': 'NO', 'breakfast': 1, 'base_price': 8400, 'prices': [8400], 'price': 8400, 'old_price': 0, 'currency': 'RUB', 'payment_amount': 8400, 'extras_variants': [], 'extras': [], 'rate_id': 24319, 'deals': [], 'cancellation_type': 'free', 'credit_card': 1, 'bonus': 1680, 'miles': 672, 'min_stay': 1, 'mircashback': 840}]",7050.0,564,13173_101hotels,2025-05-12
70635,,Стандарт,2,0,0,1,Двухместный,2,7,[{'single': 2}],[],"[{'id': 680192, 'force_prepayment': 0, 'capacity': 1, 'prepayment': 'NO', 'nonrefundable': 0, 'cancellation_period': 0, 'cancellation_fee': 'NO', 'breakfast': 0, 'base_price': 5550, 'prices': [5550], 'price': 5550, 'old_price': 0, 'currency': 'RUB', 'payment_amount': 0, 'extras_variants': [], 'extras': [], 'rate_id': 27028, 'deals': [], 'cancellation_type': 'free', 'credit_card': 0, 'bonus': 1110, 'miles': 444, 'min_stay': 1, 'mircashback': 555}, {'id': 643049, 'force_prepayment': 0, 'capacity': 1, 'prepayment': 'FIRST', 'nonrefundable': 0, 'cancellation_period': 0, 'cancellation_fee': 'NO', 'breakfast': 1, 'base_price': 5900, 'prices': [5900], 'price': 5900, 'old_price': 0, 'currency': 'RUB', 'payment_amount': 5900, 'extras_variants': [], 'extras': [], 'rate_id': 24319, 'deals': [], 'cancellation_type': 'free', 'credit_card': 1, 'bonus': 1180, 'miles': 472, 'min_stay': 1, 'mircashback': 590}, {'id': 680193, 'force_prepayment': 0, 'capacity': 2, 'prepayment': 'NO', 'nonrefundable': 0, 'cancellation_period': 0, 'cancellation_fee': 'NO', 'breakfast': 0, 'base_price': 6200, 'prices': [6200], 'price': 6200, 'old_price': 0, 'currency': 'RUB', 'payment_amount': 0, 'extras_variants': [], 'extras': [], 'rate_id': 27028, 'deals': [], 'cancellation_type': 'free', 'credit_card': 0, 'bonus': 1240, 'miles': 496, 'min_stay': 1, 'mircashback': 620}, {'id': 643050, 'force_prepayment': 0, 'capacity': 2, 'prepayment': 'FIRST', 'nonrefundable': 0, 'cancellation_period': 0, 'cancellation_fee': 'NO', 'breakfast': 1, 'base_price': 6900, 'prices': [6900], 'price': 6900, 'old_price': 0, 'currency': 'RUB', 'payment_amount': 6900, 'extras_variants': [], 'extras': [], 'rate_id': 24319, 'deals': [], 'cancellation_type': 'free', 'credit_card': 1, 'bonus': 1380, 'miles': 552, 'min_stay': 1, 'mircashback': 690}]",5550.0,444,13173_101hotels,2025-05-12
70636,,Представительский,2,2,0,1,Люкс,6,4,[{'double': 1}],"[{'number': '1', 'min_age': '6', 'max_age': '18', 'is_extra_bed': '0', 'extra_bed_type_id': '0'}]","[{'id': 680198, 'force_prepayment': 0, 'capacity': 1, 'prepayment': 'NO', 'nonrefundable': 0, 'cancellation_period': 0, 'cancellation_fee': 'NO', 'breakfast': 0, 'base_price': 11150, 'prices': [11150], 'price': 11150, 'old_price': 0, 'currency': 'RUB', 'payment_amount': 0, 'extras_variants': [], 'extras': [], 'rate_id': 27028, 'deals': [], 'cancellation_type': 'free', 'credit_card': 0, 'bonus': 2230, 'miles': 892, 'min_stay': 1, 'mircashback': 1115}, {'id': 643055, 'force_prepayment': 0, 'capacity': 1, 'prepayment': 'FIRST', 'nonrefundable': 0, 'cancellation_period': 0, 'cancellation_fee': 'NO', 'breakfast': 1, 'base_price': 11500, 'prices': [11500], 'price': 11500, 'old_price': 0, 'currency': 'RUB', 'payment_amount': 11500, 'extras_variants': [], 'extras': [], 'rate_id': 24319, 'deals': [], 'cancellation_type': 'free', 'credit_card': 1, 'bonus': 2300, 'miles': 920, 'min_stay': 1, 'mircashback': 1150}, {'id': 680199, 'force_prepayment': 0, 'capacity': 2, 'prepayment': 'NO', 'nonrefundable': 0, 'cancellation_period': 0, 'cancellation_fee': 'NO', 'breakfast': 0, 'base_price': 11800, 'prices': [11800], 'price': 11800, 'old_price': 0, 'currency': 'RUB', 'payment_amount': 0, 'extras_variants': [], 'extras': [], 'rate_id': 27028, 'deals': [], 'cancellation_type': 'free', 'credit_card': 0, 'bonus': 2360, 'miles': 944, 'min_stay': 1, 'mircashback': 1180}, {'id': 643056, 'force_prepayment': 0, 'capacity': 2, 'prepayment': 'FIRST', 'nonrefundable': 0, 'cancellation_period': 0, 'cancellation_fee': 'NO', 'breakfast': 1, 'base_price': 12500, 'prices': [12500], 'price': 12500, 'old_price': 0, 'currency': 'RUB', 'payment_amount': 12500, 'extras_variants': [], 'extras': [], 'rate_id': 24319, 'deals': [], 'cancellation_type': 'free', 'credit_card': 1, 'bonus': 2500, 'miles': 1000, 'min_stay': 1, 'mircashback': 1250}]",11150.0,892,13173_101hotels,2025-05-12
70637,,Президентский,2,2,0,1,Люкс,6,6,[{'double': 1}],[],"[{'id': 680200, 'force_prepayment': 0, 'capacity': 1, 'prepayment': 'NO', 'nonrefundable': 0, 'cancellation_period': 0, 'cancellation_fee': 'NO', 'breakfast': 0, 'base_price': 12150, 'prices': [12150], 'price': 12150, 'old_price': 0, 'currency': 'RUB', 'payment_amount': 0, 'extras_variants': [], 'extras': [], 'rate_id': 27028, 'deals': [], 'cancellation_type': 'free', 'credit_card': 0, 'bonus': 2430, 'miles': 972, 'min_stay': 1, 'mircashback': 1215}, {'id': 643057, 'force_prepayment': 0, 'capacity': 1, 'prepayment': 'FIRST', 'nonrefundable': 0, 'cancellation_period': 0, 'cancellation_fee': 'NO', 'breakfast': 1, 'base_price': 12500, 'prices': [12500], 'price': 12500, 'old_price': 0, 'currency': 'RUB', 'payment_amount': 12500, 'extras_variants': [], 'extras': [], 'rate_id': 24319, 'deals': [], 'cancellation_type': 'free', 'credit_card': 1, 'bonus': 2500, 'miles': 1000, 'min_stay': 1, 'mircashback': 1250}, {'id': 680201, 'force_prepayment': 0, 'capacity': 2, 'prepayment': 'NO', 'nonrefundable': 0, 'cancellation_period': 0, 'cancellation_fee': 'NO', 'breakfast': 0, 'base_price': 12800, 'prices': [12800], 'price': 12800, 'old_price': 0, 'currency': 'RUB', 'payment_amount': 0, 'extras_variants': [], 'extras': [], 'rate_id': 27028, 'deals': [], 'cancellation_type': 'free', 'credit_card': 0, 'bonus': 2560, 'miles': 1024, 'min_stay': 1, 'mircashback': 1280}, {'id': 643058, 'force_prepayment': 0, 'capacity': 2, 'prepayment': 'FIRST', 'nonrefundable': 0, 'cancellation_period': 0, 'cancellation_fee': 'NO', 'breakfast': 1, 'base_price': 13500, 'prices': [13500], 'price': 13500, 'old_price': 0, 'currency': 'RUB', 'payment_amount': 13500, 'extras_variants': [], 'extras': [], 'rate_id': 24319, 'deals': [], 'cancellation_type': 'free', 'credit_card': 1, 'bonus': 2700, 'miles': 1080, 'min_stay': 1, 'mircashback': 1350}]",12150.0,972,13173_101hotels,2025-05-12
72266,,Семейный,2,3,0,1,Люкс,6,1,"[{'double': 1, 'sofa': 1}]",[],"[{'id': 680202, 'force_prepayment': 0, 'capacity': 1, 'prepayment': 'NO', 'nonrefundable': 0, 'cancellation_period': 0, 'cancellation_fee': 'NO', 'breakfast': 0, 'base_price': 10650, 'prices': [10650], 'price': 10650, 'old_price': 0, 'currency': 'RUB', 'payment_amount': 0, 'extras_variants': [], 'extras': [], 'rate_id': 27028, 'deals': [], 'cancellation_type': 'free', 'credit_card': 0, 'bonus': 2130, 'miles': 852, 'min_stay': 1, 'mircashback': 1065}, {'id': 643059, 'force_prepayment': 0, 'capacity': 1, 'prepayment': 'FIRST', 'nonrefundable': 0, 'cancellation_period': 0, 'cancellation_fee': 'NO', 'breakfast': 1, 'base_price': 11000, 'prices': [11000], 'price': 11000, 'old_price': 0, 'currency': 'RUB', 'payment_amount': 11000, 'extras_variants': [], 'extras': [], 'rate_id': 24319, 'deals': [], 'cancellation_type': 'free', 'credit_card': 1, 'bonus': 2200, 'miles': 880, 'min_stay': 1, 'mircashback': 1100}, {'id': 680203, 'force_prepayment': 0, 'capacity': 2, 'prepayment': 'NO', 'nonrefundable': 0, 'cancellation_period': 0, 'cancellation_fee': 'NO', 'breakfast': 0, 'base_price': 11300, 'prices': [11300], 'price': 11300, 'old_price': 0, 'currency': 'RUB', 'payment_amount': 0, 'extras_variants': [], 'extras': [], 'rate_id': 27028, 'deals': [], 'cancellation_type': 'free', 'credit_card': 0, 'bonus': 2260, 'miles': 904, 'min_stay': 1, 'mircashback': 1130}, {'id': 643060, 'force_prepayment': 0, 'capacity': 2, 'prepayment': 'FIRST', 'nonrefundable': 0, 'cancellation_period': 0, 'cancellation_fee': 'NO', 'breakfast': 1, 'base_price': 12000, 'prices': [12000], 'price': 12000, 'old_price': 0, 'currency': 'RUB', 'payment_amount': 12000, 'extras_variants': [], 'extras': [], 'rate_id': 24319, 'deals': [], 'cancellation_type': 'free', 'credit_card': 1, 'bonus': 2400, 'miles': 960, 'min_stay': 1, 'mircashback': 1200}]",10650.0,852,13173_101hotels,2025-05-12
72267,,Супериор,2,1,0,1,Двухместный,2,26,[{'single': 2}],[],"[{'id': 680194, 'force_prepayment': 0, 'capacity': 1, 'prepayment': 'NO', 'nonrefundable': 0, 'cancellation_period': 0, 'cancellation_fee': 'NO', 'breakfast': 0, 'base_price': 6550, 'prices': [6550], 'price': 6550, 'old_price': 0, 'currency': 'RUB', 'payment_amount': 0, 'extras_variants': [], 'extras': [], 'rate_id': 27028, 'deals': [], 'cancellation_type': 'free', 'credit_card': 0, 'bonus': 1310, 'miles': 524, 'min_stay': 1, 'mircashback': 655}, {'id': 643051, 'force_prepayment': 0, 'capacity': 1, 'prepayment': 'FIRST', 'nonrefundable': 0, 'cancellation_period': 0, 'cancellation_fee': 'NO', 'breakfast': 1, 'base_price': 6900, 'prices': [6900], 'price': 6900, 'old_price': 0, 'currency': 'RUB', 'payment_amount': 6900, 'extras_variants': [], 'extras': [], 'rate_id': 24319, 'deals': [], 'cancellation_type': 'free', 'credit_card': 1, 'bonus': 1380, 'miles': 552, 'min_stay': 1, 'mircashback': 690}, {'id': 680195, 'force_prepayment': 0, 'capacity': 2, 'prepayment': 'NO', 'nonrefundable': 0, 'cancellation_period': 0, 'cancellation_fee': 'NO', 'breakfast': 0, 'base_price': 7200, 'prices': [7200], 'price': 7200, 'old_price': 0, 'currency': 'RUB', 'payment_amount': 0, 'extras_variants': [], 'extras': [], 'rate_id': 27028, 'deals': [], 'cancellation_type': 'free', 'credit_card': 0, 'bonus': 1440, 'miles': 576, 'min_stay': 1, 'mircashback': 720}, {'id': 643052, 'force_prepayment': 0, 'capacity': 2, 'prepayment': 'FIRST', 'nonrefundable': 0, 'cancellation_period': 0, 'cancellation_fee': 'NO', 'breakfast': 1, 'base_price': 7900, 'prices': [7900], 'price': 7900, 'old_price': 0, 'currency': 'RUB', 'payment_amount': 7900, 'extras_variants': [], 'extras': [], 'rate_id': 24319, 'deals': [], 'cancellation_type': 'free', 'credit_card': 1, 'bonus': 1580, 'miles': 632, 'min_stay': 1, 'mircashback': 790}]",6550.0,524,13173_101hotels,2025-05-12
123237,,Cтандарт +,2,0,0,1,Двухместный,2,23,[{'single': 2}],[],"[{'id': 680196, 'force_prepayment': 0, 'capacity': 1, 'prepayment': 'NO', 'nonrefundable': 0, 'cancellation_period': 0, 'cancellation_fee': 'NO', 'breakfast': 0, 'base_price': 6050, 'prices': [6050], 'price': 6050, 'old_price': 0, 'currency': 'RUB', 'payment_amount': 0, 'extras_variants': [], 'extras': [], 'rate_id': 27028, 'deals': [], 'cancellation_type': 'free', 'credit_card': 0, 'bonus': 1210, 'miles': 484, 'min_stay': 1, 'mircashback': 605}, {'id': 643053, 'force_prepayment': 0, 'capacity': 1, 'prepayment': 'FIRST', 'nonrefundable': 0, 'cancellation_period': 0, 'cancellation_fee': 'NO', 'breakfast': 1, 'base_price': 6400, 'prices': [6400], 'price': 6400, 'old_price': 0, 'currency': 'RUB', 'payment_amount': 6400, 'extras_variants': [], 'extras': [], 'rate_id': 24319, 'deals': [], 'cancellation_type': 'free', 'credit_card': 1, 'bonus': 1280, 'miles': 512, 'min_stay': 1, 'mircashback': 640}, {'id': 680197, 'force_prepayment': 0, 'capacity': 2, 'prepayment': 'NO', 'nonrefundable': 0, 'cancellation_period': 0, 'cancellation_fee': 'NO', 'breakfast': 0, 'base_price': 6700, 'prices': [6700], 'price': 6700, 'old_price': 0, 'currency': 'RUB', 'payment_amount': 0, 'extras_variants': [], 'extras': [], 'rate_id': 27028, 'deals': [], 'cancellation_type': 'free', 'credit_card': 0, 'bonus': 1340, 'miles': 536, 'min_stay': 1, 'mircashback': 670}, {'id': 643054, 'force_prepayment': 0, 'capacity': 2, 'prepayment': 'FIRST', 'nonrefundable': 0, 'cancellation_period': 0, 'cancellation_fee': 'NO', 'breakfast': 1, 'base_price': 7400, 'prices': [7400], 'price': 7400, 'old_price': 0, 'currency': 'RUB', 'payment_amount': 7400, 'extras_variants': [], 'extras': [], 'rate_id': 24319, 'deals': [], 'cancellation_type': 'free', 'credit_card': 1, 'bonus': 1480, 'miles': 592, 'min_stay': 1, 'mircashback': 740}]",6050.0,484,13173_101hotels,2025-05-12
2275420,,Аляска Стандарт 1 эт.,2,0,0,1,Двухместный,2,10,"[{'single': 2}, {'double': 1}]","[{'number': '1', 'min_age': '0', 'max_age': '7', 'is_extra_bed': '0', 'extra_bed_type_id': '0'}]","[{'id': 798678, 'force_prepayment': 0, 'capacity': 1, 'prepayment': 'FULL', 'nonrefundable': 0, 'cancellation_period': 1, 'cancellation_fee': 'FIRST', 'breakfast': 0, 'base_price': 5390, 'prices': [5390], 'price': 4851, 'old_price': 5390, 'currency': 'RUB', 'payment_amount': 5390, 'extras_variants': [], 'extras': [], 'rate_id': 36264, 'deals': ['LAST_MINUTE'], 'cancellation_type': 'special', 'credit_card': 1, 'bonus': 970, 'miles': 388, 'min_stay': 1, 'mircashback': 485}, {'id': 798679, 'force_prepayment': 0, 'capacity': 2, 'prepayment': 'FULL', 'nonrefundable': 0, 'cancellation_period': 1, 'cancellation_fee': 'FIRST', 'breakfast': 0, 'base_price': 5390, 'prices': [5390], 'price': 4851, 'old_price': 5390, 'currency': 'RUB', 'payment_amount': 5390, 'extras_variants': [], 'extras': [], 'rate_id': 36264, 'deals': ['LAST_MINUTE'], 'cancellation_type': 'special', 'credit_card': 1, 'bonus': 970, 'miles': 388, 'min_stay': 1, 'mircashback': 485}]",4851.0,388,666434_101hotels,2025-05-12
2275529,,Корпус Аляска Стандарт 2 этаж,2,0,0,1,Номер,45,4,"[{'double': 1}, {'single': 2}]","[{'number': '1', 'min_age': '0', 'max_age': '7', 'is_extra_bed': '0', 'extra_bed_type_id': '0'}]","[{'id': 799703, 'force_prepayment': 0, 'capacity': 1, 'prepayment': 'FULL', 'nonrefundable': 0, 'cancellation_period': 1, 'cancellation_fee': 'FIRST', 'breakfast': 0, 'base_price': 6050, 'prices': [6050], 'price': 5445, 'old_price': 6050, 'currency': 'RUB', 'payment_amount': 6050, 'extras_variants': [], 'extras': [], 'rate_id': 36264, 'deals': ['LAST_MINUTE'], 'cancellation_type': 'special', 'credit_card': 1, 'bonus': 1089, 'miles': 432, 'min_stay': 1, 'mircashback': 545}, {'id': 799705, 'force_prepayment': 0, 'capacity': 1, 'prepayment': 'FULL', 'nonrefundable': 1, 'cancellation_period': 0, 'cancellation_fee': 'FIRST', 'breakfast': 0, 'base_price': 6050, 'prices': [6050], 'price': 6050, 'old_price': 6050, 'currency': 'RUB', 'payment_amount': 6050, 'extras_variants': [], 'extras': [], 'rate_id': 36262, 'deals': [], 'cancellation_type': 'nonrefundable', 'credit_card': 1, 'bonus': 1210, 'miles': 484, 'min_stay': 1, 'mircashback': 605}, {'id': 799704, 'force_prepayment': 0, 'capacity': 2, 'prepayment': 'FULL', 'nonrefundable': 0, 'cancellation_period': 1, 'cancellation_fee': 'FIRST', 'breakfast': 0, 'base_price': 6050, 'prices': [6050], 'price': 5445, 'old_price': 6050, 'currency': 'RUB', 'payment_amount': 6050, 'extras_variants': [], 'extras': [], 'rate_id': 36264, 'deals': ['LAST_MINUTE'], 'cancellation_type': 'special', 'credit_card': 1, 'bonus': 1089, 'miles': 432, 'min_stay': 1, 'mircashback': 545}, {'id': 799706, 'force_prepayment': 0, 'capacity': 2, 'prepayment': 'FULL', 'nonrefundable': 1, 'cancellation_period': 0, 'cancellation_fee': 'FIRST', 'breakfast': 0, 'base_price': 6050, 'prices': [6050], 'price': 6050, 'old_price': 6050, 'currency': 'RUB', 'payment_amount': 6050, 'extras_variants': [], 'extras': [], 'rate_id': 36262, 'deals': [], 'cancellation_type': 'nonrefundable', 'credit_card': 1, 'bonus': 1210, 'miles': 484, 'min_stay': 1, 'mircashback': 605}]",5445.0,432,666434_101hotels,2025-05-12
5802,,Стандарт Twin,2,0,0,1,Двухместный,2,6,[{'single': 2}],[],"[{'id': 267567, 'force_prepayment': 0, 'capacity': 1, 'prepayment': 'FULL', 'nonrefundable': 1, 'cancellation_period': 0, 'cancellation_fee': 'FIRST', 'breakfast': 0, 'base_price': 3300, 'prices': [3300], 'price': 3300, 'old_price': 3300, 'currency': 'RUB', 'payment_amount': 3300, 'extras_variants': [], 'extras': [], 'rate_id': 992, 'deals': [], 'cancellation_type': 'nonrefundable', 'credit_card': 1, 'bonus': 660, 'miles': 264, 'min_stay': 1, 'mircashback': 330}, {'id': 267568, 'force_prepayment': 0, 'capacity': 2, 'prepayment': 'FULL', 'nonrefundable': 1, 'cancellation_period': 0, 'cancellation_fee': 'FIRST', 'breakfast': 0, 'base_price': 4000, 'prices': [4000], 'price': 4000, 'old_price': 4000, 'currency': 'RUB', 'payment_amount': 4000, 'extras_variants': [], 'extras': [], 'rate_id': 992, 'deals': [], 'cancellation_type': 'nonrefundable', 'credit_card': 1, 'bonus': 800, 'miles': 320, 'min_stay': 1, 'mircashback': 400}]",3300.0,264,1970_101hotels,2025-05-12
5803,,Джуниор Сюит TWIN,2,0,0,1,Студио,5,1,[{'single': 2}],[],"[{'id': 267571, 'force_prepayment': 0, 'capacity': 1, 'prepayment': 'FULL', 'nonrefundable': 1, 'cancellation_period': 0, 'cancellation_fee': 'FIRST', 'breakfast': 0, 'base_price': 6000, 'prices': [6000], 'price': 6000, 'old_price': 6000, 'currency': 'RUB', 'payment_amount': 6000, 'extras_variants': [], 'extras': [], 'rate_id': 992, 'deals': [], 'cancellation_type': 'nonrefundable', 'credit_card': 1, 'bonus': 1200, 'miles': 480, 'min_stay': 1, 'mircashback': 600}, {'id': 267572, 'force_prepayment': 0, 'capacity': 2, 'prepayment': 'FULL', 'nonrefundable': 1, 'cancellation_period': 0, 'cancellation_fee': 'FIRST', 'breakfast': 0, 'base_price': 6000, 'prices': [6000], 'price': 6000, 'old_price': 6000, 'currency': 'RUB', 'payment_amount': 6000, 'extras_variants': [], 'extras': [], 'rate_id': 992, 'deals': [], 'cancellation_type': 'nonrefundable', 'credit_card': 1, 'bonus': 1200, 'miles': 480, 'min_stay': 1, 'mircashback': 600}]",6000.0,480,1970_101hotels,2025-05-12
1693680,,TRPL,3,0,0,1,Трехместный,37,3,"[{'single': 1, 'double': 1}]",[],"[{'id': 267580, 'force_prepayment': 0, 'capacity': 1, 'prepayment': 'FULL', 'nonrefundable': 1, 'cancellation_period': 0, 'cancellation_fee': 'FIRST', 'breakfast': 0, 'base_price': 4200, 'prices': [4200], 'price': 4200, 'old_price': 4200, 'currency': 'RUB', 'payment_amount': 4200, 'extras_variants': [], 'extras': [], 'rate_id': 992, 'deals': [], 'cancellation_type': 'nonrefundable', 'credit_card': 1, 'bonus': 840, 'miles': 336, 'min_stay': 1, 'mircashback': 420}, {'id': 267581, 'force_prepayment': 0, 'capacity': 2, 'prepayment': 'FULL', 'nonrefundable': 1, 'cancellation_period': 0, 'cancellation_fee': 'FIRST', 'breakfast': 0, 'base_price': 4200, 'prices': [4200], 'price': 4200, 'old_price': 4200, 'currency': 'RUB', 'payment_amount': 4200, 'extras_variants': [], 'extras': [], 'rate_id': 992, 'deals': [], 'cancellation_type': 'nonrefundable', 'credit_card': 1, 'bonus': 840, 'miles': 336, 'min_stay': 1, 'mircashback': 420}, {'id': 267582, 'force_prepayment': 0, 'capacity': 3, 'prepayment': 'FULL', 'nonrefundable': 1, 'cancellation_period': 0, 'cancellation_fee': 'FIRST', 'breakfast': 0, 'base_price': 4200, 'prices': [4200], 'price': 4200, 'old_price': 4200, 'currency': 'RUB', 'payment_amount': 4200, 'extras_variants': [], 'extras': [], 'rate_id': 992, 'deals': [], 'cancellation_type': 'nonrefundable', 'credit_card': 1, 'bonus': 840, 'miles': 336, 'min_stay': 1, 'mircashback': 420}]",4200.0,336,1970_101hotels,2025-05-12
1693681,,Джуниор Сюит Double,3,0,0,1,Студио,5,3,"[{'double': 1, 's-sofa': 1}]",[],"[{'id': 267569, 'force_prepayment': 0, 'capacity': 1, 'prepayment': 'FULL', 'nonrefundable': 1, 'cancellation_period': 0, 'cancellation_fee': 'FIRST', 'breakfast': 0, 'base_price': 6000, 'prices': [6000], 'price': 6000, 'old_price': 6000, 'currency': 'RUB', 'payment_amount': 6000, 'extras_variants': [], 'extras': [], 'rate_id': 992, 'deals': [], 'cancellation_type': 'nonrefundable', 'credit_card': 1, 'bonus': 1200, 'miles': 480, 'min_stay': 1, 'mircashback': 600}, {'id': 267570, 'force_prepayment': 0, 'capacity': 2, 'prepayment': 'FULL', 'nonrefundable': 1, 'cancellation_period': 0, 'cancellation_fee': 'FIRST', 'breakfast': 0, 'base_price': 6000, 'prices': [6000], 'price': 6000, 'old_price': 6000, 'currency': 'RUB', 'payment_amount': 6000, 'extras_variants': [], 'extras': [], 'rate_id': 992, 'deals': [], 'cancellation_type': 'nonrefundable', 'credit_card': 1, 'bonus': 1200, 'miles': 480, 'min_stay': 1, 'mircashback': 600}, {'id': 759685, 'force_prepayment': 0, 'capacity': 3, 'prepayment': 'FULL', 'nonrefundable': 1, 'cancellation_period': 0, 'cancellation_fee': 'FIRST', 'breakfast': 0, 'base_price': 6000, 'prices': [6000], 'price': 6000, 'old_price': 6000, 'currency': 'RUB', 'payment_amount': 6000, 'extras_variants': [], 'extras': [], 'rate_id': 992, 'deals': [], 'cancellation_type': 'nonrefundable', 'credit_card': 1, 'bonus': 1200, 'miles': 480, 'min_stay': 1, 'mircashback': 600}]",6000.0,480,1970_101hotels,2025-05-12
2265481,,Эконом,6,0,0,1,Шестиместный,36,1,[{'single': 6}],[],"[{'id': 724819, 'force_prepayment': 0, 'capacity': 1, 'prepayment': 'FULL', 'nonrefundable': 1, 'cancellation_period': 0, 'cancellation_fee': 'FIRST', 'breakfast': 0, 'base_price': 6000, 'prices': [6000], 'price': 6000, 'old_price': 6000, 'currency': 'RUB', 'payment_amount': 6000, 'extras_variants': [], 'extras': [], 'rate_id': 992, 'deals': [], 'cancellation_type': 'nonrefundable', 'credit_card': 1, 'bonus': 1200, 'miles': 480, 'min_stay': 1, 'mircashback': 600}, {'id': 724820, 'force_prepayment': 0, 'capacity': 2, 'prepayment': 'FULL', 'nonrefundable': 1, 'cancellation_period': 0, 'cancellation_fee': 'FIRST', 'breakfast': 0, 'base_price': 6000, 'prices': [6000], 'price': 6000, 'old_price': 6000, 'currency': 'RUB', 'payment_amount': 6000, 'extras_variants': [], 'extras': [], 'rate_id': 992, 'deals': [], 'cancellation_type': 'nonrefundable', 'credit_card': 1, 'bonus': 1200, 'miles': 480, 'min_stay': 1, 'mircashback': 600}, {'id': 724821, 'force_prepayment': 0, 'capacity': 3, 'prepayment': 'FULL', 'nonrefundable': 1, 'cancellation_period': 0, 'cancellation_fee': 'FIRST', 'breakfast': 0, 'base_price': 6000, 'prices': [6000], 'price': 6000, 'old_price': 6000, 'currency': 'RUB', 'payment_amount': 6000, 'extras_variants': [], 'extras': [], 'rate_id': 992, 'deals': [], 'cancellation_type': 'nonrefundable', 'credit_card': 1, 'bonus': 1200, 'miles': 480, 'min_stay': 1, 'mircashback': 600}, {'id': 724822, 'force_prepayment': 0, 'capacity': 4, 'prepayment': 'FULL', 'nonrefundable': 1, 'cancellation_period': 0, 'cancellation_fee': 'FIRST', 'breakfast': 0, 'base_price': 6000, 'prices': [6000], 'price': 6000, 'old_price': 6000, 'currency': 'RUB', 'payment_amount': 6000, 'extras_variants': [], 'extras': [], 'rate_id': 992, 'deals': [], 'cancellation_type': 'nonrefundable', 'credit_card': 1, 'bonus': 1200, 'miles': 480, 'min_stay': 1, 'mircashback': 600}, {'id': 724823, 'force_prepayment': 0, 'capacity': 5, 'prepayment': 'FULL', 'nonrefundable': 1, 'cancellation_period': 0, 'cancellation_fee': 'FIRST', 'breakfast': 0, 'base_price': 6000, 'prices': [6000], 'price': 6000, 'old_price': 6000, 'currency': 'RUB', 'payment_amount': 6000, 'extras_variants': [], 'extras': [], 'rate_id': 992, 'deals': [], 'cancellation_type': 'nonrefundable', 'credit_card': 1, 'bonus': 1200, 'miles': 480, 'min_stay': 1, 'mircashback': 600}, {'id': 724824, 'force_prepayment': 0, 'capacity': 6, 'prepayment': 'FULL', 'nonrefundable': 1, 'cancellation_period': 0, 'cancellation_fee': 'FIRST', 'breakfast': 0, 'base_price': 6000, 'prices': [6000], 'price': 6000, 'old_price': 6000, 'currency': 'RUB', 'payment_amount': 6000, 'extras_variants': [], 'extras': [], 'rate_id': 992, 'deals': [], 'cancellation_type': 'nonrefundable', 'credit_card': 1, 'bonus': 1200, 'miles': 480, 'min_stay': 1, 'mircashback': 600}]",6000.0,480,1970_101hotels,2025-05-12
2274285,,Апартаменты Озеро,2,0,0,1,Двухместный,2,1,[{'double': 1}],[],"[{'id': 790264, 'force_prepayment': 0, 'capacity': 1, 'prepayment': 'FULL', 'nonrefundable': 0, 'cancellation_period': 0, 'cancellation_fee': 'NO', 'breakfast': 0, 'base_price': 3080, 'prices': [3080], 'price': 3080, 'old_price': 3080, 'currency': 'RUB', 'payment_amount': 3080, 'extras_variants': [], 'extras': [], 'rate_id': 35631, 'deals': [], 'cancellation_type': 'free', 'credit_card': 1, 'bonus': 616, 'miles': 244, 'min_stay': 1, 'mircashback': 308}, {'id': 790265, 'force_prepayment': 0, 'capacity': 2, 'prepayment': 'FULL', 'nonrefundable': 0, 'cancellation_period': 0, 'cancellation_fee': 'NO', 'breakfast': 0, 'base_price': 3080, 'prices': [3080], 'price': 3080, 'old_price': 3080, 'currency': 'RUB', 'payment_amount': 3080, 'extras_variants': [], 'extras': [], 'rate_id': 35631, 'deals': [], 'cancellation_type': 'free', 'credit_card': 1, 'bonus': 616, 'miles': 244, 'min_stay': 1, 'mircashback': 308}]",3080.0,244,666215_101hotels,2025-05-12
2274286,,Апартаменты Экзотика,2,0,0,1,Двухместный,2,1,[{'double': 1}],[],"[{'id': 790266, 'force_prepayment': 0, 'capacity': 1, 'prepayment': 'FULL', 'nonrefundable': 0, 'cancellation_period': 0, 'cancellation_fee': 'NO', 'breakfast': 0, 'base_price': 3080, 'prices': [3080], 'price': 3080, 'old_price': 3080, 'currency': 'RUB', 'payment_amount': 3080, 'extras_variants': [], 'extras': [], 'rate_id': 35631, 'deals': [], 'cancellation_type': 'free', 'credit_card': 1, 'bonus': 616, 'miles': 244, 'min_stay': 1, 'mircashback': 308}, {'id': 790267, 'force_prepayment': 0, 'capacity': 2, 'prepayment': 'FULL', 'nonrefundable': 0, 'cancellation_period': 0, 'cancellation_fee': 'NO', 'breakfast': 0, 'base_price': 3080, 'prices': [3080], 'price': 3080, 'old_price': 3080, 'currency': 'RUB', 'payment_amount': 3080, 'extras_variants': [], 'extras': [], 'rate_id': 35631, 'deals': [], 'cancellation_type': 'free', 'credit_card': 1, 'bonus': 616, 'miles': 244, 'min_stay': 1, 'mircashback': 308}]",3080.0,244,666215_101hotels,2025-05-12
5843,,Стандартный Double,2,0,0,1,Двухместный,2,4,[{'double': 1}],[],"[{'id': 304044, 'force_prepayment': 1, 'capacity': 1, 'prepayment': 'NO', 'nonrefundable': 0, 'cancellation_period': 0, 'cancellation_fee': 'NO', 'breakfast': 6, 'base_price': 4200, 'prices': [4200], 'price': 4200, 'old_price': 0, 'currency': 'RUB', 'payment_amount': 0, 'extras_variants': [], 'extras': [], 'rate_id': 2581, 'deals': [], 'cancellation_type': 'free', 'credit_card': 0, 'bonus': 840, 'miles': 336, 'min_stay': 1, 'mircashback': 420}, {'id': 304045, 'force_prepayment': 1, 'capacity': 2, 'prepayment': 'NO', 'nonrefundable': 0, 'cancellation_period': 0, 'cancellation_fee': 'NO', 'breakfast': 6, 'base_price': 4900, 'prices': [4900], 'price': 4900, 'old_price': 0, 'currency': 'RUB', 'payment_amount': 0, 'extras_variants': [], 'extras': [], 'rate_id': 2581, 'deals': [], 'cancellation_type': 'free', 'credit_card': 0, 'bonus': 980, 'miles': 392, 'min_stay': 1, 'mircashback': 490}, {'id': '304044P', 'force_prepayment': 1, 'capacity': 1, 'prepayment': 'FULL', 'nonrefundable': 0, 'cancellation_period': 0, 'cancellation_fee': 'NO', 'breakfast': 6, 'base_price': 4200, 'prices': [4200], 'price': 4200, 'old_price': 0, 'currency': 'RUB', 'payment_amount': 4200, 'extras_variants': [], 'extras': [], 'rate_id': 2581, 'deals': [], 'cancellation_type': 'free', 'credit_card': 0, 'bonus': 840, 'miles': 336, 'min_stay': 1, 'mircashback': 420}, {'id': '304045P', 'force_prepayment': 1, 'capacity': 2, 'prepayment': 'FULL', 'nonrefundable': 0, 'cancellation_period': 0, 'cancellation_fee': 'NO', 'breakfast': 6, 'base_price': 4900, 'prices': [4900], 'price': 4900, 'old_price': 0, 'currency': 'RUB', 'payment_amount': 4900, 'extras_variants': [], 'extras': [], 'rate_id': 2581, 'deals': [], 'cancellation_type': 'free', 'credit_card': 0, 'bonus': 980, 'miles': 392, 'min_stay': 1, 'mircashback': 490}]",4200.0,336,605_101hotels,2025-05-12
103694,,Стандартный Twin,2,0,0,1,Двухместный,2,1,[{'single': 2}],[],"[{'id': 304046, 'force_prepayment': 1, 'capacity': 1, 'prepayment': 'NO', 'nonrefundable': 0, 'cancellation_period': 0, 'cancellation_fee': 'NO', 'breakfast': 6, 'base_price': 4200, 'prices': [4200], 'price': 4200, 'old_price': 0, 'currency': 'RUB', 'payment_amount': 0, 'extras_variants': [], 'extras': [], 'rate_id': 2581, 'deals': [], 'cancellation_type': 'free', 'credit_card': 0, 'bonus': 840, 'miles': 336, 'min_stay': 1, 'mircashback': 420}, {'id': 304047, 'force_prepayment': 1, 'capacity': 2, 'prepayment': 'NO', 'nonrefundable': 0, 'cancellation_period': 0, 'cancellation_fee': 'NO', 'breakfast': 6, 'base_price': 4900, 'prices': [4900], 'price': 4900, 'old_price': 0, 'currency': 'RUB', 'payment_amount': 0, 'extras_variants': [], 'extras': [], 'rate_id': 2581, 'deals': [], 'cancellation_type': 'free', 'credit_card': 0, 'bonus': 980, 'miles': 392, 'min_stay': 1, 'mircashback': 490}, {'id': '304046P', 'force_prepayment': 1, 'capacity': 1, 'prepayment': 'FULL', 'nonrefundable': 0, 'cancellation_period': 0, 'cancellation_fee': 'NO', 'breakfast': 6, 'base_price': 4200, 'prices': [4200], 'price': 4200, 'old_price': 0, 'currency': 'RUB', 'payment_amount': 4200, 'extras_variants': [], 'extras': [], 'rate_id': 2581, 'deals': [], 'cancellation_type': 'free', 'credit_card': 0, 'bonus': 840, 'miles': 336, 'min_stay': 1, 'mircashback': 420}, {'id': '304047P', 'force_prepayment': 1, 'capacity': 2, 'prepayment': 'FULL', 'nonrefundable': 0, 'cancellation_period': 0, 'cancellation_fee': 'NO', 'breakfast': 6, 'base_price': 4900, 'prices': [4900], 'price': 4900, 'old_price': 0, 'currency': 'RUB', 'payment_amount': 4900, 'extras_variants': [], 'extras': [], 'rate_id': 2581, 'deals': [], 'cancellation_type': 'free', 'credit_card': 0, 'bonus': 980, 'miles': 392, 'min_stay': 1, 'mircashback': 490}]",4200.0,336,605_101hotels,2025-05-12
2221448,,Улучшенный,2,1,0,1,Двухместный,2,5,[{'double': 1}],[],"[{'id': 317252, 'force_prepayment': 1, 'capacity': 1, 'prepayment': 'NO', 'nonrefundable': 0, 'cancellation_period': 0, 'cancellation_fee': 'NO', 'breakfast': 6, 'base_price': 5000, 'prices': [5000], 'price': 5000, 'old_price': 0, 'currency': 'RUB', 'payment_amount': 0, 'extras_variants': [], 'extras': [], 'rate_id': 2581, 'deals': [], 'cancellation_type': 'free', 'credit_card': 0, 'bonus': 1000, 'miles': 400, 'min_stay': 1, 'mircashback': 500}, {'id': 317253, 'force_prepayment': 1, 'capacity': 2, 'prepayment': 'NO', 'nonrefundable': 0, 'cancellation_period': 0, 'cancellation_fee': 'NO', 'breakfast': 6, 'base_price': 5500, 'prices': [5500], 'price': 5500, 'old_price': 0, 'currency': 'RUB', 'payment_amount': 0, 'extras_variants': [], 'extras': [], 'rate_id': 2581, 'deals': [], 'cancellation_type': 'free', 'credit_card': 0, 'bonus': 1100, 'miles': 440, 'min_stay': 1, 'mircashback': 550}, {'id': '317252P', 'force_prepayment': 1, 'capacity': 1, 'prepayment': 'FULL', 'nonrefundable': 0, 'cancellation_period': 0, 'cancellation_fee': 'NO', 'breakfast': 6, 'base_price': 5000, 'prices': [5000], 'price': 5000, 'old_price': 0, 'currency': 'RUB', 'payment_amount': 5000, 'extras_variants': [], 'extras': [], 'rate_id': 2581, 'deals': [], 'cancellation_type': 'free', 'credit_card': 0, 'bonus': 1000, 'miles': 400, 'min_stay': 1, 'mircashback': 500}, {'id': '317253P', 'force_prepayment': 1, 'capacity': 2, 'prepayment': 'FULL', 'nonrefundable': 0, 'cancellation_period': 0, 'cancellation_fee': 'NO', 'breakfast': 6, 'base_price': 5500, 'prices': [5500], 'price': 5500, 'old_price': 0, 'currency': 'RUB', 'payment_amount': 5500, 'extras_variants': [], 'extras': [], 'rate_id': 2581, 'deals': [], 'cancellation_type': 'free', 'credit_card': 0, 'bonus': 1100, 'miles': 440, 'min_stay': 1, 'mircashback': 550}]",5000.0,400,605_101hotels,2025-05-12
2268450,,Cтандарт с одной большой или двумя раздельными кроватями,2,0,0,1,Двухместный,2,8,"[{'single': 2, 'double': 1}]",[],"[{'id': 743645, 'force_prepayment': 0, 'capacity': 1, 'prepayment': 'FULL', 'nonrefundable': 0, 'cancellation_period': 0, 'cancellation_fee': 'NO', 'breakfast': 0, 'base_price': 5500, 'prices': [5500], 'price': 5500, 'old_price': 5500, 'currency': 'RUB', 'payment_amount': 5500, 'extras_variants': [], 'extras': [], 'rate_id': 31972, 'deals': [], 'cancellation_type': 'free', 'credit_card': 1, 'bonus': 1100, 'miles': 440, 'min_stay': 1, 'mircashback': 550}, {'id': 854141, 'force_prepayment': 0, 'capacity': 1, 'prepayment': 'FULL', 'nonrefundable': 0, 'cancellation_period': 0, 'cancellation_fee': 'NO', 'breakfast': 1, 'base_price': 6800, 'prices': [6800], 'price': 6800, 'old_price': 6800, 'currency': 'RUB', 'payment_amount': 6800, 'extras_variants': [], 'extras': [], 'rate_id': 38875, 'deals': [], 'cancellation_type': 'free', 'credit_card': 1, 'bonus': 1360, 'miles': 544, 'min_stay': 1, 'mircashback': 680}, {'id': 743646, 'force_prepayment': 0, 'capacity': 2, 'prepayment': 'FULL', 'nonrefundable': 0, 'cancellation_period': 0, 'cancellation_fee': 'NO', 'breakfast': 0, 'base_price': 5500, 'prices': [5500], 'price': 5500, 'old_price': 5500, 'currency': 'RUB', 'payment_amount': 5500, 'extras_variants': [], 'extras': [], 'rate_id': 31972, 'deals': [], 'cancellation_type': 'free', 'credit_card': 1, 'bonus': 1100, 'miles': 440, 'min_stay': 1, 'mircashback': 550}, {'id': 854142, 'force_prepayment': 0, 'capacity': 2, 'prepayment': 'FULL', 'nonrefundable': 0, 'cancellation_period': 0, 'cancellation_fee': 'NO', 'breakfast': 1, 'base_price': 6800, 'prices': [6800], 'price': 6800, 'old_price': 6800, 'currency': 'RUB', 'payment_amount': 6800, 'extras_variants': [], 'extras': [], 'rate_id': 38875, 'deals': [], 'cancellation_type': 'free', 'credit_card': 1, 'bonus': 1360, 'miles': 544, 'min_stay': 1, 'mircashback': 680}]",5500.0,440,663773_101hotels,2025-05-12
2280215,,Улучшенный,2,2,0,1,Сьюит,27,3,"[{'single': 2, 'sofa': 1}, {'double': 1, 'sofa': 1}]",[],"[{'id': 854128, 'force_prepayment': 0, 'capacity': 1, 'prepayment': 'FULL', 'nonrefundable': 0, 'cancellation_period': 0, 'cancellation_fee': 'NO', 'breakfast': 0, 'base_price': 6700, 'prices': [6700], 'price': 6700, 'old_price': 6700, 'currency': 'RUB', 'payment_amount': 6700, 'extras_variants': [], 'extras': [], 'rate_id': 31972, 'deals': [], 'cancellation_type': 'free', 'credit_card': 1, 'bonus': 1340, 'miles': 536, 'min_stay': 1, 'mircashback': 670}, {'id': 854145, 'force_prepayment': 0, 'capacity': 1, 'prepayment': 'FULL', 'nonrefundable': 0, 'cancellation_period': 0, 'cancellation_fee': 'NO', 'breakfast': 1, 'base_price': 8200, 'prices': [8200], 'price': 8200, 'old_price': 8200, 'currency': 'RUB', 'payment_amount': 8200, 'extras_variants': [], 'extras': [], 'rate_id': 38875, 'deals': [], 'cancellation_type': 'free', 'credit_card': 1, 'bonus': 1640, 'miles': 656, 'min_stay': 1, 'mircashback': 820}, {'id': 854129, 'force_prepayment': 0, 'capacity': 2, 'prepayment': 'FULL', 'nonrefundable': 0, 'cancellation_period': 0, 'cancellation_fee': 'NO', 'breakfast': 0, 'base_price': 6700, 'prices': [6700], 'price': 6700, 'old_price': 6700, 'currency': 'RUB', 'payment_amount': 6700, 'extras_variants': [], 'extras': [], 'rate_id': 31972, 'deals': [], 'cancellation_type': 'free', 'credit_card': 1, 'bonus': 1340, 'miles': 536, 'min_stay': 1, 'mircashback': 670}, {'id': 854146, 'force_prepayment': 0, 'capacity': 2, 'prepayment': 'FULL', 'nonrefundable': 0, 'cancellation_period': 0, 'cancellation_fee': 'NO', 'breakfast': 1, 'base_price': 8200, 'prices': [8200], 'price': 8200, 'old_price': 8200, 'currency': 'RUB', 'payment_amount': 8200, 'extras_variants': [], 'extras': [], 'rate_id': 38875, 'deals': [], 'cancellation_type': 'free', 'credit_card': 1, 'bonus': 1640, 'miles': 656, 'min_stay': 1, 'mircashback': 820}]",6700.0,536,663773_101hotels,2025-05-12
2280218,,Семейный Джуниор,2,2,0,1,Люкс,6,3,"[{'single': 2, 'sofa': 1}, {'double': 1, 'sofa': 1}]",[],"[{'id': 854136, 'force_prepayment': 0, 'capacity': 1, 'prepayment': 'FULL', 'nonrefundable': 0, 'cancellation_period': 0, 'cancellation_fee': 'NO', 'breakfast': 0, 'base_price': 9800, 'prices': [9800], 'price': 9800, 'old_price': 9800, 'currency': 'RUB', 'payment_amount': 9800, 'extras_variants': [], 'extras': [], 'rate_id': 31972, 'deals': [], 'cancellation_type': 'free', 'credit_card': 1, 'bonus': 1960, 'miles': 784, 'min_stay': 1, 'mircashback': 980}, {'id': 854143, 'force_prepayment': 0, 'capacity': 1, 'prepayment': 'FULL', 'nonrefundable': 0, 'cancellation_period': 0, 'cancellation_fee': 'NO', 'breakfast': 1, 'base_price': 11200, 'prices': [11200], 'price': 11200, 'old_price': 11200, 'currency': 'RUB', 'payment_amount': 11200, 'extras_variants': [], 'extras': [], 'rate_id': 38875, 'deals': [], 'cancellation_type': 'free', 'credit_card': 1, 'bonus': 2240, 'miles': 896, 'min_stay': 1, 'mircashback': 1120}, {'id': 854137, 'force_prepayment': 0, 'capacity': 2, 'prepayment': 'FULL', 'nonrefundable': 0, 'cancellation_period': 0, 'cancellation_fee': 'NO', 'breakfast': 0, 'base_price': 9800, 'prices': [9800], 'price': 9800, 'old_price': 9800, 'currency': 'RUB', 'payment_amount': 9800, 'extras_variants': [], 'extras': [], 'rate_id': 31972, 'deals': [], 'cancellation_type': 'free', 'credit_card': 1, 'bonus': 1960, 'miles': 784, 'min_stay': 1, 'mircashback': 980}, {'id': 854144, 'force_prepayment': 0, 'capacity': 2, 'prepayment': 'FULL', 'nonrefundable': 0, 'cancellation_period': 0, 'cancellation_fee': 'NO', 'breakfast': 1, 'base_price': 11200, 'prices': [11200], 'price': 11200, 'old_price': 11200, 'currency': 'RUB', 'payment_amount': 11200, 'extras_variants': [], 'extras': [], 'rate_id': 38875, 'deals': [], 'cancellation_type': 'free', 'credit_card': 1, 'bonus': 2240, 'miles': 896, 'min_stay': 1, 'mircashback': 1120}]",9800.0,784,663773_101hotels,2025-05-12
2221615,,Кровать в общем мужском номере,6,0,1,0,Шестиместный,36,6,[{'single': 6}],[],"[{'id': 660363, 'force_prepayment': 0, 'capacity': 1, 'prepayment': 'FULL', 'nonrefundable': 0, 'cancellation_period': 1, 'cancellation_fee': 'FIRST', 'breakfast': 0, 'base_price': 800, 'prices': [800], 'price': 800, 'old_price': 800, 'currency': 'RUB', 'payment_amount': 800, 'extras_variants': [], 'extras': [], 'rate_id': 25653, 'deals': [], 'cancellation_type': 'special', 'credit_card': 1, 'bonus': 160, 'miles': 64, 'min_stay': 1, 'mircashback': 80}]",800.0,64,650983_101hotels,2025-05-12
2221618,,Кровать в общем женском номере,6,0,1,0,Шестиместный,36,5,[{'2-tier': 3}],[],"[{'id': 660364, 'force_prepayment': 0, 'capacity': 1, 'prepayment': 'FULL', 'nonrefundable': 0, 'cancellation_period': 1, 'cancellation_fee': 'FIRST', 'breakfast': 0, 'base_price': 800, 'prices': [800], 'price': 800, 'old_price': 800, 'currency': 'RUB', 'payment_amount': 800, 'extras_variants': [], 'extras': [], 'rate_id': 25653, 'deals': [], 'cancellation_type': 'special', 'credit_card': 1, 'bonus': 160, 'miles': 64, 'min_stay': 1, 'mircashback': 80}]",800.0,64,650983_101hotels,2025-05-12
2221620,,С 2 отдельными кроватями,2,0,0,0,Двухместный,2,1,[{'single': 2}],[],"[{'id': 660353, 'force_prepayment': 0, 'capacity': 1, 'prepayment': 'FULL', 'nonrefundable': 0, 'cancellation_period': 1, 'cancellation_fee': 'FIRST', 'breakfast': 0, 'base_price': 2000, 'prices': [2000], 'price': 2000, 'old_price': 2000, 'currency': 'RUB', 'payment_amount': 2000, 'extras_variants': [], 'extras': [], 'rate_id': 25653, 'deals': [], 'cancellation_type': 'special', 'credit_card': 1, 'bonus': 400, 'miles': 160, 'min_stay': 1, 'mircashback': 200}, {'id': 660354, 'force_prepayment': 0, 'capacity': 2, 'prepayment': 'FULL', 'nonrefundable': 0, 'cancellation_period': 1, 'cancellation_fee': 'FIRST', 'breakfast': 0, 'base_price': 2200, 'prices': [2200], 'price': 2200, 'old_price': 2200, 'currency': 'RUB', 'payment_amount': 2200, 'extras_variants': [], 'extras': [], 'rate_id': 25653, 'deals': [], 'cancellation_type': 'special', 'credit_card': 1, 'bonus': 440, 'miles': 176, 'min_stay': 1, 'mircashback': 220}]",2000.0,160,650983_101hotels,2025-05-12
2221623,,"Стандартный номер с кроватью размера ""queen-size""",2,0,0,0,Двухместный,2,1,[{'single': 1}],[],"[{'id': 660355, 'force_prepayment': 0, 'capacity': 1, 'prepayment': 'FULL', 'nonrefundable': 0, 'cancellation_period': 1, 'cancellation_fee': 'FIRST', 'breakfast': 0, 'base_price': 2000, 'prices': [2000], 'price': 2000, 'old_price': 2000, 'currency': 'RUB', 'payment_amount': 2000, 'extras_variants': [], 'extras': [], 'rate_id': 25653, 'deals': [], 'cancellation_type': 'special', 'credit_card': 1, 'bonus': 400, 'miles': 160, 'min_stay': 1, 'mircashback': 200}, {'id': 660356, 'force_prepayment': 0, 'capacity': 2, 'prepayment': 'FULL', 'nonrefundable': 0, 'cancellation_period': 1, 'cancellation_fee': 'FIRST', 'breakfast': 0, 'base_price': 2200, 'prices': [2200], 'price': 2200, 'old_price': 2200, 'currency': 'RUB', 'payment_amount': 2200, 'extras_variants': [], 'extras': [], 'rate_id': 25653, 'deals': [], 'cancellation_type': 'special', 'credit_card': 1, 'bonus': 440, 'miles': 176, 'min_stay': 1, 'mircashback': 220}]",2000.0,160,650983_101hotels,2025-05-12
2221627,,Четырехместный номер,4,0,0,0,Семейный,44,1,"[{'double': 1, '2-tier': 1}]",[],"[{'id': 660359, 'force_prepayment': 0, 'capacity': 1, 'prepayment': 'FULL', 'nonrefundable': 0, 'cancellation_period': 1, 'cancellation_fee': 'FIRST', 'breakfast': 0, 'base_price': 2200, 'prices': [2200], 'price': 2200, 'old_price': 2200, 'currency': 'RUB', 'payment_amount': 2200, 'extras_variants': [], 'extras': [], 'rate_id': 25653, 'deals': [], 'cancellation_type': 'special', 'credit_card': 1, 'bonus': 440, 'miles': 176, 'min_stay': 1, 'mircashback': 220}, {'id': 660360, 'force_prepayment': 0, 'capacity': 2, 'prepayment': 'FULL', 'nonrefundable': 0, 'cancellation_period': 1, 'cancellation_fee': 'FIRST', 'breakfast': 0, 'base_price': 2400, 'prices': [2400], 'price': 2400, 'old_price': 2400, 'currency': 'RUB', 'payment_amount': 2400, 'extras_variants': [], 'extras': [], 'rate_id': 25653, 'deals': [], 'cancellation_type': 'special', 'credit_card': 1, 'bonus': 480, 'miles': 192, 'min_stay': 1, 'mircashback': 240}, {'id': 660361, 'force_prepayment': 0, 'capacity': 3, 'prepayment': 'FULL', 'nonrefundable': 0, 'cancellation_period': 1, 'cancellation_fee': 'FIRST', 'breakfast': 0, 'base_price': 2800, 'prices': [2800], 'price': 2800, 'old_price': 2800, 'currency': 'RUB', 'payment_amount': 2800, 'extras_variants': [], 'extras': [], 'rate_id': 25653, 'deals': [], 'cancellation_type': 'special', 'credit_card': 1, 'bonus': 560, 'miles': 224, 'min_stay': 1, 'mircashback': 280}, {'id': 660362, 'force_prepayment': 0, 'capacity': 4, 'prepayment': 'FULL', 'nonrefundable': 0, 'cancellation_period': 1, 'cancellation_fee': 'FIRST', 'breakfast': 0, 'base_price': 3200, 'prices': [3200], 'price': 3200, 'old_price': 3200, 'currency': 'RUB', 'payment_amount': 3200, 'extras_variants': [], 'extras': [], 'rate_id': 25653, 'deals': [], 'cancellation_type': 'special', 'credit_card': 1, 'bonus': 640, 'miles': 256, 'min_stay': 1, 'mircashback': 320}]",2200.0,176,650983_101hotels,2025-05-12
2274221,,Стандарт,4,0,0,0,Семейный,44,1,"[{'single': 2, 'double': 1}]","[{'number': '1', 'min_age': '0', 'max_age': '2', 'is_extra_bed': '0', 'extra_bed_type_id': '0'}]","[{'id': 789978, 'force_prepayment': 1, 'capacity': 1, 'prepayment': 'NO', 'nonrefundable': 0, 'cancellation_period': 0, 'cancellation_fee': 'NO', 'breakfast': 0, 'base_price': 3500, 'prices': [3500], 'price': 3500, 'old_price': 3500, 'currency': 'RUB', 'payment_amount': 0, 'extras_variants': [], 'extras': [], 'rate_id': 35596, 'deals': [], 'cancellation_type': 'free', 'credit_card': 0, 'bonus': 700, 'miles': 280, 'min_stay': 1, 'mircashback': 350}, {'id': 789979, 'force_prepayment': 1, 'capacity': 2, 'prepayment': 'NO', 'nonrefundable': 0, 'cancellation_period': 0, 'cancellation_fee': 'NO', 'breakfast': 0, 'base_price': 4500, 'prices': [4500], 'price': 4500, 'old_price': 4500, 'currency': 'RUB', 'payment_amount': 0, 'extras_variants': [], 'extras': [], 'rate_id': 35596, 'deals': [], 'cancellation_type': 'free', 'credit_card': 0, 'bonus': 900, 'miles': 360, 'min_stay': 1, 'mircashback': 450}, {'id': 789980, 'force_prepayment': 1, 'capacity': 3, 'prepayment': 'NO', 'nonrefundable': 0, 'cancellation_period': 0, 'cancellation_fee': 'NO', 'breakfast': 0, 'base_price': 5850, 'prices': [5850], 'price': 5850, 'old_price': 5850, 'currency': 'RUB', 'payment_amount': 0, 'extras_variants': [], 'extras': [], 'rate_id': 35596, 'deals': [], 'cancellation_type': 'free', 'credit_card': 0, 'bonus': 1170, 'miles': 468, 'min_stay': 1, 'mircashback': 585}, {'id': 789981, 'force_prepayment': 1, 'capacity': 4, 'prepayment': 'NO', 'nonrefundable': 0, 'cancellation_period': 0, 'cancellation_fee': 'NO', 'breakfast': 0, 'base_price': 7200, 'prices': [7200], 'price': 7200, 'old_price': 7200, 'currency': 'RUB', 'payment_amount': 0, 'extras_variants': [], 'extras': [], 'rate_id': 35596, 'deals': [], 'cancellation_type': 'free', 'credit_card': 0, 'bonus': 1440, 'miles': 576, 'min_stay': 1, 'mircashback': 720}, {'id': '789978P', 'force_prepayment': 1, 'capacity': 1, 'prepayment': 'FULL', 'nonrefundable': 0, 'cancellation_period': 0, 'cancellation_fee': 'NO', 'breakfast': 0, 'base_price': 3500, 'prices': [3500], 'price': 3500, 'old_price': 3500, 'currency': 'RUB', 'payment_amount': 3500, 'extras_variants': [], 'extras': [], 'rate_id': 35596, 'deals': [], 'cancellation_type': 'free', 'credit_card': 0, 'bonus': 700, 'miles': 280, 'min_stay': 1, 'mircashback': 350}, {'id': '789979P', 'force_prepayment': 1, 'capacity': 2, 'prepayment': 'FULL', 'nonrefundable': 0, 'cancellation_period': 0, 'cancellation_fee': 'NO', 'breakfast': 0, 'base_price': 4500, 'prices': [4500], 'price': 4500, 'old_price': 4500, 'currency': 'RUB', 'payment_amount': 4500, 'extras_variants': [], 'extras': [], 'rate_id': 35596, 'deals': [], 'cancellation_type': 'free', 'credit_card': 0, 'bonus': 900, 'miles': 360, 'min_stay': 1, 'mircashback': 450}, {'id': '789980P', 'force_prepayment': 1, 'capacity': 3, 'prepayment': 'FULL', 'nonrefundable': 0, 'cancellation_period': 0, 'cancellation_fee': 'NO', 'breakfast': 0, 'base_price': 5850, 'prices': [5850], 'price': 5850, 'old_price': 5850, 'currency': 'RUB', 'payment_amount': 5850, 'extras_variants': [], 'extras': [], 'rate_id': 35596, 'deals': [], 'cancellation_type': 'free', 'credit_card': 0, 'bonus': 1170, 'miles': 468, 'min_stay': 1, 'mircashback': 585}, {'id': '789981P', 'force_prepayment': 1, 'capacity': 4, 'prepayment': 'FULL', 'nonrefundable': 0, 'cancellation_period': 0, 'cancellation_fee': 'NO', 'breakfast': 0, 'base_price': 7200, 'prices': [7200], 'price': 7200, 'old_price': 7200, 'currency': 'RUB', 'payment_amount': 7200, 'extras_variants': [], 'extras': [], 'rate_id': 35596, 'deals': [], 'cancellation_type': 'free', 'credit_card': 0, 'bonus': 1440, 'miles': 576, 'min_stay': 1, 'mircashback': 720}]",3500.0,280,666294_101hotels,2025-05-12
2274222,,Комфорт,4,0,0,1,Семейный,44,1,"[{'double': 1, '2-tier': 1}]","[{'number': '1', 'min_age': '0', 'max_age': '2', 'is_extra_bed': '0', 'extra_bed_type_id': '0'}]","[{'id': 789990, 'force_prepayment': 1, 'capacity': 1, 'prepayment': 'NO', 'nonrefundable': 0, 'cancellation_period': 0, 'cancellation_fee': 'NO', 'breakfast': 0, 'base_price': 4500, 'prices': [4500], 'price': 4500, 'old_price': 4500, 'currency': 'RUB', 'payment_amount': 0, 'extras_variants': [], 'extras': [], 'rate_id': 35596, 'deals': [], 'cancellation_type': 'free', 'credit_card': 0, 'bonus': 900, 'miles': 360, 'min_stay': 1, 'mircashback': 450}, {'id': 789991, 'force_prepayment': 1, 'capacity': 2, 'prepayment': 'NO', 'nonrefundable': 0, 'cancellation_period': 0, 'cancellation_fee': 'NO', 'breakfast': 0, 'base_price': 5500, 'prices': [5500], 'price': 5500, 'old_price': 5500, 'currency': 'RUB', 'payment_amount': 0, 'extras_variants': [], 'extras': [], 'rate_id': 35596, 'deals': [], 'cancellation_type': 'free', 'credit_card': 0, 'bonus': 1100, 'miles': 440, 'min_stay': 1, 'mircashback': 550}, {'id': 789992, 'force_prepayment': 1, 'capacity': 3, 'prepayment': 'NO', 'nonrefundable': 0, 'cancellation_period': 0, 'cancellation_fee': 'NO', 'breakfast': 0, 'base_price': 6700, 'prices': [6700], 'price': 6700, 'old_price': 6700, 'currency': 'RUB', 'payment_amount': 0, 'extras_variants': [], 'extras': [], 'rate_id': 35596, 'deals': [], 'cancellation_type': 'free', 'credit_card': 0, 'bonus': 1340, 'miles': 536, 'min_stay': 1, 'mircashback': 670}, {'id': 789993, 'force_prepayment': 1, 'capacity': 4, 'prepayment': 'NO', 'nonrefundable': 0, 'cancellation_period': 0, 'cancellation_fee': 'NO', 'breakfast': 0, 'base_price': 7900, 'prices': [7900], 'price': 7900, 'old_price': 7900, 'currency': 'RUB', 'payment_amount': 0, 'extras_variants': [], 'extras': [], 'rate_id': 35596, 'deals': [], 'cancellation_type': 'free', 'credit_card': 0, 'bonus': 1580, 'miles': 632, 'min_stay': 1, 'mircashback': 790}, {'id': '789990P', 'force_prepayment': 1, 'capacity': 1, 'prepayment': 'FULL', 'nonrefundable': 0, 'cancellation_period': 0, 'cancellation_fee': 'NO', 'breakfast': 0, 'base_price': 4500, 'prices': [4500], 'price': 4500, 'old_price': 4500, 'currency': 'RUB', 'payment_amount': 4500, 'extras_variants': [], 'extras': [], 'rate_id': 35596, 'deals': [], 'cancellation_type': 'free', 'credit_card': 0, 'bonus': 900, 'miles': 360, 'min_stay': 1, 'mircashback': 450}, {'id': '789991P', 'force_prepayment': 1, 'capacity': 2, 'prepayment': 'FULL', 'nonrefundable': 0, 'cancellation_period': 0, 'cancellation_fee': 'NO', 'breakfast': 0, 'base_price': 5500, 'prices': [5500], 'price': 5500, 'old_price': 5500, 'currency': 'RUB', 'payment_amount': 5500, 'extras_variants': [], 'extras': [], 'rate_id': 35596, 'deals': [], 'cancellation_type': 'free', 'credit_card': 0, 'bonus': 1100, 'miles': 440, 'min_stay': 1, 'mircashback': 550}, {'id': '789992P', 'force_prepayment': 1, 'capacity': 3, 'prepayment': 'FULL', 'nonrefundable': 0, 'cancellation_period': 0, 'cancellation_fee': 'NO', 'breakfast': 0, 'base_price': 6700, 'prices': [6700], 'price': 6700, 'old_price': 6700, 'currency': 'RUB', 'payment_amount': 6700, 'extras_variants': [], 'extras': [], 'rate_id': 35596, 'deals': [], 'cancellation_type': 'free', 'credit_card': 0, 'bonus': 1340, 'miles': 536, 'min_stay': 1, 'mircashback': 670}, {'id': '789993P', 'force_prepayment': 1, 'capacity': 4, 'prepayment': 'FULL', 'nonrefundable': 0, 'cancellation_period': 0, 'cancellation_fee': 'NO', 'breakfast': 0, 'base_price': 7900, 'prices': [7900], 'price': 7900, 'old_price': 7900, 'currency': 'RUB', 'payment_amount': 7900, 'extras_variants': [], 'extras': [], 'rate_id': 35596, 'deals': [], 'cancellation_type': 'free', 'credit_card': 0, 'bonus': 1580, 'miles': 632, 'min_stay': 1, 'mircashback': 790}]",4500.0,360,666294_101hotels,2025-05-12
2274226,,Койко-место в женсокм номере,1,0,1,0,Восьмиместный Женский,77,14,[{'2-tier': 4}],[],"[{'id': 790332, 'force_prepayment': 1, 'capacity': 1, 'prepayment': 'NO', 'nonrefundable': 0, 'cancellation_period': 0, 'cancellation_fee': 'NO', 'breakfast': 0, 'base_price': 1350, 'prices': [1350], 'price': 1350, 'old_price': 1350, 'currency': 'RUB', 'payment_amount': 0, 'extras_variants': [], 'extras': [], 'rate_id': 35596, 'deals': [], 'cancellation_type': 'free', 'credit_card': 0, 'bonus': 270, 'miles': 108, 'min_stay': 1, 'mircashback': 135}, {'id': '790332P', 'force_prepayment': 1, 'capacity': 1, 'prepayment': 'FULL', 'nonrefundable': 0, 'cancellation_period': 0, 'cancellation_fee': 'NO', 'breakfast': 0, 'base_price': 1350, 'prices': [1350], 'price': 1350, 'old_price': 1350, 'currency': 'RUB', 'payment_amount': 1350, 'extras_variants': [], 'extras': [], 'rate_id': 35596, 'deals': [], 'cancellation_type': 'free', 'credit_card': 0, 'bonus': 270, 'miles': 108, 'min_stay': 1, 'mircashback': 135}]",1350.0,108,666294_101hotels,2025-05-12
2274230,,Койко-место в мужском номере,1,0,1,0,Восьмиместный Мужской,76,14,[{'2-tier': 4}],[],"[{'id': 790011, 'force_prepayment': 1, 'capacity': 1, 'prepayment': 'NO', 'nonrefundable': 0, 'cancellation_period': 0, 'cancellation_fee': 'NO', 'breakfast': 0, 'base_price': 1350, 'prices': [1350], 'price': 1350, 'old_price': 1350, 'currency': 'RUB', 'payment_amount': 0, 'extras_variants': [], 'extras': [], 'rate_id': 35596, 'deals': [], 'cancellation_type': 'free', 'credit_card': 0, 'bonus': 270, 'miles': 108, 'min_stay': 1, 'mircashback': 135}, {'id': '790011P', 'force_prepayment': 1, 'capacity': 1, 'prepayment': 'FULL', 'nonrefundable': 0, 'cancellation_period': 0, 'cancellation_fee': 'NO', 'breakfast': 0, 'base_price': 1350, 'prices': [1350], 'price': 1350, 'old_price': 1350, 'currency': 'RUB', 'payment_amount': 1350, 'extras_variants': [], 'extras': [], 'rate_id': 35596, 'deals': [], 'cancellation_type': 'free', 'credit_card': 0, 'bonus': 270, 'miles': 108, 'min_stay': 1, 'mircashback': 135}]",1350.0,108,666294_101hotels,2025-05-12
1567289,,Стандартный номер с 2 отдельными кроватями,2,0,0,1,Двухместный,2,11,"[{'single': 2}, {'single': 1}]","[{'number': '2', 'min_age': '1', 'max_age': '12', 'is_extra_bed': '0', 'extra_bed_type_id': '0'}]","[{'id': 521478, 'force_prepayment': 0, 'capacity': 1, 'prepayment': 'NO', 'nonrefundable': 0, 'cancellation_period': 0, 'cancellation_fee': 'NO', 'breakfast': 0, 'base_price': 3000, 'prices': [3000], 'price': 3000, 'old_price': 3000, 'currency': 'RUB', 'payment_amount': 0, 'extras_variants': [], 'extras': [], 'rate_id': 15769, 'deals': [], 'cancellation_type': 'free', 'credit_card': 0, 'bonus': 600, 'miles': 240, 'min_stay': 1, 'mircashback': 300}, {'id': 521479, 'force_prepayment': 0, 'capacity': 2, 'prepayment': 'NO', 'nonrefundable': 0, 'cancellation_period': 0, 'cancellation_fee': 'NO', 'breakfast': 0, 'base_price': 4000, 'prices': [4000], 'price': 4000, 'old_price': 4000, 'currency': 'RUB', 'payment_amount': 0, 'extras_variants': [], 'extras': [], 'rate_id': 15769, 'deals': [], 'cancellation_type': 'free', 'credit_card': 0, 'bonus': 800, 'miles': 320, 'min_stay': 1, 'mircashback': 400}]",3000.0,240,485325_101hotels,2025-05-12
1567290,,Семейный с кухней,4,0,0,1,Апартаменты,14,2,"[{'single': 2, 'double': 1}]","[{'number': '4', 'min_age': '1', 'max_age': '12', 'is_extra_bed': '0', 'extra_bed_type_id': '0'}]","[{'id': 521480, 'force_prepayment': 0, 'capacity': 1, 'prepayment': 'NO', 'nonrefundable': 0, 'cancellation_period': 0, 'cancellation_fee': 'NO', 'breakfast': 0, 'base_price': 4000, 'prices': [4000], 'price': 4000, 'old_price': 4000, 'currency': 'RUB', 'payment_amount': 0, 'extras_variants': [], 'extras': [], 'rate_id': 15769, 'deals': [], 'cancellation_type': 'free', 'credit_card': 0, 'bonus': 800, 'miles': 320, 'min_stay': 1, 'mircashback': 400}, {'id': 521481, 'force_prepayment': 0, 'capacity': 2, 'prepayment': 'NO', 'nonrefundable': 0, 'cancellation_period': 0, 'cancellation_fee': 'NO', 'breakfast': 0, 'base_price': 5500, 'prices': [5500], 'price': 5500, 'old_price': 5500, 'currency': 'RUB', 'payment_amount': 0, 'extras_variants': [], 'extras': [], 'rate_id': 15769, 'deals': [], 'cancellation_type': 'free', 'credit_card': 0, 'bonus': 1100, 'miles': 440, 'min_stay': 1, 'mircashback': 550}, {'id': 524734, 'force_prepayment': 0, 'capacity': 3, 'prepayment': 'NO', 'nonrefundable': 0, 'cancellation_period': 0, 'cancellation_fee': 'NO', 'breakfast': 0, 'base_price': 6000, 'prices': [6000], 'price': 6000, 'old_price': 6000, 'currency': 'RUB', 'payment_amount': 0, 'extras_variants': [], 'extras': [], 'rate_id': 15769, 'deals': [], 'cancellation_type': 'free', 'credit_card': 0, 'bonus': 1200, 'miles': 480, 'min_stay': 1, 'mircashback': 600}, {'id': 524735, 'force_prepayment': 0, 'capacity': 4, 'prepayment': 'NO', 'nonrefundable': 0, 'cancellation_period': 0, 'cancellation_fee': 'NO', 'breakfast': 0, 'base_price': 6500, 'prices': [6500], 'price': 6500, 'old_price': 6500, 'currency': 'RUB', 'payment_amount': 0, 'extras_variants': [], 'extras': [], 'rate_id': 15769, 'deals': [], 'cancellation_type': 'free', 'credit_card': 0, 'bonus': 1300, 'miles': 520, 'min_stay': 1, 'mircashback': 650}]",4000.0,320,485325_101hotels,2025-05-12
1567291,,Семейный номер,4,0,0,1,Трехместный,37,5,"[{'single': 2, 'double': 1}]","[{'number': '4', 'min_age': '1', 'max_age': '12', 'is_extra_bed': '0', 'extra_bed_type_id': '0'}]","[{'id': 521482, 'force_prepayment': 0, 'capacity': 1, 'prepayment': 'NO', 'nonrefundable': 0, 'cancellation_period': 0, 'cancellation_fee': 'NO', 'breakfast': 0, 'base_price': 3500, 'prices': [3500], 'price': 3500, 'old_price': 3500, 'currency': 'RUB', 'payment_amount': 0, 'extras_variants': [], 'extras': [], 'rate_id': 15769, 'deals': [], 'cancellation_type': 'free', 'credit_card': 0, 'bonus': 700, 'miles': 280, 'min_stay': 1, 'mircashback': 350}, {'id': 521483, 'force_prepayment': 0, 'capacity': 2, 'prepayment': 'NO', 'nonrefundable': 0, 'cancellation_period': 0, 'cancellation_fee': 'NO', 'breakfast': 0, 'base_price': 4500, 'prices': [4500], 'price': 4500, 'old_price': 4500, 'currency': 'RUB', 'payment_amount': 0, 'extras_variants': [], 'extras': [], 'rate_id': 15769, 'deals': [], 'cancellation_type': 'free', 'credit_card': 0, 'bonus': 900, 'miles': 360, 'min_stay': 1, 'mircashback': 450}, {'id': 524736, 'force_prepayment': 0, 'capacity': 3, 'prepayment': 'NO', 'nonrefundable': 0, 'cancellation_period': 0, 'cancellation_fee': 'NO', 'breakfast': 0, 'base_price': 5000, 'prices': [5000], 'price': 5000, 'old_price': 5000, 'currency': 'RUB', 'payment_amount': 0, 'extras_variants': [], 'extras': [], 'rate_id': 15769, 'deals': [], 'cancellation_type': 'free', 'credit_card': 0, 'bonus': 1000, 'miles': 400, 'min_stay': 1, 'mircashback': 500}, {'id': 524737, 'force_prepayment': 0, 'capacity': 4, 'prepayment': 'NO', 'nonrefundable': 0, 'cancellation_period': 0, 'cancellation_fee': 'NO', 'breakfast': 0, 'base_price': 5500, 'prices': [5500], 'price': 5500, 'old_price': 5500, 'currency': 'RUB', 'payment_amount': 0, 'extras_variants': [], 'extras': [], 'rate_id': 15769, 'deals': [], 'cancellation_type': 'free', 'credit_card': 0, 'bonus': 1100, 'miles': 440, 'min_stay': 1, 'mircashback': 550}]",3500.0,280,485325_101hotels,2025-05-12
2298981,,Семейный номер повышенной комфортности,4,0,0,1,Четырехместный,34,1,"[{'single': 2, 'double': 1, 'sofa': 1}]",[],"[{'id': 1031233, 'force_prepayment': 0, 'capacity': 1, 'prepayment': 'NO', 'nonrefundable': 0, 'cancellation_period': 0, 'cancellation_fee': 'NO', 'breakfast': 0, 'base_price': 4500, 'prices': [4500], 'price': 4500, 'old_price': 4500, 'currency': 'RUB', 'payment_amount': 0, 'extras_variants': [], 'extras': [], 'rate_id': 15769, 'deals': [], 'cancellation_type': 'free', 'credit_card': 0, 'bonus': 900, 'miles': 360, 'min_stay': 1, 'mircashback': 450}, {'id': 1031234, 'force_prepayment': 0, 'capacity': 2, 'prepayment': 'NO', 'nonrefundable': 0, 'cancellation_period': 0, 'cancellation_fee': 'NO', 'breakfast': 0, 'base_price': 6000, 'prices': [6000], 'price': 6000, 'old_price': 6000, 'currency': 'RUB', 'payment_amount': 0, 'extras_variants': [], 'extras': [], 'rate_id': 15769, 'deals': [], 'cancellation_type': 'free', 'credit_card': 0, 'bonus': 1200, 'miles': 480, 'min_stay': 1, 'mircashback': 600}, {'id': 1031235, 'force_prepayment': 0, 'capacity': 3, 'prepayment': 'NO', 'nonrefundable': 0, 'cancellation_period': 0, 'cancellation_fee': 'NO', 'breakfast': 0, 'base_price': 6500, 'prices': [6500], 'price': 6500, 'old_price': 6500, 'currency': 'RUB', 'payment_amount': 0, 'extras_variants': [], 'extras': [], 'rate_id': 15769, 'deals': [], 'cancellation_type': 'free', 'credit_card': 0, 'bonus': 1300, 'miles': 520, 'min_stay': 1, 'mircashback': 650}, {'id': 1031236, 'force_prepayment': 0, 'capacity': 4, 'prepayment': 'NO', 'nonrefundable': 0, 'cancellation_period': 0, 'cancellation_fee': 'NO', 'breakfast': 0, 'base_price': 7000, 'prices': [7000], 'price': 7000, 'old_price': 7000, 'currency': 'RUB', 'payment_amount': 0, 'extras_variants': [], 'extras': [], 'rate_id': 15769, 'deals': [], 'cancellation_type': 'free', 'credit_card': 0, 'bonus': 1400, 'miles': 560, 'min_stay': 1, 'mircashback': 700}]",4500.0,360,485325_101hotels,2025-05-12
2272281,,"Центр - вблизи пешеходного ""Арбата Урицкого""",4,0,0,1,Апартаменты,14,1,"[{'double': 1, 'sofa': 1}]",[],"[{'id': 774049, 'force_prepayment': 0, 'capacity': 1, 'prepayment': 'FULL', 'nonrefundable': 0, 'cancellation_period': 0, 'cancellation_fee': 'NO', 'breakfast': 0, 'base_price': 7020, 'prices': [3510, 3510], 'price': 7020, 'old_price': 7020, 'currency': 'RUB', 'payment_amount': 7020, 'extras_variants': [], 'extras': [], 'rate_id': 34488, 'deals': [], 'cancellation_type': 'free', 'credit_card': 1, 'bonus': 1404, 'miles': 560, 'min_stay': 2, 'mircashback': 702}, {'id': 774050, 'force_prepayment': 0, 'capacity': 2, 'prepayment': 'FULL', 'nonrefundable': 0, 'cancellation_period': 0, 'cancellation_fee': 'NO', 'breakfast': 0, 'base_price': 7020, 'prices': [3510, 3510], 'price': 7020, 'old_price': 7020, 'currency': 'RUB', 'payment_amount': 7020, 'extras_variants': [], 'extras': [], 'rate_id': 34488, 'deals': [], 'cancellation_type': 'free', 'credit_card': 1, 'bonus': 1404, 'miles': 560, 'min_stay': 2, 'mircashback': 702}, {'id': 774051, 'force_prepayment': 0, 'capacity': 3, 'prepayment': 'FULL', 'nonrefundable': 0, 'cancellation_period': 0, 'cancellation_fee': 'NO', 'breakfast': 0, 'base_price': 7320, 'prices': [3660, 3660], 'price': 7320, 'old_price': 7320, 'currency': 'RUB', 'payment_amount': 7320, 'extras_variants': [], 'extras': [], 'rate_id': 34488, 'deals': [], 'cancellation_type': 'free', 'credit_card': 1, 'bonus': 1464, 'miles': 584, 'min_stay': 2, 'mircashback': 732}, {'id': 774052, 'force_prepayment': 0, 'capacity': 4, 'prepayment': 'FULL', 'nonrefundable': 0, 'cancellation_period': 0, 'cancellation_fee': 'NO', 'breakfast': 0, 'base_price': 7620, 'prices': [3810, 3810], 'price': 7620, 'old_price': 7620, 'currency': 'RUB', 'payment_amount': 7620, 'extras_variants': [], 'extras': [], 'rate_id': 34488, 'deals': [], 'cancellation_type': 'free', 'credit_card': 1, 'bonus': 1524, 'miles': 608, 'min_stay': 2, 'mircashback': 762}]",7020.0,560,665782_101hotels,2025-05-12
2272352,,Просторная студия с кондиционером,3,0,0,1,Апартаменты,14,1,"[{'double': 1, 's-sofa': 1}]",[],"[{'id': 775050, 'force_prepayment': 0, 'capacity': 1, 'prepayment': 'FULL', 'nonrefundable': 0, 'cancellation_period': 0, 'cancellation_fee': 'NO', 'breakfast': 0, 'base_price': 7560, 'prices': [3780, 3780], 'price': 7560, 'old_price': 7560, 'currency': 'RUB', 'payment_amount': 7560, 'extras_variants': [], 'extras': [], 'rate_id': 34537, 'deals': [], 'cancellation_type': 'free', 'credit_card': 1, 'bonus': 1512, 'miles': 604, 'min_stay': 2, 'mircashback': 756}, {'id': 775051, 'force_prepayment': 0, 'capacity': 2, 'prepayment': 'FULL', 'nonrefundable': 0, 'cancellation_period': 0, 'cancellation_fee': 'NO', 'breakfast': 0, 'base_price': 7560, 'prices': [3780, 3780], 'price': 7560, 'old_price': 7560, 'currency': 'RUB', 'payment_amount': 7560, 'extras_variants': [], 'extras': [], 'rate_id': 34537, 'deals': [], 'cancellation_type': 'free', 'credit_card': 1, 'bonus': 1512, 'miles': 604, 'min_stay': 2, 'mircashback': 756}, {'id': 775052, 'force_prepayment': 0, 'capacity': 3, 'prepayment': 'FULL', 'nonrefundable': 0, 'cancellation_period': 0, 'cancellation_fee': 'NO', 'breakfast': 0, 'base_price': 7960, 'prices': [3980, 3980], 'price': 7960, 'old_price': 7960, 'currency': 'RUB', 'payment_amount': 7960, 'extras_variants': [], 'extras': [], 'rate_id': 34537, 'deals': [], 'cancellation_type': 'free', 'credit_card': 1, 'bonus': 1592, 'miles': 636, 'min_stay': 2, 'mircashback': 796}]",7560.0,604,665822_101hotels,2025-05-12
2271861,,Стандарт улучшеный с 2 кроватями,2,2,0,1,Двухместный,2,1,[{'single': 2}],"[{'number': '2', 'min_age': '0', 'max_age': '7', 'is_extra_bed': '1', 'extra_bed_type_id': '2'}]","[{'id': 770761, 'force_prepayment': 1, 'capacity': 1, 'prepayment': 'NO', 'nonrefundable': 0, 'cancellation_period': 0, 'cancellation_fee': 'NO', 'breakfast': 0, 'base_price': 6770, 'prices': [6770], 'price': 6770, 'old_price': 0, 'currency': 'RUB', 'payment_amount': 0, 'extras_variants': [], 'extras': [], 'rate_id': 18577, 'deals': [], 'cancellation_type': 'free', 'credit_card': 0, 'bonus': 1354, 'miles': 540, 'min_stay': 1, 'mircashback': 677}, {'id': 770759, 'force_prepayment': 1, 'capacity': 1, 'prepayment': 'NO', 'nonrefundable': 0, 'cancellation_period': 0, 'cancellation_fee': 'NO', 'breakfast': 1, 'base_price': 7370, 'prices': [7370], 'price': 7370, 'old_price': 0, 'currency': 'RUB', 'payment_amount': 0, 'extras_variants': [], 'extras': [], 'rate_id': 18576, 'deals': [], 'cancellation_type': 'free', 'credit_card': 0, 'bonus': 1474, 'miles': 588, 'min_stay': 1, 'mircashback': 737}, {'id': 770762, 'force_prepayment': 1, 'capacity': 2, 'prepayment': 'NO', 'nonrefundable': 0, 'cancellation_period': 0, 'cancellation_fee': 'NO', 'breakfast': 0, 'base_price': 6770, 'prices': [6770], 'price': 6770, 'old_price': 0, 'currency': 'RUB', 'payment_amount': 0, 'extras_variants': [], 'extras': [], 'rate_id': 18577, 'deals': [], 'cancellation_type': 'free', 'credit_card': 0, 'bonus': 1354, 'miles': 540, 'min_stay': 1, 'mircashback': 677}, {'id': 770760, 'force_prepayment': 1, 'capacity': 2, 'prepayment': 'NO', 'nonrefundable': 0, 'cancellation_period': 0, 'cancellation_fee': 'NO', 'breakfast': 1, 'base_price': 7370, 'prices': [7370], 'price': 7370, 'old_price': 0, 'currency': 'RUB', 'payment_amount': 0, 'extras_variants': [], 'extras': [], 'rate_id': 18576, 'deals': [], 'cancellation_type': 'free', 'credit_card': 0, 'bonus': 1474, 'miles': 588, 'min_stay': 1, 'mircashback': 737}, {'id': '770761P', 'force_prepayment': 1, 'capacity': 1, 'prepayment': 'FULL', 'nonrefundable': 0, 'cancellation_period': 0, 'cancellation_fee': 'NO', 'breakfast': 0, 'base_price': 6770, 'prices': [6770], 'price': 6770, 'old_price': 0, 'currency': 'RUB', 'payment_amount': 6770, 'extras_variants': [], 'extras': [], 'rate_id': 18577, 'deals': [], 'cancellation_type': 'free', 'credit_card': 0, 'bonus': 1354, 'miles': 540, 'min_stay': 1, 'mircashback': 677}, {'id': '770759P', 'force_prepayment': 1, 'capacity': 1, 'prepayment': 'FULL', 'nonrefundable': 0, 'cancellation_period': 0, 'cancellation_fee': 'NO', 'breakfast': 1, 'base_price': 7370, 'prices': [7370], 'price': 7370, 'old_price': 0, 'currency': 'RUB', 'payment_amount': 7370, 'extras_variants': [], 'extras': [], 'rate_id': 18576, 'deals': [], 'cancellation_type': 'free', 'credit_card': 0, 'bonus': 1474, 'miles': 588, 'min_stay': 1, 'mircashback': 737}, {'id': '770762P', 'force_prepayment': 1, 'capacity': 2, 'prepayment': 'FULL', 'nonrefundable': 0, 'cancellation_period': 0, 'cancellation_fee': 'NO', 'breakfast': 0, 'base_price': 6770, 'prices': [6770], 'price': 6770, 'old_price': 0, 'currency': 'RUB', 'payment_amount': 6770, 'extras_variants': [], 'extras': [], 'rate_id': 18577, 'deals': [], 'cancellation_type': 'free', 'credit_card': 0, 'bonus': 1354, 'miles': 540, 'min_stay': 1, 'mircashback': 677}, {'id': '770760P', 'force_prepayment': 1, 'capacity': 2, 'prepayment': 'FULL', 'nonrefundable': 0, 'cancellation_period': 0, 'cancellation_fee': 'NO', 'breakfast': 1, 'base_price': 7370, 'prices': [7370], 'price': 7370, 'old_price': 0, 'currency': 'RUB', 'payment_amount': 7370, 'extras_variants': [], 'extras': [], 'rate_id': 18576, 'deals': [], 'cancellation_type': 'free', 'credit_card': 0, 'bonus': 1474, 'miles': 588, 'min_stay': 1, 'mircashback': 737}]",6770.0,540,8802_101hotels,2025-05-12
2271863,,Джуниор Сюит Семейный 2х комнатный,3,2,0,1,Трехместный,37,2,"[{'single': 1, 'double': 1}]","[{'number': '2', 'min_age': '0', 'max_age': '7', 'is_extra_bed': '1', 'extra_bed_type_id': '2'}]","[{'id': 770770, 'force_prepayment': 1, 'capacity': 1, 'prepayment': 'NO', 'nonrefundable': 0, 'cancellation_period': 0, 'cancellation_fee': 'NO', 'breakfast': 0, 'base_price': 7930, 'prices': [7930], 'price': 7930, 'old_price': 0, 'currency': 'RUB', 'payment_amount': 0, 'extras_variants': [], 'extras': [], 'rate_id': 18577, 'deals': [], 'cancellation_type': 'free', 'credit_card': 0, 'bonus': 1586, 'miles': 632, 'min_stay': 1, 'mircashback': 793}, {'id': 770767, 'force_prepayment': 1, 'capacity': 1, 'prepayment': 'NO', 'nonrefundable': 0, 'cancellation_period': 0, 'cancellation_fee': 'NO', 'breakfast': 1, 'base_price': 8790, 'prices': [8790], 'price': 8790, 'old_price': 0, 'currency': 'RUB', 'payment_amount': 0, 'extras_variants': [], 'extras': [], 'rate_id': 18576, 'deals': [], 'cancellation_type': 'free', 'credit_card': 0, 'bonus': 1758, 'miles': 700, 'min_stay': 1, 'mircashback': 879}, {'id': 770771, 'force_prepayment': 1, 'capacity': 2, 'prepayment': 'NO', 'nonrefundable': 0, 'cancellation_period': 0, 'cancellation_fee': 'NO', 'breakfast': 0, 'base_price': 7930, 'prices': [7930], 'price': 7930, 'old_price': 0, 'currency': 'RUB', 'payment_amount': 0, 'extras_variants': [], 'extras': [], 'rate_id': 18577, 'deals': [], 'cancellation_type': 'free', 'credit_card': 0, 'bonus': 1586, 'miles': 632, 'min_stay': 1, 'mircashback': 793}, {'id': 770768, 'force_prepayment': 1, 'capacity': 2, 'prepayment': 'NO', 'nonrefundable': 0, 'cancellation_period': 0, 'cancellation_fee': 'NO', 'breakfast': 1, 'base_price': 8790, 'prices': [8790], 'price': 8790, 'old_price': 0, 'currency': 'RUB', 'payment_amount': 0, 'extras_variants': [], 'extras': [], 'rate_id': 18576, 'deals': [], 'cancellation_type': 'free', 'credit_card': 0, 'bonus': 1758, 'miles': 700, 'min_stay': 1, 'mircashback': 879}, {'id': 770772, 'force_prepayment': 1, 'capacity': 3, 'prepayment': 'NO', 'nonrefundable': 0, 'cancellation_period': 0, 'cancellation_fee': 'NO', 'breakfast': 0, 'base_price': 7930, 'prices': [7930], 'price': 7930, 'old_price': 0, 'currency': 'RUB', 'payment_amount': 0, 'extras_variants': [], 'extras': [], 'rate_id': 18577, 'deals': [], 'cancellation_type': 'free', 'credit_card': 0, 'bonus': 1586, 'miles': 632, 'min_stay': 1, 'mircashback': 793}, {'id': 770769, 'force_prepayment': 1, 'capacity': 3, 'prepayment': 'NO', 'nonrefundable': 0, 'cancellation_period': 0, 'cancellation_fee': 'NO', 'breakfast': 1, 'base_price': 8790, 'prices': [8790], 'price': 8790, 'old_price': 0, 'currency': 'RUB', 'payment_amount': 0, 'extras_variants': [], 'extras': [], 'rate_id': 18576, 'deals': [], 'cancellation_type': 'free', 'credit_card': 0, 'bonus': 1758, 'miles': 700, 'min_stay': 1, 'mircashback': 879}, {'id': '770770P', 'force_prepayment': 1, 'capacity': 1, 'prepayment': 'FULL', 'nonrefundable': 0, 'cancellation_period': 0, 'cancellation_fee': 'NO', 'breakfast': 0, 'base_price': 7930, 'prices': [7930], 'price': 7930, 'old_price': 0, 'currency': 'RUB', 'payment_amount': 7930, 'extras_variants': [], 'extras': [], 'rate_id': 18577, 'deals': [], 'cancellation_type': 'free', 'credit_card': 0, 'bonus': 1586, 'miles': 632, 'min_stay': 1, 'mircashback': 793}, {'id': '770767P', 'force_prepayment': 1, 'capacity': 1, 'prepayment': 'FULL', 'nonrefundable': 0, 'cancellation_period': 0, 'cancellation_fee': 'NO', 'breakfast': 1, 'base_price': 8790, 'prices': [8790], 'price': 8790, 'old_price': 0, 'currency': 'RUB', 'payment_amount': 8790, 'extras_variants': [], 'extras': [], 'rate_id': 18576, 'deals': [], 'cancellation_type': 'free', 'credit_card': 0, 'bonus': 1758, 'miles': 700, 'min_stay': 1, 'mircashback': 879}, {'id': '770771P', 'force_prepayment': 1, 'capacity': 2, 'prepayment': 'FULL', 'nonrefundable': 0, 'cancellation_period': 0, 'cancellation_fee': 'NO', 'breakfast': 0, 'base_price': 7930, 'prices': [7930], 'price': 7930, 'old_price': 0, 'currency': 'RUB', 'payment_amount': 7930, 'extras_variants': [], 'extras': [], 'rate_id': 18577, 'deals': [], 'cancellation_type': 'free', 'credit_card': 0, 'bonus': 1586, 'miles': 632, 'min_stay': 1, 'mircashback': 793}, {'id': '770768P', 'force_prepayment': 1, 'capacity': 2, 'prepayment': 'FULL', 'nonrefundable': 0, 'cancellation_period': 0, 'cancellation_fee': 'NO', 'breakfast': 1, 'base_price': 8790, 'prices': [8790], 'price': 8790, 'old_price': 0, 'currency': 'RUB', 'payment_amount': 8790, 'extras_variants': [], 'extras': [], 'rate_id': 18576, 'deals': [], 'cancellation_type': 'free', 'credit_card': 0, 'bonus': 1758, 'miles': 700, 'min_stay': 1, 'mircashback': 879}, {'id': '770772P', 'force_prepayment': 1, 'capacity': 3, 'prepayment': 'FULL', 'nonrefundable': 0, 'cancellation_period': 0, 'cancellation_fee': 'NO', 'breakfast': 0, 'base_price': 7930, 'prices': [7930], 'price': 7930, 'old_price': 0, 'currency': 'RUB', 'payment_amount': 7930, 'extras_variants': [], 'extras': [], 'rate_id': 18577, 'deals': [], 'cancellation_type': 'free', 'credit_card': 0, 'bonus': 1586, 'miles': 632, 'min_stay': 1, 'mircashback': 793}, {'id': '770769P', 'force_prepayment': 1, 'capacity': 3, 'prepayment': 'FULL', 'nonrefundable': 0, 'cancellation_period': 0, 'cancellation_fee': 'NO', 'breakfast': 1, 'base_price': 8790, 'prices': [8790], 'price': 8790, 'old_price': 0, 'currency': 'RUB', 'payment_amount': 8790, 'extras_variants': [], 'extras': [], 'rate_id': 18576, 'deals': [], 'cancellation_type': 'free', 'credit_card': 0, 'bonus': 1758, 'miles': 700, 'min_stay': 1, 'mircashback': 879}]",7930.0,632,8802_101hotels,2025-05-12
2271865,,Джуниор сюит Семейный 1 комната,2,2,0,1,Двухместный,2,1,[{'double': 1}],"[{'number': '2', 'min_age': '0', 'max_age': '7', 'is_extra_bed': '1', 'extra_bed_type_id': '2'}]","[{'id': 770775, 'force_prepayment': 1, 'capacity': 1, 'prepayment': 'NO', 'nonrefundable': 0, 'cancellation_period': 0, 'cancellation_fee': 'NO', 'breakfast': 0, 'base_price': 7930, 'prices': [7930], 'price': 7930, 'old_price': 0, 'currency': 'RUB', 'payment_amount': 0, 'extras_variants': [], 'extras': [], 'rate_id': 18577, 'deals': [], 'cancellation_type': 'free', 'credit_card': 0, 'bonus': 1586, 'miles': 632, 'min_stay': 1, 'mircashback': 793}, {'id': 770773, 'force_prepayment': 1, 'capacity': 1, 'prepayment': 'NO', 'nonrefundable': 0, 'cancellation_period': 0, 'cancellation_fee': 'NO', 'breakfast': 1, 'base_price': 8790, 'prices': [8790], 'price': 8790, 'old_price': 0, 'currency': 'RUB', 'payment_amount': 0, 'extras_variants': [], 'extras': [], 'rate_id': 18576, 'deals': [], 'cancellation_type': 'free', 'credit_card': 0, 'bonus': 1758, 'miles': 700, 'min_stay': 1, 'mircashback': 879}, {'id': 770776, 'force_prepayment': 1, 'capacity': 2, 'prepayment': 'NO', 'nonrefundable': 0, 'cancellation_period': 0, 'cancellation_fee': 'NO', 'breakfast': 0, 'base_price': 7930, 'prices': [7930], 'price': 7930, 'old_price': 0, 'currency': 'RUB', 'payment_amount': 0, 'extras_variants': [], 'extras': [], 'rate_id': 18577, 'deals': [], 'cancellation_type': 'free', 'credit_card': 0, 'bonus': 1586, 'miles': 632, 'min_stay': 1, 'mircashback': 793}, {'id': 770774, 'force_prepayment': 1, 'capacity': 2, 'prepayment': 'NO', 'nonrefundable': 0, 'cancellation_period': 0, 'cancellation_fee': 'NO', 'breakfast': 1, 'base_price': 8790, 'prices': [8790], 'price': 8790, 'old_price': 0, 'currency': 'RUB', 'payment_amount': 0, 'extras_variants': [], 'extras': [], 'rate_id': 18576, 'deals': [], 'cancellation_type': 'free', 'credit_card': 0, 'bonus': 1758, 'miles': 700, 'min_stay': 1, 'mircashback': 879}, {'id': '770775P', 'force_prepayment': 1, 'capacity': 1, 'prepayment': 'FULL', 'nonrefundable': 0, 'cancellation_period': 0, 'cancellation_fee': 'NO', 'breakfast': 0, 'base_price': 7930, 'prices': [7930], 'price': 7930, 'old_price': 0, 'currency': 'RUB', 'payment_amount': 7930, 'extras_variants': [], 'extras': [], 'rate_id': 18577, 'deals': [], 'cancellation_type': 'free', 'credit_card': 0, 'bonus': 1586, 'miles': 632, 'min_stay': 1, 'mircashback': 793}, {'id': '770773P', 'force_prepayment': 1, 'capacity': 1, 'prepayment': 'FULL', 'nonrefundable': 0, 'cancellation_period': 0, 'cancellation_fee': 'NO', 'breakfast': 1, 'base_price': 8790, 'prices': [8790], 'price': 8790, 'old_price': 0, 'currency': 'RUB', 'payment_amount': 8790, 'extras_variants': [], 'extras': [], 'rate_id': 18576, 'deals': [], 'cancellation_type': 'free', 'credit_card': 0, 'bonus': 1758, 'miles': 700, 'min_stay': 1, 'mircashback': 879}, {'id': '770776P', 'force_prepayment': 1, 'capacity': 2, 'prepayment': 'FULL', 'nonrefundable': 0, 'cancellation_period': 0, 'cancellation_fee': 'NO', 'breakfast': 0, 'base_price': 7930, 'prices': [7930], 'price': 7930, 'old_price': 0, 'currency': 'RUB', 'payment_amount': 7930, 'extras_variants': [], 'extras': [], 'rate_id': 18577, 'deals': [], 'cancellation_type': 'free', 'credit_card': 0, 'bonus': 1586, 'miles': 632, 'min_stay': 1, 'mircashback': 793}, {'id': '770774P', 'force_prepayment': 1, 'capacity': 2, 'prepayment': 'FULL', 'nonrefundable': 0, 'cancellation_period': 0, 'cancellation_fee': 'NO', 'breakfast': 1, 'base_price': 8790, 'prices': [8790], 'price': 8790, 'old_price': 0, 'currency': 'RUB', 'payment_amount': 8790, 'extras_variants': [], 'extras': [], 'rate_id': 18576, 'deals': [], 'cancellation_type': 'free', 'credit_card': 0, 'bonus': 1758, 'miles': 700, 'min_stay': 1, 'mircashback': 879}]",7930.0,632,8802_101hotels,2025-05-12
2241247,,Стандартный номер,2,0,0,1,Двухместный,2,3,"[{'single': 2, 'double': 1}]",[],"[{'id': 475017, 'force_prepayment': 0, 'capacity': 1, 'prepayment': 'FIRST', 'nonrefundable': 0, 'cancellation_period': 7, 'cancellation_fee': 'FIRST', 'breakfast': 0, 'base_price': 5625, 'prices': [5625], 'price': 5625, 'old_price': 5625, 'currency': 'RUB', 'payment_amount': 5625, 'extras_variants': [], 'extras': [], 'rate_id': 12700, 'deals': [], 'cancellation_type': 'special', 'credit_card': 1, 'bonus': 1125, 'miles': 448, 'min_stay': 1, 'mircashback': 563}, {'id': 475008, 'force_prepayment': 0, 'capacity': 1, 'prepayment': 'FIRST', 'nonrefundable': 0, 'cancellation_period': 7, 'cancellation_fee': 'FIRST', 'breakfast': 1, 'base_price': 7125, 'prices': [7125], 'price': 7125, 'old_price': 7125, 'currency': 'RUB', 'payment_amount': 7125, 'extras_variants': [], 'extras': [], 'rate_id': 12699, 'deals': [], 'cancellation_type': 'special', 'credit_card': 1, 'bonus': 1425, 'miles': 568, 'min_stay': 1, 'mircashback': 713}, {'id': 475018, 'force_prepayment': 0, 'capacity': 2, 'prepayment': 'FIRST', 'nonrefundable': 0, 'cancellation_period': 7, 'cancellation_fee': 'FIRST', 'breakfast': 0, 'base_price': 5625, 'prices': [5625], 'price': 5625, 'old_price': 5625, 'currency': 'RUB', 'payment_amount': 5625, 'extras_variants': [], 'extras': [], 'rate_id': 12700, 'deals': [], 'cancellation_type': 'special', 'credit_card': 1, 'bonus': 1125, 'miles': 448, 'min_stay': 1, 'mircashback': 563}, {'id': 475009, 'force_prepayment': 0, 'capacity': 2, 'prepayment': 'FIRST', 'nonrefundable': 0, 'cancellation_period': 7, 'cancellation_fee': 'FIRST', 'breakfast': 1, 'base_price': 7125, 'prices': [7125], 'price': 7125, 'old_price': 7125, 'currency': 'RUB', 'payment_amount': 7125, 'extras_variants': [], 'extras': [], 'rate_id': 12699, 'deals': [], 'cancellation_type': 'special', 'credit_card': 1, 'bonus': 1425, 'miles': 568, 'min_stay': 1, 'mircashback': 713}]",5625.0,448,649990_101hotels,2025-05-12
2241249,,Семейный двухуровневый стандартный номер,2,2,0,1,Трёхместный и более,3,2,"[{'single': 2, 'double': 1}]",[],"[{'id': 475019, 'force_prepayment': 0, 'capacity': 1, 'prepayment': 'FIRST', 'nonrefundable': 0, 'cancellation_period': 7, 'cancellation_fee': 'FIRST', 'breakfast': 0, 'base_price': 6875, 'prices': [6875], 'price': 6875, 'old_price': 6875, 'currency': 'RUB', 'payment_amount': 6875, 'extras_variants': [], 'extras': [], 'rate_id': 12700, 'deals': [], 'cancellation_type': 'special', 'credit_card': 1, 'bonus': 1375, 'miles': 548, 'min_stay': 1, 'mircashback': 688}, {'id': 475010, 'force_prepayment': 0, 'capacity': 1, 'prepayment': 'FIRST', 'nonrefundable': 0, 'cancellation_period': 7, 'cancellation_fee': 'FIRST', 'breakfast': 1, 'base_price': 9125, 'prices': [9125], 'price': 9125, 'old_price': 9125, 'currency': 'RUB', 'payment_amount': 9125, 'extras_variants': [], 'extras': [], 'rate_id': 12699, 'deals': [], 'cancellation_type': 'special', 'credit_card': 1, 'bonus': 1825, 'miles': 728, 'min_stay': 1, 'mircashback': 913}, {'id': 475020, 'force_prepayment': 0, 'capacity': 2, 'prepayment': 'FIRST', 'nonrefundable': 0, 'cancellation_period': 7, 'cancellation_fee': 'FIRST', 'breakfast': 0, 'base_price': 6875, 'prices': [6875], 'price': 6875, 'old_price': 6875, 'currency': 'RUB', 'payment_amount': 6875, 'extras_variants': [], 'extras': [], 'rate_id': 12700, 'deals': [], 'cancellation_type': 'special', 'credit_card': 1, 'bonus': 1375, 'miles': 548, 'min_stay': 1, 'mircashback': 688}, {'id': 475011, 'force_prepayment': 0, 'capacity': 2, 'prepayment': 'FIRST', 'nonrefundable': 0, 'cancellation_period': 7, 'cancellation_fee': 'FIRST', 'breakfast': 1, 'base_price': 9125, 'prices': [9125], 'price': 9125, 'old_price': 9125, 'currency': 'RUB', 'payment_amount': 9125, 'extras_variants': [], 'extras': [], 'rate_id': 12699, 'deals': [], 'cancellation_type': 'special', 'credit_card': 1, 'bonus': 1825, 'miles': 728, 'min_stay': 1, 'mircashback': 913}]",6875.0,548,649990_101hotels,2025-05-12
2241250,,Двухместный,2,2,0,1,Полулюкс,4,1,"[{'double': 1, 'sofa': 1}]",[],"[{'id': 475021, 'force_prepayment': 0, 'capacity': 1, 'prepayment': 'FIRST', 'nonrefundable': 0, 'cancellation_period': 7, 'cancellation_fee': 'FIRST', 'breakfast': 0, 'base_price': 7500, 'prices': [7500], 'price': 7500, 'old_price': 7500, 'currency': 'RUB', 'payment_amount': 7500, 'extras_variants': [], 'extras': [], 'rate_id': 12700, 'deals': [], 'cancellation_type': 'special', 'credit_card': 1, 'bonus': 1500, 'miles': 600, 'min_stay': 1, 'mircashback': 750}, {'id': 475012, 'force_prepayment': 0, 'capacity': 1, 'prepayment': 'FIRST', 'nonrefundable': 0, 'cancellation_period': 7, 'cancellation_fee': 'FIRST', 'breakfast': 1, 'base_price': 9000, 'prices': [9000], 'price': 9000, 'old_price': 9000, 'currency': 'RUB', 'payment_amount': 9000, 'extras_variants': [], 'extras': [], 'rate_id': 12699, 'deals': [], 'cancellation_type': 'special', 'credit_card': 1, 'bonus': 1800, 'miles': 720, 'min_stay': 1, 'mircashback': 900}, {'id': 475022, 'force_prepayment': 0, 'capacity': 2, 'prepayment': 'FIRST', 'nonrefundable': 0, 'cancellation_period': 7, 'cancellation_fee': 'FIRST', 'breakfast': 0, 'base_price': 7500, 'prices': [7500], 'price': 7500, 'old_price': 7500, 'currency': 'RUB', 'payment_amount': 7500, 'extras_variants': [], 'extras': [], 'rate_id': 12700, 'deals': [], 'cancellation_type': 'special', 'credit_card': 1, 'bonus': 1500, 'miles': 600, 'min_stay': 1, 'mircashback': 750}, {'id': 475013, 'force_prepayment': 0, 'capacity': 2, 'prepayment': 'FIRST', 'nonrefundable': 0, 'cancellation_period': 7, 'cancellation_fee': 'FIRST', 'breakfast': 1, 'base_price': 9000, 'prices': [9000], 'price': 9000, 'old_price': 9000, 'currency': 'RUB', 'payment_amount': 9000, 'extras_variants': [], 'extras': [], 'rate_id': 12699, 'deals': [], 'cancellation_type': 'special', 'credit_card': 1, 'bonus': 1800, 'miles': 720, 'min_stay': 1, 'mircashback': 900}]",7500.0,600,649990_101hotels,2025-05-12
2241251,,С ванной,2,0,0,1,Полулюкс,4,1,[{'double': 1}],[],"[{'id': 475023, 'force_prepayment': 0, 'capacity': 1, 'prepayment': 'FIRST', 'nonrefundable': 0, 'cancellation_period': 7, 'cancellation_fee': 'FIRST', 'breakfast': 0, 'base_price': 7500, 'prices': [7500], 'price': 7500, 'old_price': 7500, 'currency': 'RUB', 'payment_amount': 7500, 'extras_variants': [], 'extras': [], 'rate_id': 12700, 'deals': [], 'cancellation_type': 'special', 'credit_card': 1, 'bonus': 1500, 'miles': 600, 'min_stay': 1, 'mircashback': 750}, {'id': 475014, 'force_prepayment': 0, 'capacity': 1, 'prepayment': 'FIRST', 'nonrefundable': 0, 'cancellation_period': 7, 'cancellation_fee': 'FIRST', 'breakfast': 1, 'base_price': 9000, 'prices': [9000], 'price': 9000, 'old_price': 9000, 'currency': 'RUB', 'payment_amount': 9000, 'extras_variants': [], 'extras': [], 'rate_id': 12699, 'deals': [], 'cancellation_type': 'special', 'credit_card': 1, 'bonus': 1800, 'miles': 720, 'min_stay': 1, 'mircashback': 900}, {'id': 475024, 'force_prepayment': 0, 'capacity': 2, 'prepayment': 'FIRST', 'nonrefundable': 0, 'cancellation_period': 7, 'cancellation_fee': 'FIRST', 'breakfast': 0, 'base_price': 7500, 'prices': [7500], 'price': 7500, 'old_price': 7500, 'currency': 'RUB', 'payment_amount': 7500, 'extras_variants': [], 'extras': [], 'rate_id': 12700, 'deals': [], 'cancellation_type': 'special', 'credit_card': 1, 'bonus': 1500, 'miles': 600, 'min_stay': 1, 'mircashback': 750}, {'id': 475015, 'force_prepayment': 0, 'capacity': 2, 'prepayment': 'FIRST', 'nonrefundable': 0, 'cancellation_period': 7, 'cancellation_fee': 'FIRST', 'breakfast': 1, 'base_price': 9000, 'prices': [9000], 'price': 9000, 'old_price': 9000, 'currency': 'RUB', 'payment_amount': 9000, 'extras_variants': [], 'extras': [], 'rate_id': 12699, 'deals': [], 'cancellation_type': 'special', 'credit_card': 1, 'bonus': 1800, 'miles': 720, 'min_stay': 1, 'mircashback': 900}]",7500.0,600,649990_101hotels,2025-05-12
2293712,,Уютные у Аэропорта,4,0,0,1,Апартаменты,14,1,"[{'double': 1, 'sofa': 1}]",[],"[{'id': 985739, 'force_prepayment': 0, 'capacity': 1, 'prepayment': 'FULL', 'nonrefundable': 0, 'cancellation_period': 0, 'cancellation_fee': 'NO', 'breakfast': 0, 'base_price': 4320, 'prices': [4320], 'price': 4320, 'old_price': 4320, 'currency': 'RUB', 'payment_amount': 4320, 'extras_variants': [], 'extras': [], 'rate_id': 46977, 'deals': [], 'cancellation_type': 'free', 'credit_card': 1, 'bonus': 864, 'miles': 344, 'min_stay': 1, 'mircashback': 432}, {'id': 985740, 'force_prepayment': 0, 'capacity': 2, 'prepayment': 'FULL', 'nonrefundable': 0, 'cancellation_period': 0, 'cancellation_fee': 'NO', 'breakfast': 0, 'base_price': 4320, 'prices': [4320], 'price': 4320, 'old_price': 4320, 'currency': 'RUB', 'payment_amount': 4320, 'extras_variants': [], 'extras': [], 'rate_id': 46977, 'deals': [], 'cancellation_type': 'free', 'credit_card': 1, 'bonus': 864, 'miles': 344, 'min_stay': 1, 'mircashback': 432}, {'id': 985741, 'force_prepayment': 0, 'capacity': 3, 'prepayment': 'FULL', 'nonrefundable': 0, 'cancellation_period': 0, 'cancellation_fee': 'NO', 'breakfast': 0, 'base_price': 4570, 'prices': [4570], 'price': 4570, 'old_price': 4570, 'currency': 'RUB', 'payment_amount': 4570, 'extras_variants': [], 'extras': [], 'rate_id': 46977, 'deals': [], 'cancellation_type': 'free', 'credit_card': 1, 'bonus': 914, 'miles': 364, 'min_stay': 1, 'mircashback': 457}, {'id': 985742, 'force_prepayment': 0, 'capacity': 4, 'prepayment': 'FULL', 'nonrefundable': 0, 'cancellation_period': 0, 'cancellation_fee': 'NO', 'breakfast': 0, 'base_price': 4820, 'prices': [4820], 'price': 4820, 'old_price': 4820, 'currency': 'RUB', 'payment_amount': 4820, 'extras_variants': [], 'extras': [], 'rate_id': 46977, 'deals': [], 'cancellation_type': 'free', 'credit_card': 1, 'bonus': 964, 'miles': 384, 'min_stay': 1, 'mircashback': 482}]",4320.0,344,671748_101hotels,2025-05-12
2286516,,Апартаменты рядом с Аэропортом,4,0,0,1,Трёхместный и более,3,1,"[{'double': 1, 'sofa': 1}]",[],"[{'id': 926458, 'force_prepayment': 0, 'capacity': 1, 'prepayment': 'FULL', 'nonrefundable': 0, 'cancellation_period': 0, 'cancellation_fee': 'NO', 'breakfast': 0, 'base_price': 4320, 'prices': [4320], 'price': 4320, 'old_price': 4320, 'currency': 'RUB', 'payment_amount': 4320, 'extras_variants': [], 'extras': [], 'rate_id': 42713, 'deals': [], 'cancellation_type': 'free', 'credit_card': 1, 'bonus': 864, 'miles': 344, 'min_stay': 1, 'mircashback': 432}, {'id': 926459, 'force_prepayment': 0, 'capacity': 2, 'prepayment': 'FULL', 'nonrefundable': 0, 'cancellation_period': 0, 'cancellation_fee': 'NO', 'breakfast': 0, 'base_price': 4320, 'prices': [4320], 'price': 4320, 'old_price': 4320, 'currency': 'RUB', 'payment_amount': 4320, 'extras_variants': [], 'extras': [], 'rate_id': 42713, 'deals': [], 'cancellation_type': 'free', 'credit_card': 1, 'bonus': 864, 'miles': 344, 'min_stay': 1, 'mircashback': 432}, {'id': 926460, 'force_prepayment': 0, 'capacity': 3, 'prepayment': 'FULL', 'nonrefundable': 0, 'cancellation_period': 0, 'cancellation_fee': 'NO', 'breakfast': 0, 'base_price': 4470, 'prices': [4470], 'price': 4470, 'old_price': 4470, 'currency': 'RUB', 'payment_amount': 4470, 'extras_variants': [], 'extras': [], 'rate_id': 42713, 'deals': [], 'cancellation_type': 'free', 'credit_card': 1, 'bonus': 894, 'miles': 356, 'min_stay': 1, 'mircashback': 447}, {'id': 926461, 'force_prepayment': 0, 'capacity': 4, 'prepayment': 'FULL', 'nonrefundable': 0, 'cancellation_period': 0, 'cancellation_fee': 'NO', 'breakfast': 0, 'base_price': 4620, 'prices': [4620], 'price': 4620, 'old_price': 4620, 'currency': 'RUB', 'payment_amount': 4620, 'extras_variants': [], 'extras': [], 'rate_id': 42713, 'deals': [], 'cancellation_type': 'free', 'credit_card': 1, 'bonus': 924, 'miles': 368, 'min_stay': 1, 'mircashback': 462}]",4320.0,344,669898_101hotels,2025-05-12
2265316,,Койко-место в мужской комнате,8,0,1,0,Восьмиместный,38,5,[{'2-tier': 4}],[],"[{'id': 724771, 'force_prepayment': 0, 'capacity': 1, 'prepayment': 'FULL', 'nonrefundable': 0, 'cancellation_period': 2, 'cancellation_fee': 'FIRST', 'breakfast': 0, 'base_price': 732, 'prices': [732], 'price': 732, 'old_price': 732, 'currency': 'RUB', 'payment_amount': 732, 'extras_variants': [], 'extras': [], 'rate_id': 30478, 'deals': [], 'cancellation_type': 'special', 'credit_card': 1, 'bonus': 146, 'miles': 56, 'min_stay': 1, 'mircashback': 73}]",732.0,56,662650_101hotels,2025-05-12
2265326,,Койко-место в женской комнате,8,0,1,0,Восьмиместный,38,6,[{'2-tier': 4}],[],"[{'id': 724779, 'force_prepayment': 0, 'capacity': 1, 'prepayment': 'FULL', 'nonrefundable': 0, 'cancellation_period': 2, 'cancellation_fee': 'FIRST', 'breakfast': 0, 'base_price': 732, 'prices': [732], 'price': 732, 'old_price': 732, 'currency': 'RUB', 'payment_amount': 732, 'extras_variants': [], 'extras': [], 'rate_id': 30478, 'deals': [], 'cancellation_type': 'special', 'credit_card': 1, 'bonus': 146, 'miles': 56, 'min_stay': 1, 'mircashback': 73}]",732.0,56,662650_101hotels,2025-05-12
2265344,,Койко-место в мужской комнате,7,0,1,0,Семиместный,42,2,"[{'single': 5, '2-tier': 1}]",[],"[{'id': 724803, 'force_prepayment': 0, 'capacity': 1, 'prepayment': 'FULL', 'nonrefundable': 0, 'cancellation_period': 2, 'cancellation_fee': 'FIRST', 'breakfast': 0, 'base_price': 793, 'prices': [793], 'price': 793, 'old_price': 793, 'currency': 'RUB', 'payment_amount': 793, 'extras_variants': [], 'extras': [], 'rate_id': 30478, 'deals': [], 'cancellation_type': 'special', 'credit_card': 1, 'bonus': 159, 'miles': 60, 'min_stay': 1, 'mircashback': 79}]",793.0,60,662650_101hotels,2025-05-12
2265496,,Койко-место в женской комнате,7,0,1,0,Семиместный,42,3,"[{'single': 3, '2-tier': 2}]",[],"[{'id': 724908, 'force_prepayment': 0, 'capacity': 1, 'prepayment': 'FULL', 'nonrefundable': 0, 'cancellation_period': 2, 'cancellation_fee': 'FIRST', 'breakfast': 0, 'base_price': 793, 'prices': [793], 'price': 793, 'old_price': 793, 'currency': 'RUB', 'payment_amount': 793, 'extras_variants': [], 'extras': [], 'rate_id': 30478, 'deals': [], 'cancellation_type': 'special', 'credit_card': 1, 'bonus': 159, 'miles': 60, 'min_stay': 1, 'mircashback': 79}]",793.0,60,662650_101hotels,2025-05-12
2289484,,Кристальная Вода,2,2,0,1,Двухместный,2,1,[{'double': 1}],"[{'number': '2', 'min_age': '0', 'max_age': '18', 'is_extra_bed': '1', 'extra_bed_type_id': '1'}]","[{'id': 951789, 'force_prepayment': 0, 'capacity': 1, 'prepayment': 'FULL', 'nonrefundable': 0, 'cancellation_period': 0, 'cancellation_fee': 'NO', 'breakfast': 0, 'base_price': 3324, 'prices': [3324], 'price': 3324, 'old_price': 3324, 'currency': 'RUB', 'payment_amount': 3324, 'extras_variants': [], 'extras': [], 'rate_id': 44426, 'deals': [], 'cancellation_type': 'free', 'credit_card': 1, 'bonus': 665, 'miles': 264, 'min_stay': 1, 'mircashback': 332}, {'id': 951790, 'force_prepayment': 0, 'capacity': 2, 'prepayment': 'FULL', 'nonrefundable': 0, 'cancellation_period': 0, 'cancellation_fee': 'NO', 'breakfast': 0, 'base_price': 3324, 'prices': [3324], 'price': 3324, 'old_price': 3324, 'currency': 'RUB', 'payment_amount': 3324, 'extras_variants': [], 'extras': [], 'rate_id': 44426, 'deals': [], 'cancellation_type': 'free', 'credit_card': 1, 'bonus': 665, 'miles': 264, 'min_stay': 1, 'mircashback': 332}]",3324.0,264,669838_101hotels,2025-05-12
2289485,,Кристальный Лес,2,2,0,1,Двухместный,2,1,[{'double': 1}],"[{'number': '2', 'min_age': '0', 'max_age': '18', 'is_extra_bed': '1', 'extra_bed_type_id': '1'}]","[{'id': 951793, 'force_prepayment': 0, 'capacity': 1, 'prepayment': 'FULL', 'nonrefundable': 0, 'cancellation_period': 0, 'cancellation_fee': 'NO', 'breakfast': 0, 'base_price': 3071, 'prices': [3071], 'price': 3071, 'old_price': 3071, 'currency': 'RUB', 'payment_amount': 3071, 'extras_variants': [], 'extras': [], 'rate_id': 44426, 'deals': [], 'cancellation_type': 'free', 'credit_card': 1, 'bonus': 614, 'miles': 244, 'min_stay': 1, 'mircashback': 307}, {'id': 951794, 'force_prepayment': 0, 'capacity': 2, 'prepayment': 'FULL', 'nonrefundable': 0, 'cancellation_period': 0, 'cancellation_fee': 'NO', 'breakfast': 0, 'base_price': 3071, 'prices': [3071], 'price': 3071, 'old_price': 3071, 'currency': 'RUB', 'payment_amount': 3071, 'extras_variants': [], 'extras': [], 'rate_id': 44426, 'deals': [], 'cancellation_type': 'free', 'credit_card': 1, 'bonus': 614, 'miles': 244, 'min_stay': 1, 'mircashback': 307}]",3071.0,244,669838_101hotels,2025-05-12
2289486,,Кристальный Лёд,2,1,0,1,Двухместный,2,1,[{'double': 1}],"[{'number': '1', 'min_age': '0', 'max_age': '18', 'is_extra_bed': '1', 'extra_bed_type_id': '1'}]","[{'id': 951795, 'force_prepayment': 0, 'capacity': 1, 'prepayment': 'FULL', 'nonrefundable': 0, 'cancellation_period': 0, 'cancellation_fee': 'NO', 'breakfast': 0, 'base_price': 3105, 'prices': [3105], 'price': 3105, 'old_price': 3105, 'currency': 'RUB', 'payment_amount': 3105, 'extras_variants': [], 'extras': [], 'rate_id': 44426, 'deals': [], 'cancellation_type': 'free', 'credit_card': 1, 'bonus': 621, 'miles': 248, 'min_stay': 1, 'mircashback': 311}, {'id': 951796, 'force_prepayment': 0, 'capacity': 2, 'prepayment': 'FULL', 'nonrefundable': 0, 'cancellation_period': 0, 'cancellation_fee': 'NO', 'breakfast': 0, 'base_price': 3105, 'prices': [3105], 'price': 3105, 'old_price': 3105, 'currency': 'RUB', 'payment_amount': 3105, 'extras_variants': [], 'extras': [], 'rate_id': 44426, 'deals': [], 'cancellation_type': 'free', 'credit_card': 1, 'bonus': 621, 'miles': 248, 'min_stay': 1, 'mircashback': 311}]",3105.0,248,669838_101hotels,2025-05-12
126149,,Стандартный Double,2,0,0,1,Двухместный,2,4,[{'double': 1}],[],"[{'id': 718697, 'force_prepayment': 0, 'capacity': 1, 'prepayment': 'FIRST', 'nonrefundable': 0, 'cancellation_period': 1, 'cancellation_fee': 'FIRST', 'breakfast': 1, 'base_price': 5000, 'prices': [5000], 'price': 4500, 'old_price': 0, 'currency': 'RUB', 'payment_amount': 5000, 'extras_variants': [], 'extras': [], 'rate_id': 29919, 'deals': ['BASE'], 'cancellation_type': 'special', 'credit_card': 1, 'bonus': 900, 'miles': 360, 'min_stay': 1, 'mircashback': 450}, {'id': 718698, 'force_prepayment': 0, 'capacity': 2, 'prepayment': 'FIRST', 'nonrefundable': 0, 'cancellation_period': 1, 'cancellation_fee': 'FIRST', 'breakfast': 1, 'base_price': 5000, 'prices': [5000], 'price': 4500, 'old_price': 0, 'currency': 'RUB', 'payment_amount': 5000, 'extras_variants': [], 'extras': [], 'rate_id': 29919, 'deals': ['BASE'], 'cancellation_type': 'special', 'credit_card': 1, 'bonus': 900, 'miles': 360, 'min_stay': 1, 'mircashback': 450}]",4500.0,360,29907_101hotels,2025-05-12
126150,,Стандартный Twin,2,0,0,1,Двухместный,2,1,[{'single': 2}],[],"[{'id': 718699, 'force_prepayment': 0, 'capacity': 1, 'prepayment': 'FIRST', 'nonrefundable': 0, 'cancellation_period': 1, 'cancellation_fee': 'FIRST', 'breakfast': 1, 'base_price': 5000, 'prices': [5000], 'price': 4500, 'old_price': 0, 'currency': 'RUB', 'payment_amount': 5000, 'extras_variants': [], 'extras': [], 'rate_id': 29919, 'deals': ['BASE'], 'cancellation_type': 'special', 'credit_card': 1, 'bonus': 900, 'miles': 360, 'min_stay': 1, 'mircashback': 450}, {'id': 718700, 'force_prepayment': 0, 'capacity': 2, 'prepayment': 'FIRST', 'nonrefundable': 0, 'cancellation_period': 1, 'cancellation_fee': 'FIRST', 'breakfast': 1, 'base_price': 5000, 'prices': [5000], 'price': 4500, 'old_price': 0, 'currency': 'RUB', 'payment_amount': 5000, 'extras_variants': [], 'extras': [], 'rate_id': 29919, 'deals': ['BASE'], 'cancellation_type': 'special', 'credit_card': 1, 'bonus': 900, 'miles': 360, 'min_stay': 1, 'mircashback': 450}]",4500.0,360,29907_101hotels,2025-05-12
126151,,Улучшенный Twin,2,1,0,1,Двухместный,2,4,[{'single': 2}],[],"[{'id': 718701, 'force_prepayment': 0, 'capacity': 1, 'prepayment': 'FIRST', 'nonrefundable': 0, 'cancellation_period': 1, 'cancellation_fee': 'FIRST', 'breakfast': 1, 'base_price': 5500, 'prices': [5500], 'price': 4950, 'old_price': 0, 'currency': 'RUB', 'payment_amount': 5500, 'extras_variants': [], 'extras': [], 'rate_id': 29919, 'deals': ['BASE'], 'cancellation_type': 'special', 'credit_card': 1, 'bonus': 990, 'miles': 396, 'min_stay': 1, 'mircashback': 495}, {'id': 718702, 'force_prepayment': 0, 'capacity': 2, 'prepayment': 'FIRST', 'nonrefundable': 0, 'cancellation_period': 1, 'cancellation_fee': 'FIRST', 'breakfast': 1, 'base_price': 5500, 'prices': [5500], 'price': 4950, 'old_price': 0, 'currency': 'RUB', 'payment_amount': 5500, 'extras_variants': [], 'extras': [], 'rate_id': 29919, 'deals': ['BASE'], 'cancellation_type': 'special', 'credit_card': 1, 'bonus': 990, 'miles': 396, 'min_stay': 1, 'mircashback': 495}]",4950.0,396,29907_101hotels,2025-05-12
2275530,,Капсульная кровать  в женском номере,6,0,1,0,Шестиместный,36,6,"[{'single': 1}, {'2-tier': 3}]",[],"[{'id': 799707, 'force_prepayment': 0, 'capacity': 1, 'prepayment': 'FIRST', 'nonrefundable': 1, 'cancellation_period': 0, 'cancellation_fee': 'FIRST', 'breakfast': 0, 'base_price': 1200, 'prices': [1200], 'price': 1200, 'old_price': 1200, 'currency': 'RUB', 'payment_amount': 1200, 'extras_variants': [], 'extras': [], 'rate_id': 36336, 'deals': [], 'cancellation_type': 'nonrefundable', 'credit_card': 1, 'bonus': 240, 'miles': 96, 'min_stay': 1, 'mircashback': 120}]",1200.0,96,666722_101hotels,2025-05-12
194848,,"Стандарт, Double",2,1,0,1,Двухместный,2,12,[{'double': 1}],[],"[{'id': 722611, 'force_prepayment': 0, 'capacity': 1, 'prepayment': 'NO', 'nonrefundable': 0, 'cancellation_period': 0, 'cancellation_fee': 'NO', 'breakfast': 1, 'base_price': 6200, 'prices': [6200], 'price': 6200, 'old_price': 0, 'currency': 'RUB', 'payment_amount': 0, 'extras_variants': [], 'extras': [], 'rate_id': 30319, 'deals': [], 'cancellation_type': 'free', 'credit_card': 0, 'bonus': 1240, 'miles': 496, 'min_stay': 1, 'mircashback': 620}, {'id': 722612, 'force_prepayment': 0, 'capacity': 2, 'prepayment': 'NO', 'nonrefundable': 0, 'cancellation_period': 0, 'cancellation_fee': 'NO', 'breakfast': 1, 'base_price': 6200, 'prices': [6200], 'price': 6200, 'old_price': 0, 'currency': 'RUB', 'payment_amount': 0, 'extras_variants': [], 'extras': [], 'rate_id': 30319, 'deals': [], 'cancellation_type': 'free', 'credit_card': 0, 'bonus': 1240, 'miles': 496, 'min_stay': 1, 'mircashback': 620}]",6200.0,496,48009_101hotels,2025-05-12
194860,,"Улучшенный, Double",2,1,0,1,Двухместный,2,13,[{'double': 1}],[],"[{'id': 722613, 'force_prepayment': 0, 'capacity': 1, 'prepayment': 'NO', 'nonrefundable': 0, 'cancellation_period': 0, 'cancellation_fee': 'NO', 'breakfast': 1, 'base_price': 7200, 'prices': [7200], 'price': 7200, 'old_price': 0, 'currency': 'RUB', 'payment_amount': 0, 'extras_variants': [], 'extras': [], 'rate_id': 30319, 'deals': [], 'cancellation_type': 'free', 'credit_card': 0, 'bonus': 1440, 'miles': 576, 'min_stay': 1, 'mircashback': 720}, {'id': 722614, 'force_prepayment': 0, 'capacity': 2, 'prepayment': 'NO', 'nonrefundable': 0, 'cancellation_period': 0, 'cancellation_fee': 'NO', 'breakfast': 1, 'base_price': 7200, 'prices': [7200], 'price': 7200, 'old_price': 0, 'currency': 'RUB', 'payment_amount': 0, 'extras_variants': [], 'extras': [], 'rate_id': 30319, 'deals': [], 'cancellation_type': 'free', 'credit_card': 0, 'bonus': 1440, 'miles': 576, 'min_stay': 1, 'mircashback': 720}]",7200.0,576,48009_101hotels,2025-05-12
194868,,Twin,2,1,0,1,Полулюкс,4,7,[{'single': 2}],[],"[{'id': 722619, 'force_prepayment': 0, 'capacity': 1, 'prepayment': 'NO', 'nonrefundable': 0, 'cancellation_period': 0, 'cancellation_fee': 'NO', 'breakfast': 1, 'base_price': 8200, 'prices': [8200], 'price': 8200, 'old_price': 0, 'currency': 'RUB', 'payment_amount': 0, 'extras_variants': [], 'extras': [], 'rate_id': 30319, 'deals': [], 'cancellation_type': 'free', 'credit_card': 0, 'bonus': 1640, 'miles': 656, 'min_stay': 1, 'mircashback': 820}, {'id': 722620, 'force_prepayment': 0, 'capacity': 2, 'prepayment': 'NO', 'nonrefundable': 0, 'cancellation_period': 0, 'cancellation_fee': 'NO', 'breakfast': 1, 'base_price': 8200, 'prices': [8200], 'price': 8200, 'old_price': 0, 'currency': 'RUB', 'payment_amount': 0, 'extras_variants': [], 'extras': [], 'rate_id': 30319, 'deals': [], 'cancellation_type': 'free', 'credit_card': 0, 'bonus': 1640, 'miles': 656, 'min_stay': 1, 'mircashback': 820}]",8200.0,656,48009_101hotels,2025-05-12
194876,,Double,2,1,0,1,Люкс,6,7,[{'double': 1}],[],"[{'id': 722623, 'force_prepayment': 0, 'capacity': 1, 'prepayment': 'NO', 'nonrefundable': 0, 'cancellation_period': 0, 'cancellation_fee': 'NO', 'breakfast': 1, 'base_price': 9800, 'prices': [9800], 'price': 9800, 'old_price': 0, 'currency': 'RUB', 'payment_amount': 0, 'extras_variants': [], 'extras': [], 'rate_id': 30319, 'deals': [], 'cancellation_type': 'free', 'credit_card': 0, 'bonus': 1960, 'miles': 784, 'min_stay': 1, 'mircashback': 980}, {'id': 722624, 'force_prepayment': 0, 'capacity': 2, 'prepayment': 'NO', 'nonrefundable': 0, 'cancellation_period': 0, 'cancellation_fee': 'NO', 'breakfast': 1, 'base_price': 9800, 'prices': [9800], 'price': 9800, 'old_price': 0, 'currency': 'RUB', 'payment_amount': 0, 'extras_variants': [], 'extras': [], 'rate_id': 30319, 'deals': [], 'cancellation_type': 'free', 'credit_card': 0, 'bonus': 1960, 'miles': 784, 'min_stay': 1, 'mircashback': 980}]",9800.0,784,48009_101hotels,2025-05-12
219796,,"Улучшенный, Twin",2,1,0,1,Двухместный,2,5,[{'single': 2}],[],"[{'id': 722615, 'force_prepayment': 0, 'capacity': 1, 'prepayment': 'NO', 'nonrefundable': 0, 'cancellation_period': 0, 'cancellation_fee': 'NO', 'breakfast': 1, 'base_price': 7200, 'prices': [7200], 'price': 7200, 'old_price': 0, 'currency': 'RUB', 'payment_amount': 0, 'extras_variants': [], 'extras': [], 'rate_id': 30319, 'deals': [], 'cancellation_type': 'free', 'credit_card': 0, 'bonus': 1440, 'miles': 576, 'min_stay': 1, 'mircashback': 720}, {'id': 722616, 'force_prepayment': 0, 'capacity': 2, 'prepayment': 'NO', 'nonrefundable': 0, 'cancellation_period': 0, 'cancellation_fee': 'NO', 'breakfast': 1, 'base_price': 7200, 'prices': [7200], 'price': 7200, 'old_price': 0, 'currency': 'RUB', 'payment_amount': 0, 'extras_variants': [], 'extras': [], 'rate_id': 30319, 'deals': [], 'cancellation_type': 'free', 'credit_card': 0, 'bonus': 1440, 'miles': 576, 'min_stay': 1, 'mircashback': 720}]",7200.0,576,48009_101hotels,2025-05-12
219915,,"Стандарт, Twin",2,1,0,1,Двухместный,2,13,[{'single': 2}],[],"[{'id': 722617, 'force_prepayment': 0, 'capacity': 1, 'prepayment': 'NO', 'nonrefundable': 0, 'cancellation_period': 0, 'cancellation_fee': 'NO', 'breakfast': 1, 'base_price': 6200, 'prices': [6200], 'price': 6200, 'old_price': 0, 'currency': 'RUB', 'payment_amount': 0, 'extras_variants': [], 'extras': [], 'rate_id': 30319, 'deals': [], 'cancellation_type': 'free', 'credit_card': 0, 'bonus': 1240, 'miles': 496, 'min_stay': 1, 'mircashback': 620}, {'id': 722618, 'force_prepayment': 0, 'capacity': 2, 'prepayment': 'NO', 'nonrefundable': 0, 'cancellation_period': 0, 'cancellation_fee': 'NO', 'breakfast': 1, 'base_price': 6200, 'prices': [6200], 'price': 6200, 'old_price': 0, 'currency': 'RUB', 'payment_amount': 0, 'extras_variants': [], 'extras': [], 'rate_id': 30319, 'deals': [], 'cancellation_type': 'free', 'credit_card': 0, 'bonus': 1240, 'miles': 496, 'min_stay': 1, 'mircashback': 620}]",6200.0,496,48009_101hotels,2025-05-12
1550129,,Twin,2,1,0,1,Люкс,6,3,[{'single': 2}],[],"[{'id': 722625, 'force_prepayment': 0, 'capacity': 1, 'prepayment': 'NO', 'nonrefundable': 0, 'cancellation_period': 0, 'cancellation_fee': 'NO', 'breakfast': 1, 'base_price': 9800, 'prices': [9800], 'price': 9800, 'old_price': 0, 'currency': 'RUB', 'payment_amount': 0, 'extras_variants': [], 'extras': [], 'rate_id': 30319, 'deals': [], 'cancellation_type': 'free', 'credit_card': 0, 'bonus': 1960, 'miles': 784, 'min_stay': 1, 'mircashback': 980}, {'id': 722626, 'force_prepayment': 0, 'capacity': 2, 'prepayment': 'NO', 'nonrefundable': 0, 'cancellation_period': 0, 'cancellation_fee': 'NO', 'breakfast': 1, 'base_price': 9800, 'prices': [9800], 'price': 9800, 'old_price': 0, 'currency': 'RUB', 'payment_amount': 0, 'extras_variants': [], 'extras': [], 'rate_id': 30319, 'deals': [], 'cancellation_type': 'free', 'credit_card': 0, 'bonus': 1960, 'miles': 784, 'min_stay': 1, 'mircashback': 980}]",9800.0,784,48009_101hotels,2025-05-12
1550130,,Double,2,1,0,1,Полулюкс,4,4,[{'double': 1}],[],"[{'id': 722621, 'force_prepayment': 0, 'capacity': 1, 'prepayment': 'NO', 'nonrefundable': 0, 'cancellation_period': 0, 'cancellation_fee': 'NO', 'breakfast': 1, 'base_price': 8200, 'prices': [8200], 'price': 8200, 'old_price': 0, 'currency': 'RUB', 'payment_amount': 0, 'extras_variants': [], 'extras': [], 'rate_id': 30319, 'deals': [], 'cancellation_type': 'free', 'credit_card': 0, 'bonus': 1640, 'miles': 656, 'min_stay': 1, 'mircashback': 820}, {'id': 722622, 'force_prepayment': 0, 'capacity': 2, 'prepayment': 'NO', 'nonrefundable': 0, 'cancellation_period': 0, 'cancellation_fee': 'NO', 'breakfast': 1, 'base_price': 8200, 'prices': [8200], 'price': 8200, 'old_price': 0, 'currency': 'RUB', 'payment_amount': 0, 'extras_variants': [], 'extras': [], 'rate_id': 30319, 'deals': [], 'cancellation_type': 'free', 'credit_card': 0, 'bonus': 1640, 'miles': 656, 'min_stay': 1, 'mircashback': 820}]",8200.0,656,48009_101hotels,2025-05-12
2227631,,Комната № 1,2,1,0,1,Двухместный,2,1,"[{'single': 1, 'double': 1}, {'f-chair': 1}]",[],"[{'id': 424166, 'force_prepayment': 0, 'capacity': 1, 'prepayment': 'FIRST', 'nonrefundable': 0, 'cancellation_period': 1, 'cancellation_fee': 'FIRST', 'breakfast': 0, 'base_price': 4800, 'prices': [4800], 'price': 4800, 'old_price': 4800, 'currency': 'RUB', 'payment_amount': 4800, 'extras_variants': [], 'extras': [], 'rate_id': 9060, 'deals': [], 'cancellation_type': 'special', 'credit_card': 1, 'bonus': 960, 'miles': 384, 'min_stay': 1, 'mircashback': 480}, {'id': 424167, 'force_prepayment': 0, 'capacity': 2, 'prepayment': 'FIRST', 'nonrefundable': 0, 'cancellation_period': 1, 'cancellation_fee': 'FIRST', 'breakfast': 0, 'base_price': 4800, 'prices': [4800], 'price': 4800, 'old_price': 4800, 'currency': 'RUB', 'payment_amount': 4800, 'extras_variants': [], 'extras': [], 'rate_id': 9060, 'deals': [], 'cancellation_type': 'special', 'credit_card': 1, 'bonus': 960, 'miles': 384, 'min_stay': 1, 'mircashback': 480}]",4800.0,384,610841_101hotels,2025-05-12
2227632,,Комната № 2,2,1,0,1,Двухместный,2,1,"[{'single': 1, 'double': 1, 'f-chair': 1}]",[],"[{'id': 424168, 'force_prepayment': 0, 'capacity': 1, 'prepayment': 'FIRST', 'nonrefundable': 0, 'cancellation_period': 1, 'cancellation_fee': 'FIRST', 'breakfast': 0, 'base_price': 4700, 'prices': [4700], 'price': 4700, 'old_price': 4700, 'currency': 'RUB', 'payment_amount': 4700, 'extras_variants': [], 'extras': [], 'rate_id': 9060, 'deals': [], 'cancellation_type': 'special', 'credit_card': 1, 'bonus': 940, 'miles': 376, 'min_stay': 1, 'mircashback': 470}, {'id': 424169, 'force_prepayment': 0, 'capacity': 2, 'prepayment': 'FIRST', 'nonrefundable': 0, 'cancellation_period': 1, 'cancellation_fee': 'FIRST', 'breakfast': 0, 'base_price': 4700, 'prices': [4700], 'price': 4700, 'old_price': 4700, 'currency': 'RUB', 'payment_amount': 4700, 'extras_variants': [], 'extras': [], 'rate_id': 9060, 'deals': [], 'cancellation_type': 'special', 'credit_card': 1, 'bonus': 940, 'miles': 376, 'min_stay': 1, 'mircashback': 470}]",4700.0,376,610841_101hotels,2025-05-12
2227633,,Комната № 3,2,0,0,1,Двухместный,2,1,"[{'single': 1, 'double': 1}]",[],"[{'id': 424170, 'force_prepayment': 0, 'capacity': 1, 'prepayment': 'FIRST', 'nonrefundable': 0, 'cancellation_period': 1, 'cancellation_fee': 'FIRST', 'breakfast': 0, 'base_price': 4500, 'prices': [4500], 'price': 4500, 'old_price': 4500, 'currency': 'RUB', 'payment_amount': 4500, 'extras_variants': [], 'extras': [], 'rate_id': 9060, 'deals': [], 'cancellation_type': 'special', 'credit_card': 1, 'bonus': 900, 'miles': 360, 'min_stay': 1, 'mircashback': 450}, {'id': 424171, 'force_prepayment': 0, 'capacity': 2, 'prepayment': 'FIRST', 'nonrefundable': 0, 'cancellation_period': 1, 'cancellation_fee': 'FIRST', 'breakfast': 0, 'base_price': 4500, 'prices': [4500], 'price': 4500, 'old_price': 4500, 'currency': 'RUB', 'payment_amount': 4500, 'extras_variants': [], 'extras': [], 'rate_id': 9060, 'deals': [], 'cancellation_type': 'special', 'credit_card': 1, 'bonus': 900, 'miles': 360, 'min_stay': 1, 'mircashback': 450}]",4500.0,360,610841_101hotels,2025-05-12
2227635,,Комната № 5,2,0,0,1,Двухместный,2,1,"[{'single': 1}, {'single': 1}]",[],"[{'id': 424174, 'force_prepayment': 0, 'capacity': 1, 'prepayment': 'FIRST', 'nonrefundable': 0, 'cancellation_period': 1, 'cancellation_fee': 'FIRST', 'breakfast': 0, 'base_price': 5300, 'prices': [5300], 'price': 5300, 'old_price': 5300, 'currency': 'RUB', 'payment_amount': 5300, 'extras_variants': [], 'extras': [], 'rate_id': 9060, 'deals': [], 'cancellation_type': 'special', 'credit_card': 1, 'bonus': 1060, 'miles': 424, 'min_stay': 1, 'mircashback': 530}, {'id': 424175, 'force_prepayment': 0, 'capacity': 2, 'prepayment': 'FIRST', 'nonrefundable': 0, 'cancellation_period': 1, 'cancellation_fee': 'FIRST', 'breakfast': 0, 'base_price': 5300, 'prices': [5300], 'price': 5300, 'old_price': 5300, 'currency': 'RUB', 'payment_amount': 5300, 'extras_variants': [], 'extras': [], 'rate_id': 9060, 'deals': [], 'cancellation_type': 'special', 'credit_card': 1, 'bonus': 1060, 'miles': 424, 'min_stay': 1, 'mircashback': 530}]",5300.0,424,610841_101hotels,2025-05-12
2227636,,Комната № 6,2,0,0,1,Двухместный,2,1,[{'single': 2}],[],"[{'id': 424176, 'force_prepayment': 0, 'capacity': 1, 'prepayment': 'FIRST', 'nonrefundable': 0, 'cancellation_period': 1, 'cancellation_fee': 'FIRST', 'breakfast': 0, 'base_price': 6000, 'prices': [6000], 'price': 6000, 'old_price': 6000, 'currency': 'RUB', 'payment_amount': 6000, 'extras_variants': [], 'extras': [], 'rate_id': 9060, 'deals': [], 'cancellation_type': 'special', 'credit_card': 1, 'bonus': 1200, 'miles': 480, 'min_stay': 1, 'mircashback': 600}, {'id': 424177, 'force_prepayment': 0, 'capacity': 2, 'prepayment': 'FIRST', 'nonrefundable': 0, 'cancellation_period': 1, 'cancellation_fee': 'FIRST', 'breakfast': 0, 'base_price': 6000, 'prices': [6000], 'price': 6000, 'old_price': 6000, 'currency': 'RUB', 'payment_amount': 6000, 'extras_variants': [], 'extras': [], 'rate_id': 9060, 'deals': [], 'cancellation_type': 'special', 'credit_card': 1, 'bonus': 1200, 'miles': 480, 'min_stay': 1, 'mircashback': 600}]",6000.0,480,610841_101hotels,2025-05-12
2227637,,Комната № 7,1,0,0,1,Одноместный,1,1,[{'double': 1}],[],"[{'id': 424165, 'force_prepayment': 0, 'capacity': 1, 'prepayment': 'FIRST', 'nonrefundable': 0, 'cancellation_period': 1, 'cancellation_fee': 'FIRST', 'breakfast': 0, 'base_price': 5000, 'prices': [5000], 'price': 5000, 'old_price': 5000, 'currency': 'RUB', 'payment_amount': 5000, 'extras_variants': [], 'extras': [], 'rate_id': 9060, 'deals': [], 'cancellation_type': 'special', 'credit_card': 1, 'bonus': 1000, 'miles': 400, 'min_stay': 1, 'mircashback': 500}]",5000.0,400,610841_101hotels,2025-05-12
2270770,,Комната № 4,4,2,0,1,Семейный,44,1,"[{'single': 2, 'double': 2}, {'single': 1}]",[],"[{'id': 762327, 'force_prepayment': 0, 'capacity': 1, 'prepayment': 'FIRST', 'nonrefundable': 0, 'cancellation_period': 1, 'cancellation_fee': 'FIRST', 'breakfast': 0, 'base_price': 6000, 'prices': [6000], 'price': 6000, 'old_price': 6000, 'currency': 'RUB', 'payment_amount': 6000, 'extras_variants': [], 'extras': [], 'rate_id': 9060, 'deals': [], 'cancellation_type': 'special', 'credit_card': 1, 'bonus': 1200, 'miles': 480, 'min_stay': 1, 'mircashback': 600}, {'id': 762328, 'force_prepayment': 0, 'capacity': 2, 'prepayment': 'FIRST', 'nonrefundable': 0, 'cancellation_period': 1, 'cancellation_fee': 'FIRST', 'breakfast': 0, 'base_price': 6000, 'prices': [6000], 'price': 6000, 'old_price': 6000, 'currency': 'RUB', 'payment_amount': 6000, 'extras_variants': [], 'extras': [], 'rate_id': 9060, 'deals': [], 'cancellation_type': 'special', 'credit_card': 1, 'bonus': 1200, 'miles': 480, 'min_stay': 1, 'mircashback': 600}, {'id': 762329, 'force_prepayment': 0, 'capacity': 3, 'prepayment': 'FIRST', 'nonrefundable': 0, 'cancellation_period': 1, 'cancellation_fee': 'FIRST', 'breakfast': 0, 'base_price': 6000, 'prices': [6000], 'price': 6000, 'old_price': 6000, 'currency': 'RUB', 'payment_amount': 6000, 'extras_variants': [], 'extras': [], 'rate_id': 9060, 'deals': [], 'cancellation_type': 'special', 'credit_card': 1, 'bonus': 1200, 'miles': 480, 'min_stay': 1, 'mircashback': 600}, {'id': 762330, 'force_prepayment': 0, 'capacity': 4, 'prepayment': 'FIRST', 'nonrefundable': 0, 'cancellation_period': 1, 'cancellation_fee': 'FIRST', 'breakfast': 0, 'base_price': 6000, 'prices': [6000], 'price': 6000, 'old_price': 6000, 'currency': 'RUB', 'payment_amount': 6000, 'extras_variants': [], 'extras': [], 'rate_id': 9060, 'deals': [], 'cancellation_type': 'special', 'credit_card': 1, 'bonus': 1200, 'miles': 480, 'min_stay': 1, 'mircashback': 600}]",6000.0,480,610841_101hotels,2025-05-12
2270772,,Комната №  3Б,4,0,1,1,Четырехместный,34,4,[{'single': 4}],[],"[{'id': 762331, 'force_prepayment': 0, 'capacity': 1, 'prepayment': 'FIRST', 'nonrefundable': 0, 'cancellation_period': 1, 'cancellation_fee': 'FIRST', 'breakfast': 0, 'base_price': 1900, 'prices': [1900], 'price': 1900, 'old_price': 1900, 'currency': 'RUB', 'payment_amount': 1900, 'extras_variants': [], 'extras': [], 'rate_id': 9060, 'deals': [], 'cancellation_type': 'special', 'credit_card': 1, 'bonus': 380, 'miles': 152, 'min_stay': 1, 'mircashback': 190}]",1900.0,152,610841_101hotels,2025-05-12
2270773,,Комната № 1 А,4,1,1,0,Четырехместный,34,3,[{'single': 4}],[],"[{'id': 762332, 'force_prepayment': 0, 'capacity': 1, 'prepayment': 'FIRST', 'nonrefundable': 0, 'cancellation_period': 1, 'cancellation_fee': 'FIRST', 'breakfast': 0, 'base_price': 1900, 'prices': [1900], 'price': 1900, 'old_price': 1900, 'currency': 'RUB', 'payment_amount': 1900, 'extras_variants': [], 'extras': [], 'rate_id': 9060, 'deals': [], 'cancellation_type': 'special', 'credit_card': 1, 'bonus': 380, 'miles': 152, 'min_stay': 1, 'mircashback': 190}]",1900.0,152,610841_101hotels,2025-05-12
2277054,,МЯТА рядом с аэропортом,2,1,0,1,Апартаменты,14,1,"[{'double': 1, 'f-chair': 1}]","[{'number': '1', 'min_age': '0', 'max_age': '7', 'is_extra_bed': '0', 'extra_bed_type_id': '0'}]","[{'id': 842551, 'force_prepayment': 0, 'capacity': 1, 'prepayment': 'FULL', 'nonrefundable': 0, 'cancellation_period': 0, 'cancellation_fee': 'NO', 'breakfast': 0, 'base_price': 2684, 'prices': [2684], 'price': 2281.4, 'old_price': 2684, 'currency': 'RUB', 'payment_amount': 2684, 'extras_variants': [], 'extras': [], 'rate_id': 38076, 'deals': ['BASE'], 'cancellation_type': 'free', 'credit_card': 1, 'bonus': 456, 'miles': 180, 'min_stay': 1, 'mircashback': 228}, {'id': 842552, 'force_prepayment': 0, 'capacity': 2, 'prepayment': 'FULL', 'nonrefundable': 0, 'cancellation_period': 0, 'cancellation_fee': 'NO', 'breakfast': 0, 'base_price': 2684, 'prices': [2684], 'price': 2281.4, 'old_price': 2684, 'currency': 'RUB', 'payment_amount': 2684, 'extras_variants': [], 'extras': [], 'rate_id': 38076, 'deals': ['BASE'], 'cancellation_type': 'free', 'credit_card': 1, 'bonus': 456, 'miles': 180, 'min_stay': 1, 'mircashback': 228}]",2281.4,180,666854_101hotels,2025-05-12
1788427,,Стандарт,1,1,0,1,Одноместный,1,2,[{'single': 1}],[],"[{'id': 604109, 'force_prepayment': 1, 'capacity': 1, 'prepayment': 'NO', 'nonrefundable': 0, 'cancellation_period': 0, 'cancellation_fee': 'NO', 'breakfast': 0, 'base_price': 1900, 'prices': [1900], 'price': 1900, 'old_price': 1900, 'currency': 'RUB', 'payment_amount': 0, 'extras_variants': [], 'extras': [], 'rate_id': 21502, 'deals': [], 'cancellation_type': 'free', 'credit_card': 0, 'bonus': 380, 'miles': 152, 'min_stay': 1, 'mircashback': 190}, {'id': '604109P', 'force_prepayment': 1, 'capacity': 1, 'prepayment': 'FULL', 'nonrefundable': 0, 'cancellation_period': 0, 'cancellation_fee': 'NO', 'breakfast': 0, 'base_price': 1900, 'prices': [1900], 'price': 1900, 'old_price': 1900, 'currency': 'RUB', 'payment_amount': 1900, 'extras_variants': [], 'extras': [], 'rate_id': 21502, 'deals': [], 'cancellation_type': 'free', 'credit_card': 0, 'bonus': 380, 'miles': 152, 'min_stay': 1, 'mircashback': 190}]",1900.0,152,7190_101hotels,2025-05-12
1788428,,"Стандарт, Twin",2,1,0,1,Двухместный,2,11,[{'single': 2}],[],"[{'id': 604111, 'force_prepayment': 1, 'capacity': 1, 'prepayment': 'NO', 'nonrefundable': 0, 'cancellation_period': 0, 'cancellation_fee': 'NO', 'breakfast': 0, 'base_price': 2400, 'prices': [2400], 'price': 2400, 'old_price': 2400, 'currency': 'RUB', 'payment_amount': 0, 'extras_variants': [], 'extras': [], 'rate_id': 21502, 'deals': [], 'cancellation_type': 'free', 'credit_card': 0, 'bonus': 480, 'miles': 192, 'min_stay': 1, 'mircashback': 240}, {'id': 604112, 'force_prepayment': 1, 'capacity': 2, 'prepayment': 'NO', 'nonrefundable': 0, 'cancellation_period': 0, 'cancellation_fee': 'NO', 'breakfast': 0, 'base_price': 2400, 'prices': [2400], 'price': 2400, 'old_price': 2400, 'currency': 'RUB', 'payment_amount': 0, 'extras_variants': [], 'extras': [], 'rate_id': 21502, 'deals': [], 'cancellation_type': 'free', 'credit_card': 0, 'bonus': 480, 'miles': 192, 'min_stay': 1, 'mircashback': 240}, {'id': '604111P', 'force_prepayment': 1, 'capacity': 1, 'prepayment': 'FULL', 'nonrefundable': 0, 'cancellation_period': 0, 'cancellation_fee': 'NO', 'breakfast': 0, 'base_price': 2400, 'prices': [2400], 'price': 2400, 'old_price': 2400, 'currency': 'RUB', 'payment_amount': 2400, 'extras_variants': [], 'extras': [], 'rate_id': 21502, 'deals': [], 'cancellation_type': 'free', 'credit_card': 0, 'bonus': 480, 'miles': 192, 'min_stay': 1, 'mircashback': 240}, {'id': '604112P', 'force_prepayment': 1, 'capacity': 2, 'prepayment': 'FULL', 'nonrefundable': 0, 'cancellation_period': 0, 'cancellation_fee': 'NO', 'breakfast': 0, 'base_price': 2400, 'prices': [2400], 'price': 2400, 'old_price': 2400, 'currency': 'RUB', 'payment_amount': 2400, 'extras_variants': [], 'extras': [], 'rate_id': 21502, 'deals': [], 'cancellation_type': 'free', 'credit_card': 0, 'bonus': 480, 'miles': 192, 'min_stay': 1, 'mircashback': 240}]",2400.0,192,7190_101hotels,2025-05-12
1788429,,"Стандарт, Double",2,1,0,1,Двухместный,2,1,[{'double': 1}],[],"[{'id': 604113, 'force_prepayment': 1, 'capacity': 1, 'prepayment': 'NO', 'nonrefundable': 0, 'cancellation_period': 0, 'cancellation_fee': 'NO', 'breakfast': 0, 'base_price': 2400, 'prices': [2400], 'price': 2400, 'old_price': 2400, 'currency': 'RUB', 'payment_amount': 0, 'extras_variants': [], 'extras': [], 'rate_id': 21502, 'deals': [], 'cancellation_type': 'free', 'credit_card': 0, 'bonus': 480, 'miles': 192, 'min_stay': 1, 'mircashback': 240}, {'id': 604114, 'force_prepayment': 1, 'capacity': 2, 'prepayment': 'NO', 'nonrefundable': 0, 'cancellation_period': 0, 'cancellation_fee': 'NO', 'breakfast': 0, 'base_price': 2400, 'prices': [2400], 'price': 2400, 'old_price': 2400, 'currency': 'RUB', 'payment_amount': 0, 'extras_variants': [], 'extras': [], 'rate_id': 21502, 'deals': [], 'cancellation_type': 'free', 'credit_card': 0, 'bonus': 480, 'miles': 192, 'min_stay': 1, 'mircashback': 240}, {'id': '604113P', 'force_prepayment': 1, 'capacity': 1, 'prepayment': 'FULL', 'nonrefundable': 0, 'cancellation_period': 0, 'cancellation_fee': 'NO', 'breakfast': 0, 'base_price': 2400, 'prices': [2400], 'price': 2400, 'old_price': 2400, 'currency': 'RUB', 'payment_amount': 2400, 'extras_variants': [], 'extras': [], 'rate_id': 21502, 'deals': [], 'cancellation_type': 'free', 'credit_card': 0, 'bonus': 480, 'miles': 192, 'min_stay': 1, 'mircashback': 240}, {'id': '604114P', 'force_prepayment': 1, 'capacity': 2, 'prepayment': 'FULL', 'nonrefundable': 0, 'cancellation_period': 0, 'cancellation_fee': 'NO', 'breakfast': 0, 'base_price': 2400, 'prices': [2400], 'price': 2400, 'old_price': 2400, 'currency': 'RUB', 'payment_amount': 2400, 'extras_variants': [], 'extras': [], 'rate_id': 21502, 'deals': [], 'cancellation_type': 'free', 'credit_card': 0, 'bonus': 480, 'miles': 192, 'min_stay': 1, 'mircashback': 240}]",2400.0,192,7190_101hotels,2025-05-12
1788431,,"Стандарт, С 1 кроватью и балконом",2,0,0,1,Двухместный,2,1,[{'double': 1}],[],"[{'id': 604115, 'force_prepayment': 1, 'capacity': 1, 'prepayment': 'NO', 'nonrefundable': 0, 'cancellation_period': 0, 'cancellation_fee': 'NO', 'breakfast': 0, 'base_price': 2700, 'prices': [2700], 'price': 2700, 'old_price': 2700, 'currency': 'RUB', 'payment_amount': 0, 'extras_variants': [], 'extras': [], 'rate_id': 21502, 'deals': [], 'cancellation_type': 'free', 'credit_card': 0, 'bonus': 540, 'miles': 216, 'min_stay': 1, 'mircashback': 270}, {'id': 604116, 'force_prepayment': 1, 'capacity': 2, 'prepayment': 'NO', 'nonrefundable': 0, 'cancellation_period': 0, 'cancellation_fee': 'NO', 'breakfast': 0, 'base_price': 2700, 'prices': [2700], 'price': 2700, 'old_price': 2700, 'currency': 'RUB', 'payment_amount': 0, 'extras_variants': [], 'extras': [], 'rate_id': 21502, 'deals': [], 'cancellation_type': 'free', 'credit_card': 0, 'bonus': 540, 'miles': 216, 'min_stay': 1, 'mircashback': 270}, {'id': '604115P', 'force_prepayment': 1, 'capacity': 1, 'prepayment': 'FULL', 'nonrefundable': 0, 'cancellation_period': 0, 'cancellation_fee': 'NO', 'breakfast': 0, 'base_price': 2700, 'prices': [2700], 'price': 2700, 'old_price': 2700, 'currency': 'RUB', 'payment_amount': 2700, 'extras_variants': [], 'extras': [], 'rate_id': 21502, 'deals': [], 'cancellation_type': 'free', 'credit_card': 0, 'bonus': 540, 'miles': 216, 'min_stay': 1, 'mircashback': 270}, {'id': '604116P', 'force_prepayment': 1, 'capacity': 2, 'prepayment': 'FULL', 'nonrefundable': 0, 'cancellation_period': 0, 'cancellation_fee': 'NO', 'breakfast': 0, 'base_price': 2700, 'prices': [2700], 'price': 2700, 'old_price': 2700, 'currency': 'RUB', 'payment_amount': 2700, 'extras_variants': [], 'extras': [], 'rate_id': 21502, 'deals': [], 'cancellation_type': 'free', 'credit_card': 0, 'bonus': 540, 'miles': 216, 'min_stay': 1, 'mircashback': 270}]",2700.0,216,7190_101hotels,2025-05-12
1788432,,"Стандарт, С 1 кроватью и диваном",2,1,0,1,Двухместный,2,2,[{'double': 1}],[],"[{'id': 604117, 'force_prepayment': 1, 'capacity': 1, 'prepayment': 'NO', 'nonrefundable': 0, 'cancellation_period': 0, 'cancellation_fee': 'NO', 'breakfast': 0, 'base_price': 3100, 'prices': [3100], 'price': 3100, 'old_price': 3100, 'currency': 'RUB', 'payment_amount': 0, 'extras_variants': [], 'extras': [], 'rate_id': 21502, 'deals': [], 'cancellation_type': 'free', 'credit_card': 0, 'bonus': 620, 'miles': 248, 'min_stay': 1, 'mircashback': 310}, {'id': 604118, 'force_prepayment': 1, 'capacity': 2, 'prepayment': 'NO', 'nonrefundable': 0, 'cancellation_period': 0, 'cancellation_fee': 'NO', 'breakfast': 0, 'base_price': 3100, 'prices': [3100], 'price': 3100, 'old_price': 3100, 'currency': 'RUB', 'payment_amount': 0, 'extras_variants': [], 'extras': [], 'rate_id': 21502, 'deals': [], 'cancellation_type': 'free', 'credit_card': 0, 'bonus': 620, 'miles': 248, 'min_stay': 1, 'mircashback': 310}, {'id': '604117P', 'force_prepayment': 1, 'capacity': 1, 'prepayment': 'FULL', 'nonrefundable': 0, 'cancellation_period': 0, 'cancellation_fee': 'NO', 'breakfast': 0, 'base_price': 3100, 'prices': [3100], 'price': 3100, 'old_price': 3100, 'currency': 'RUB', 'payment_amount': 3100, 'extras_variants': [], 'extras': [], 'rate_id': 21502, 'deals': [], 'cancellation_type': 'free', 'credit_card': 0, 'bonus': 620, 'miles': 248, 'min_stay': 1, 'mircashback': 310}, {'id': '604118P', 'force_prepayment': 1, 'capacity': 2, 'prepayment': 'FULL', 'nonrefundable': 0, 'cancellation_period': 0, 'cancellation_fee': 'NO', 'breakfast': 0, 'base_price': 3100, 'prices': [3100], 'price': 3100, 'old_price': 3100, 'currency': 'RUB', 'payment_amount': 3100, 'extras_variants': [], 'extras': [], 'rate_id': 21502, 'deals': [], 'cancellation_type': 'free', 'credit_card': 0, 'bonus': 620, 'miles': 248, 'min_stay': 1, 'mircashback': 310}]",3100.0,248,7190_101hotels,2025-05-12
1736359,,Номер Делюкс с кроватью размера «king-size»,2,0,0,1,Двухместный,2,1,[{'double': 1}],[],"[{'id': 321671, 'force_prepayment': 1, 'capacity': 1, 'prepayment': 'NO', 'nonrefundable': 0, 'cancellation_period': 0, 'cancellation_fee': 'NO', 'breakfast': 0, 'base_price': 3050, 'prices': [3050], 'price': 3050, 'old_price': 3050, 'currency': 'RUB', 'payment_amount': 0, 'extras_variants': [], 'extras': [], 'rate_id': 3336, 'deals': [], 'cancellation_type': 'free', 'credit_card': 0, 'bonus': 610, 'miles': 244, 'min_stay': 1, 'mircashback': 305}, {'id': 321672, 'force_prepayment': 1, 'capacity': 2, 'prepayment': 'NO', 'nonrefundable': 0, 'cancellation_period': 0, 'cancellation_fee': 'NO', 'breakfast': 0, 'base_price': 3050, 'prices': [3050], 'price': 3050, 'old_price': 3050, 'currency': 'RUB', 'payment_amount': 0, 'extras_variants': [], 'extras': [], 'rate_id': 3336, 'deals': [], 'cancellation_type': 'free', 'credit_card': 0, 'bonus': 610, 'miles': 244, 'min_stay': 1, 'mircashback': 305}, {'id': '321671P', 'force_prepayment': 1, 'capacity': 1, 'prepayment': 'FULL', 'nonrefundable': 0, 'cancellation_period': 0, 'cancellation_fee': 'NO', 'breakfast': 0, 'base_price': 3050, 'prices': [3050], 'price': 3050, 'old_price': 3050, 'currency': 'RUB', 'payment_amount': 3050, 'extras_variants': [], 'extras': [], 'rate_id': 3336, 'deals': [], 'cancellation_type': 'free', 'credit_card': 0, 'bonus': 610, 'miles': 244, 'min_stay': 1, 'mircashback': 305}, {'id': '321672P', 'force_prepayment': 1, 'capacity': 2, 'prepayment': 'FULL', 'nonrefundable': 0, 'cancellation_period': 0, 'cancellation_fee': 'NO', 'breakfast': 0, 'base_price': 3050, 'prices': [3050], 'price': 3050, 'old_price': 3050, 'currency': 'RUB', 'payment_amount': 3050, 'extras_variants': [], 'extras': [], 'rate_id': 3336, 'deals': [], 'cancellation_type': 'free', 'credit_card': 0, 'bonus': 610, 'miles': 244, 'min_stay': 1, 'mircashback': 305}]",3050.0,244,514581_101hotels,2025-05-12
2215353,,Стандарт,1,0,0,1,Одноместный,1,2,[{'single': 1}],[],"[{'id': 321670, 'force_prepayment': 1, 'capacity': 1, 'prepayment': 'NO', 'nonrefundable': 0, 'cancellation_period': 0, 'cancellation_fee': 'NO', 'breakfast': 0, 'base_price': 2830, 'prices': [2830], 'price': 2830, 'old_price': 2830, 'currency': 'RUB', 'payment_amount': 0, 'extras_variants': [], 'extras': [], 'rate_id': 3336, 'deals': [], 'cancellation_type': 'free', 'credit_card': 0, 'bonus': 566, 'miles': 224, 'min_stay': 1, 'mircashback': 283}, {'id': '321670P', 'force_prepayment': 1, 'capacity': 1, 'prepayment': 'FULL', 'nonrefundable': 0, 'cancellation_period': 0, 'cancellation_fee': 'NO', 'breakfast': 0, 'base_price': 2830, 'prices': [2830], 'price': 2830, 'old_price': 2830, 'currency': 'RUB', 'payment_amount': 2830, 'extras_variants': [], 'extras': [], 'rate_id': 3336, 'deals': [], 'cancellation_type': 'free', 'credit_card': 0, 'bonus': 566, 'miles': 224, 'min_stay': 1, 'mircashback': 283}]",2830.0,224,514581_101hotels,2025-05-12
2215359,,Делюкс,2,0,0,1,Студио,5,1,[{'double': 1}],[],"[{'id': 321675, 'force_prepayment': 1, 'capacity': 1, 'prepayment': 'NO', 'nonrefundable': 0, 'cancellation_period': 0, 'cancellation_fee': 'NO', 'breakfast': 0, 'base_price': 3160, 'prices': [3160], 'price': 3160, 'old_price': 3160, 'currency': 'RUB', 'payment_amount': 0, 'extras_variants': [], 'extras': [], 'rate_id': 3336, 'deals': [], 'cancellation_type': 'free', 'credit_card': 0, 'bonus': 632, 'miles': 252, 'min_stay': 1, 'mircashback': 316}, {'id': 321676, 'force_prepayment': 1, 'capacity': 2, 'prepayment': 'NO', 'nonrefundable': 0, 'cancellation_period': 0, 'cancellation_fee': 'NO', 'breakfast': 0, 'base_price': 3160, 'prices': [3160], 'price': 3160, 'old_price': 3160, 'currency': 'RUB', 'payment_amount': 0, 'extras_variants': [], 'extras': [], 'rate_id': 3336, 'deals': [], 'cancellation_type': 'free', 'credit_card': 0, 'bonus': 632, 'miles': 252, 'min_stay': 1, 'mircashback': 316}, {'id': '321675P', 'force_prepayment': 1, 'capacity': 1, 'prepayment': 'FULL', 'nonrefundable': 0, 'cancellation_period': 0, 'cancellation_fee': 'NO', 'breakfast': 0, 'base_price': 3160, 'prices': [3160], 'price': 3160, 'old_price': 3160, 'currency': 'RUB', 'payment_amount': 3160, 'extras_variants': [], 'extras': [], 'rate_id': 3336, 'deals': [], 'cancellation_type': 'free', 'credit_card': 0, 'bonus': 632, 'miles': 252, 'min_stay': 1, 'mircashback': 316}, {'id': '321676P', 'force_prepayment': 1, 'capacity': 2, 'prepayment': 'FULL', 'nonrefundable': 0, 'cancellation_period': 0, 'cancellation_fee': 'NO', 'breakfast': 0, 'base_price': 3160, 'prices': [3160], 'price': 3160, 'old_price': 3160, 'currency': 'RUB', 'payment_amount': 3160, 'extras_variants': [], 'extras': [], 'rate_id': 3336, 'deals': [], 'cancellation_type': 'free', 'credit_card': 0, 'bonus': 632, 'miles': 252, 'min_stay': 1, 'mircashback': 316}]",3160.0,252,514581_101hotels,2025-05-12
2215369,,,2,0,0,1,Полулюкс,4,1,[{'double': 1}],[],"[{'id': 321673, 'force_prepayment': 1, 'capacity': 1, 'prepayment': 'NO', 'nonrefundable': 0, 'cancellation_period': 0, 'cancellation_fee': 'NO', 'breakfast': 0, 'base_price': 3380, 'prices': [3380], 'price': 3380, 'old_price': 3380, 'currency': 'RUB', 'payment_amount': 0, 'extras_variants': [], 'extras': [], 'rate_id': 3336, 'deals': [], 'cancellation_type': 'free', 'credit_card': 0, 'bonus': 676, 'miles': 268, 'min_stay': 1, 'mircashback': 338}, {'id': 321674, 'force_prepayment': 1, 'capacity': 2, 'prepayment': 'NO', 'nonrefundable': 0, 'cancellation_period': 0, 'cancellation_fee': 'NO', 'breakfast': 0, 'base_price': 3380, 'prices': [3380], 'price': 3380, 'old_price': 3380, 'currency': 'RUB', 'payment_amount': 0, 'extras_variants': [], 'extras': [], 'rate_id': 3336, 'deals': [], 'cancellation_type': 'free', 'credit_card': 0, 'bonus': 676, 'miles': 268, 'min_stay': 1, 'mircashback': 338}, {'id': '321673P', 'force_prepayment': 1, 'capacity': 1, 'prepayment': 'FULL', 'nonrefundable': 0, 'cancellation_period': 0, 'cancellation_fee': 'NO', 'breakfast': 0, 'base_price': 3380, 'prices': [3380], 'price': 3380, 'old_price': 3380, 'currency': 'RUB', 'payment_amount': 3380, 'extras_variants': [], 'extras': [], 'rate_id': 3336, 'deals': [], 'cancellation_type': 'free', 'credit_card': 0, 'bonus': 676, 'miles': 268, 'min_stay': 1, 'mircashback': 338}, {'id': '321674P', 'force_prepayment': 1, 'capacity': 2, 'prepayment': 'FULL', 'nonrefundable': 0, 'cancellation_period': 0, 'cancellation_fee': 'NO', 'breakfast': 0, 'base_price': 3380, 'prices': [3380], 'price': 3380, 'old_price': 3380, 'currency': 'RUB', 'payment_amount': 3380, 'extras_variants': [], 'extras': [], 'rate_id': 3336, 'deals': [], 'cancellation_type': 'free', 'credit_card': 0, 'bonus': 676, 'miles': 268, 'min_stay': 1, 'mircashback': 338}]",3380.0,268,514581_101hotels,2025-05-12
2238949,,"Делюкс с кроватью размера ""King-size""",2,0,0,1,Двухместный,2,1,[{'double': 1}],[],"[{'id': 457176, 'force_prepayment': 1, 'capacity': 1, 'prepayment': 'NO', 'nonrefundable': 0, 'cancellation_period': 0, 'cancellation_fee': 'NO', 'breakfast': 0, 'base_price': 3050, 'prices': [3050], 'price': 3050, 'old_price': 3050, 'currency': 'RUB', 'payment_amount': 0, 'extras_variants': [], 'extras': [], 'rate_id': 3336, 'deals': [], 'cancellation_type': 'free', 'credit_card': 0, 'bonus': 610, 'miles': 244, 'min_stay': 1, 'mircashback': 305}, {'id': 457177, 'force_prepayment': 1, 'capacity': 2, 'prepayment': 'NO', 'nonrefundable': 0, 'cancellation_period': 0, 'cancellation_fee': 'NO', 'breakfast': 0, 'base_price': 3050, 'prices': [3050], 'price': 3050, 'old_price': 3050, 'currency': 'RUB', 'payment_amount': 0, 'extras_variants': [], 'extras': [], 'rate_id': 3336, 'deals': [], 'cancellation_type': 'free', 'credit_card': 0, 'bonus': 610, 'miles': 244, 'min_stay': 1, 'mircashback': 305}, {'id': '457176P', 'force_prepayment': 1, 'capacity': 1, 'prepayment': 'FULL', 'nonrefundable': 0, 'cancellation_period': 0, 'cancellation_fee': 'NO', 'breakfast': 0, 'base_price': 3050, 'prices': [3050], 'price': 3050, 'old_price': 3050, 'currency': 'RUB', 'payment_amount': 3050, 'extras_variants': [], 'extras': [], 'rate_id': 3336, 'deals': [], 'cancellation_type': 'free', 'credit_card': 0, 'bonus': 610, 'miles': 244, 'min_stay': 1, 'mircashback': 305}, {'id': '457177P', 'force_prepayment': 1, 'capacity': 2, 'prepayment': 'FULL', 'nonrefundable': 0, 'cancellation_period': 0, 'cancellation_fee': 'NO', 'breakfast': 0, 'base_price': 3050, 'prices': [3050], 'price': 3050, 'old_price': 3050, 'currency': 'RUB', 'payment_amount': 3050, 'extras_variants': [], 'extras': [], 'rate_id': 3336, 'deals': [], 'cancellation_type': 'free', 'credit_card': 0, 'bonus': 610, 'miles': 244, 'min_stay': 1, 'mircashback': 305}]",3050.0,244,514581_101hotels,2025-05-12
2277758,,,1,0,0,0,Одноместный,1,1,[{'single': 1}],"[{'number': '1', 'min_age': '0', 'max_age': '2', 'is_extra_bed': '0', 'extra_bed_type_id': '0'}]","[{'id': 817955, 'force_prepayment': 1, 'capacity': 1, 'prepayment': 'NO', 'nonrefundable': 0, 'cancellation_period': 0, 'cancellation_fee': 'NO', 'breakfast': 0, 'base_price': 1700, 'prices': [1700], 'price': 1700, 'old_price': 1700, 'currency': 'RUB', 'payment_amount': 0, 'extras_variants': [], 'extras': [], 'rate_id': 37582, 'deals': [], 'cancellation_type': 'free', 'credit_card': 0, 'bonus': 340, 'miles': 136, 'min_stay': 1, 'mircashback': 170}, {'id': '817955P', 'force_prepayment': 1, 'capacity': 1, 'prepayment': 'FULL', 'nonrefundable': 0, 'cancellation_period': 0, 'cancellation_fee': 'NO', 'breakfast': 0, 'base_price': 1700, 'prices': [1700], 'price': 1700, 'old_price': 1700, 'currency': 'RUB', 'payment_amount': 1700, 'extras_variants': [], 'extras': [], 'rate_id': 37582, 'deals': [], 'cancellation_type': 'free', 'credit_card': 0, 'bonus': 340, 'miles': 136, 'min_stay': 1, 'mircashback': 170}]",1700.0,136,653541_101hotels,2025-05-12
2277760,,Общий,1,0,1,0,Четырехместный Мужской,104,4,[{'2-tier': 2}],[],"[{'id': 817999, 'force_prepayment': 1, 'capacity': 1, 'prepayment': 'NO', 'nonrefundable': 0, 'cancellation_period': 0, 'cancellation_fee': 'NO', 'breakfast': 0, 'base_price': 900, 'prices': [900], 'price': 900, 'old_price': 900, 'currency': 'RUB', 'payment_amount': 0, 'extras_variants': [], 'extras': [], 'rate_id': 37582, 'deals': [], 'cancellation_type': 'free', 'credit_card': 0, 'bonus': 180, 'miles': 72, 'min_stay': 1, 'mircashback': 90}, {'id': '817999P', 'force_prepayment': 1, 'capacity': 1, 'prepayment': 'FULL', 'nonrefundable': 0, 'cancellation_period': 0, 'cancellation_fee': 'NO', 'breakfast': 0, 'base_price': 900, 'prices': [900], 'price': 900, 'old_price': 900, 'currency': 'RUB', 'payment_amount': 900, 'extras_variants': [], 'extras': [], 'rate_id': 37582, 'deals': [], 'cancellation_type': 'free', 'credit_card': 0, 'bonus': 180, 'miles': 72, 'min_stay': 1, 'mircashback': 90}]",900.0,72,653541_101hotels,2025-05-12
2277762,,Общий,1,0,1,0,Трехместный Женский,101,3,"[{'single': 1, '2-tier': 1}]",[],"[{'id': 817998, 'force_prepayment': 1, 'capacity': 1, 'prepayment': 'NO', 'nonrefundable': 0, 'cancellation_period': 0, 'cancellation_fee': 'NO', 'breakfast': 0, 'base_price': 1100, 'prices': [1100], 'price': 1100, 'old_price': 1100, 'currency': 'RUB', 'payment_amount': 0, 'extras_variants': [], 'extras': [], 'rate_id': 37582, 'deals': [], 'cancellation_type': 'free', 'credit_card': 0, 'bonus': 220, 'miles': 88, 'min_stay': 1, 'mircashback': 110}, {'id': '817998P', 'force_prepayment': 1, 'capacity': 1, 'prepayment': 'FULL', 'nonrefundable': 0, 'cancellation_period': 0, 'cancellation_fee': 'NO', 'breakfast': 0, 'base_price': 1100, 'prices': [1100], 'price': 1100, 'old_price': 1100, 'currency': 'RUB', 'payment_amount': 1100, 'extras_variants': [], 'extras': [], 'rate_id': 37582, 'deals': [], 'cancellation_type': 'free', 'credit_card': 0, 'bonus': 220, 'miles': 88, 'min_stay': 1, 'mircashback': 110}]",1100.0,88,653541_101hotels,2025-05-12
2277763,,Общий,1,0,1,0,Шестиместный Мужской,108,5,[{'2-tier': 3}],[],"[{'id': 818000, 'force_prepayment': 1, 'capacity': 1, 'prepayment': 'NO', 'nonrefundable': 0, 'cancellation_period': 0, 'cancellation_fee': 'NO', 'breakfast': 0, 'base_price': 700, 'prices': [700], 'price': 700, 'old_price': 700, 'currency': 'RUB', 'payment_amount': 0, 'extras_variants': [], 'extras': [], 'rate_id': 37582, 'deals': [], 'cancellation_type': 'free', 'credit_card': 0, 'bonus': 140, 'miles': 56, 'min_stay': 1, 'mircashback': 70}, {'id': '818000P', 'force_prepayment': 1, 'capacity': 1, 'prepayment': 'FULL', 'nonrefundable': 0, 'cancellation_period': 0, 'cancellation_fee': 'NO', 'breakfast': 0, 'base_price': 700, 'prices': [700], 'price': 700, 'old_price': 700, 'currency': 'RUB', 'payment_amount': 700, 'extras_variants': [], 'extras': [], 'rate_id': 37582, 'deals': [], 'cancellation_type': 'free', 'credit_card': 0, 'bonus': 140, 'miles': 56, 'min_stay': 1, 'mircashback': 70}]",700.0,56,653541_101hotels,2025-05-12
2277764,,Общий,1,0,1,0,Восьмиместный Мужской,76,8,[{'2-tier': 4}],[],"[{'id': 817996, 'force_prepayment': 1, 'capacity': 1, 'prepayment': 'NO', 'nonrefundable': 0, 'cancellation_period': 0, 'cancellation_fee': 'NO', 'breakfast': 0, 'base_price': 600, 'prices': [600], 'price': 600, 'old_price': 600, 'currency': 'RUB', 'payment_amount': 0, 'extras_variants': [], 'extras': [], 'rate_id': 37582, 'deals': [], 'cancellation_type': 'free', 'credit_card': 0, 'bonus': 120, 'miles': 48, 'min_stay': 1, 'mircashback': 60}, {'id': '817996P', 'force_prepayment': 1, 'capacity': 1, 'prepayment': 'FULL', 'nonrefundable': 0, 'cancellation_period': 0, 'cancellation_fee': 'NO', 'breakfast': 0, 'base_price': 600, 'prices': [600], 'price': 600, 'old_price': 600, 'currency': 'RUB', 'payment_amount': 600, 'extras_variants': [], 'extras': [], 'rate_id': 37582, 'deals': [], 'cancellation_type': 'free', 'credit_card': 0, 'bonus': 120, 'miles': 48, 'min_stay': 1, 'mircashback': 60}]",600.0,48,653541_101hotels,2025-05-12
62090,,С двумя отдельными кроватями,2,0,0,0,Двухместный,2,1,[{'single': 2}],[],"[{'id': 709491, 'force_prepayment': 0, 'capacity': 1, 'prepayment': 'FULL', 'nonrefundable': 0, 'cancellation_period': 1, 'cancellation_fee': 'FIRST', 'breakfast': 0, 'base_price': 1850, 'prices': [1850], 'price': 1850, 'old_price': 1850, 'currency': 'RUB', 'payment_amount': 1850, 'extras_variants': [], 'extras': [], 'rate_id': 29229, 'deals': [], 'cancellation_type': 'special', 'credit_card': 1, 'bonus': 370, 'miles': 148, 'min_stay': 1, 'mircashback': 185}, {'id': 709492, 'force_prepayment': 0, 'capacity': 2, 'prepayment': 'FULL', 'nonrefundable': 0, 'cancellation_period': 1, 'cancellation_fee': 'FIRST', 'breakfast': 0, 'base_price': 1850, 'prices': [1850], 'price': 1850, 'old_price': 1850, 'currency': 'RUB', 'payment_amount': 1850, 'extras_variants': [], 'extras': [], 'rate_id': 29229, 'deals': [], 'cancellation_type': 'special', 'credit_card': 1, 'bonus': 370, 'miles': 148, 'min_stay': 1, 'mircashback': 185}]",1850.0,148,10672_101hotels,2025-05-12
62092,,Койко-место в Женском номере,6,0,1,0,Шестиместный,36,5,[{'2-tier': 3}],[],"[{'id': 709493, 'force_prepayment': 0, 'capacity': 1, 'prepayment': 'FULL', 'nonrefundable': 0, 'cancellation_period': 1, 'cancellation_fee': 'FIRST', 'breakfast': 0, 'base_price': 900, 'prices': [900], 'price': 900, 'old_price': 900, 'currency': 'RUB', 'payment_amount': 900, 'extras_variants': [], 'extras': [], 'rate_id': 29229, 'deals': [], 'cancellation_type': 'special', 'credit_card': 1, 'bonus': 180, 'miles': 72, 'min_stay': 1, 'mircashback': 90}]",900.0,72,10672_101hotels,2025-05-12
62093,,Койко-место в Общем номере,8,0,1,0,Восьмиместный,38,4,[{'2-tier': 4}],[],"[{'id': 709495, 'force_prepayment': 0, 'capacity': 1, 'prepayment': 'FULL', 'nonrefundable': 0, 'cancellation_period': 1, 'cancellation_fee': 'FIRST', 'breakfast': 0, 'base_price': 700, 'prices': [700], 'price': 700, 'old_price': 700, 'currency': 'RUB', 'payment_amount': 700, 'extras_variants': [], 'extras': [], 'rate_id': 29229, 'deals': [], 'cancellation_type': 'special', 'credit_card': 1, 'bonus': 140, 'miles': 56, 'min_stay': 1, 'mircashback': 70}]",700.0,56,10672_101hotels,2025-05-12
62675,,"Койко-место в Мужском номере, С балконом",6,0,1,0,Шестиместный,36,3,[{'2-tier': 3}],[],"[{'id': 709494, 'force_prepayment': 0, 'capacity': 1, 'prepayment': 'FULL', 'nonrefundable': 0, 'cancellation_period': 1, 'cancellation_fee': 'FIRST', 'breakfast': 0, 'base_price': 900, 'prices': [900], 'price': 900, 'old_price': 900, 'currency': 'RUB', 'payment_amount': 900, 'extras_variants': [], 'extras': [], 'rate_id': 29229, 'deals': [], 'cancellation_type': 'special', 'credit_card': 1, 'bonus': 180, 'miles': 72, 'min_stay': 1, 'mircashback': 90}]",900.0,72,10672_101hotels,2025-05-12
56002,,Стандарт,2,1,0,1,Двухместный,2,7,[{'double': 1}],[],"[{'id': 710334, 'force_prepayment': 0, 'capacity': 1, 'prepayment': 'FIRST', 'nonrefundable': 0, 'cancellation_period': 1, 'cancellation_fee': 'FIRST', 'breakfast': 0, 'base_price': 2070, 'prices': [2070], 'price': 2070, 'old_price': 2070, 'currency': 'RUB', 'payment_amount': 2070, 'extras_variants': [], 'extras': [], 'rate_id': 29287, 'deals': [], 'cancellation_type': 'special', 'credit_card': 1, 'bonus': 414, 'miles': 164, 'min_stay': 1, 'mircashback': 207}, {'id': 710326, 'force_prepayment': 0, 'capacity': 1, 'prepayment': 'FIRST', 'nonrefundable': 0, 'cancellation_period': 1, 'cancellation_fee': 'FIRST', 'breakfast': 1, 'base_price': 2300, 'prices': [2300], 'price': 2300, 'old_price': 2300, 'currency': 'RUB', 'payment_amount': 2300, 'extras_variants': [], 'extras': [], 'rate_id': 29286, 'deals': [], 'cancellation_type': 'special', 'credit_card': 1, 'bonus': 460, 'miles': 184, 'min_stay': 1, 'mircashback': 230}, {'id': 710335, 'force_prepayment': 0, 'capacity': 2, 'prepayment': 'FIRST', 'nonrefundable': 0, 'cancellation_period': 1, 'cancellation_fee': 'FIRST', 'breakfast': 0, 'base_price': 2440, 'prices': [2440], 'price': 2440, 'old_price': 2440, 'currency': 'RUB', 'payment_amount': 2440, 'extras_variants': [], 'extras': [], 'rate_id': 29287, 'deals': [], 'cancellation_type': 'special', 'credit_card': 1, 'bonus': 488, 'miles': 192, 'min_stay': 1, 'mircashback': 244}, {'id': 710327, 'force_prepayment': 0, 'capacity': 2, 'prepayment': 'FIRST', 'nonrefundable': 0, 'cancellation_period': 1, 'cancellation_fee': 'FIRST', 'breakfast': 1, 'base_price': 2900, 'prices': [2900], 'price': 2900, 'old_price': 2900, 'currency': 'RUB', 'payment_amount': 2900, 'extras_variants': [], 'extras': [], 'rate_id': 29286, 'deals': [], 'cancellation_type': 'special', 'credit_card': 1, 'bonus': 580, 'miles': 232, 'min_stay': 1, 'mircashback': 290}]",2070.0,164,218_101hotels,2025-05-12
56003,,,4,1,0,1,Полулюкс,4,1,"[{'double': 1, 'sofa': 1}]",[],"[{'id': 710338, 'force_prepayment': 0, 'capacity': 1, 'prepayment': 'FIRST', 'nonrefundable': 0, 'cancellation_period': 1, 'cancellation_fee': 'FIRST', 'breakfast': 0, 'base_price': 3440, 'prices': [3440], 'price': 3440, 'old_price': 3440, 'currency': 'RUB', 'payment_amount': 3440, 'extras_variants': [], 'extras': [], 'rate_id': 29287, 'deals': [], 'cancellation_type': 'special', 'credit_card': 1, 'bonus': 688, 'miles': 272, 'min_stay': 1, 'mircashback': 344}, {'id': 710330, 'force_prepayment': 0, 'capacity': 1, 'prepayment': 'FIRST', 'nonrefundable': 0, 'cancellation_period': 1, 'cancellation_fee': 'FIRST', 'breakfast': 1, 'base_price': 3900, 'prices': [3900], 'price': 3900, 'old_price': 3900, 'currency': 'RUB', 'payment_amount': 3900, 'extras_variants': [], 'extras': [], 'rate_id': 29286, 'deals': [], 'cancellation_type': 'special', 'credit_card': 1, 'bonus': 780, 'miles': 312, 'min_stay': 1, 'mircashback': 390}, {'id': 710339, 'force_prepayment': 0, 'capacity': 2, 'prepayment': 'FIRST', 'nonrefundable': 0, 'cancellation_period': 1, 'cancellation_fee': 'FIRST', 'breakfast': 0, 'base_price': 3440, 'prices': [3440], 'price': 3440, 'old_price': 3440, 'currency': 'RUB', 'payment_amount': 3440, 'extras_variants': [], 'extras': [], 'rate_id': 29287, 'deals': [], 'cancellation_type': 'special', 'credit_card': 1, 'bonus': 688, 'miles': 272, 'min_stay': 1, 'mircashback': 344}, {'id': 710331, 'force_prepayment': 0, 'capacity': 2, 'prepayment': 'FIRST', 'nonrefundable': 0, 'cancellation_period': 1, 'cancellation_fee': 'FIRST', 'breakfast': 1, 'base_price': 3900, 'prices': [3900], 'price': 3900, 'old_price': 3900, 'currency': 'RUB', 'payment_amount': 3900, 'extras_variants': [], 'extras': [], 'rate_id': 29286, 'deals': [], 'cancellation_type': 'special', 'credit_card': 1, 'bonus': 780, 'miles': 312, 'min_stay': 1, 'mircashback': 390}, {'id': 710340, 'force_prepayment': 0, 'capacity': 3, 'prepayment': 'FIRST', 'nonrefundable': 0, 'cancellation_period': 1, 'cancellation_fee': 'FIRST', 'breakfast': 0, 'base_price': 3440, 'prices': [3440], 'price': 3440, 'old_price': 3440, 'currency': 'RUB', 'payment_amount': 3440, 'extras_variants': [], 'extras': [], 'rate_id': 29287, 'deals': [], 'cancellation_type': 'special', 'credit_card': 1, 'bonus': 688, 'miles': 272, 'min_stay': 1, 'mircashback': 344}, {'id': 710332, 'force_prepayment': 0, 'capacity': 3, 'prepayment': 'FIRST', 'nonrefundable': 0, 'cancellation_period': 1, 'cancellation_fee': 'FIRST', 'breakfast': 1, 'base_price': 3900, 'prices': [3900], 'price': 3900, 'old_price': 3900, 'currency': 'RUB', 'payment_amount': 3900, 'extras_variants': [], 'extras': [], 'rate_id': 29286, 'deals': [], 'cancellation_type': 'special', 'credit_card': 1, 'bonus': 780, 'miles': 312, 'min_stay': 1, 'mircashback': 390}, {'id': 710341, 'force_prepayment': 0, 'capacity': 4, 'prepayment': 'FIRST', 'nonrefundable': 0, 'cancellation_period': 1, 'cancellation_fee': 'FIRST', 'breakfast': 0, 'base_price': 3440, 'prices': [3440], 'price': 3440, 'old_price': 3440, 'currency': 'RUB', 'payment_amount': 3440, 'extras_variants': [], 'extras': [], 'rate_id': 29287, 'deals': [], 'cancellation_type': 'special', 'credit_card': 1, 'bonus': 688, 'miles': 272, 'min_stay': 1, 'mircashback': 344}, {'id': 710333, 'force_prepayment': 0, 'capacity': 4, 'prepayment': 'FIRST', 'nonrefundable': 0, 'cancellation_period': 1, 'cancellation_fee': 'FIRST', 'breakfast': 1, 'base_price': 3900, 'prices': [3900], 'price': 3900, 'old_price': 3900, 'currency': 'RUB', 'payment_amount': 3900, 'extras_variants': [], 'extras': [], 'rate_id': 29286, 'deals': [], 'cancellation_type': 'special', 'credit_card': 1, 'bonus': 780, 'miles': 312, 'min_stay': 1, 'mircashback': 390}]",3440.0,272,218_101hotels,2025-05-12
56004,,"Стандарт, Twin",2,1,0,1,Двухместный,2,1,[{'single': 2}],[],"[{'id': 710336, 'force_prepayment': 0, 'capacity': 1, 'prepayment': 'FIRST', 'nonrefundable': 0, 'cancellation_period': 1, 'cancellation_fee': 'FIRST', 'breakfast': 0, 'base_price': 2070, 'prices': [2070], 'price': 2070, 'old_price': 2070, 'currency': 'RUB', 'payment_amount': 2070, 'extras_variants': [], 'extras': [], 'rate_id': 29287, 'deals': [], 'cancellation_type': 'special', 'credit_card': 1, 'bonus': 414, 'miles': 164, 'min_stay': 1, 'mircashback': 207}, {'id': 710328, 'force_prepayment': 0, 'capacity': 1, 'prepayment': 'FIRST', 'nonrefundable': 0, 'cancellation_period': 1, 'cancellation_fee': 'FIRST', 'breakfast': 1, 'base_price': 2300, 'prices': [2300], 'price': 2300, 'old_price': 2300, 'currency': 'RUB', 'payment_amount': 2300, 'extras_variants': [], 'extras': [], 'rate_id': 29286, 'deals': [], 'cancellation_type': 'special', 'credit_card': 1, 'bonus': 460, 'miles': 184, 'min_stay': 1, 'mircashback': 230}, {'id': 710337, 'force_prepayment': 0, 'capacity': 2, 'prepayment': 'FIRST', 'nonrefundable': 0, 'cancellation_period': 1, 'cancellation_fee': 'FIRST', 'breakfast': 0, 'base_price': 2440, 'prices': [2440], 'price': 2440, 'old_price': 2440, 'currency': 'RUB', 'payment_amount': 2440, 'extras_variants': [], 'extras': [], 'rate_id': 29287, 'deals': [], 'cancellation_type': 'special', 'credit_card': 1, 'bonus': 488, 'miles': 192, 'min_stay': 1, 'mircashback': 244}, {'id': 710329, 'force_prepayment': 0, 'capacity': 2, 'prepayment': 'FIRST', 'nonrefundable': 0, 'cancellation_period': 1, 'cancellation_fee': 'FIRST', 'breakfast': 1, 'base_price': 2900, 'prices': [2900], 'price': 2900, 'old_price': 2900, 'currency': 'RUB', 'payment_amount': 2900, 'extras_variants': [], 'extras': [], 'rate_id': 29286, 'deals': [], 'cancellation_type': 'special', 'credit_card': 1, 'bonus': 580, 'miles': 232, 'min_stay': 1, 'mircashback': 290}]",2070.0,164,218_101hotels,2025-05-12
2285319,,Мужской,10,0,1,0,Десятиместный,39,5,[{'2-tier': 5}],[],"[{'id': 917135, 'force_prepayment': 0, 'capacity': 1, 'prepayment': 'FULL', 'nonrefundable': 1, 'cancellation_period': 0, 'cancellation_fee': 'FIRST', 'breakfast': 0, 'base_price': 700, 'prices': [700], 'price': 700, 'old_price': 700, 'currency': 'RUB', 'payment_amount': 700, 'extras_variants': [], 'extras': [], 'rate_id': 42110, 'deals': [], 'cancellation_type': 'nonrefundable', 'credit_card': 1, 'bonus': 140, 'miles': 56, 'min_stay': 1, 'mircashback': 70}, {'id': 915853, 'force_prepayment': 0, 'capacity': 1, 'prepayment': 'NO', 'nonrefundable': 0, 'cancellation_period': 0, 'cancellation_fee': 'NO', 'breakfast': 0, 'base_price': 800, 'prices': [800], 'price': 800, 'old_price': 800, 'currency': 'RUB', 'payment_amount': 0, 'extras_variants': [], 'extras': [], 'rate_id': 42005, 'deals': [], 'cancellation_type': 'free', 'credit_card': 0, 'bonus': 160, 'miles': 64, 'min_stay': 1, 'mircashback': 80}]",700.0,56,669608_101hotels,2025-05-12
2285320,,Мужской,8,0,1,0,Восьмиместный,38,6,[{'2-tier': 4}],[],"[{'id': 917127, 'force_prepayment': 0, 'capacity': 1, 'prepayment': 'FULL', 'nonrefundable': 1, 'cancellation_period': 0, 'cancellation_fee': 'FIRST', 'breakfast': 0, 'base_price': 750, 'prices': [750], 'price': 750, 'old_price': 750, 'currency': 'RUB', 'payment_amount': 750, 'extras_variants': [], 'extras': [], 'rate_id': 42110, 'deals': [], 'cancellation_type': 'nonrefundable', 'credit_card': 1, 'bonus': 150, 'miles': 60, 'min_stay': 1, 'mircashback': 75}, {'id': 915845, 'force_prepayment': 0, 'capacity': 1, 'prepayment': 'NO', 'nonrefundable': 0, 'cancellation_period': 0, 'cancellation_fee': 'NO', 'breakfast': 0, 'base_price': 900, 'prices': [900], 'price': 900, 'old_price': 900, 'currency': 'RUB', 'payment_amount': 0, 'extras_variants': [], 'extras': [], 'rate_id': 42005, 'deals': [], 'cancellation_type': 'free', 'credit_card': 0, 'bonus': 180, 'miles': 72, 'min_stay': 1, 'mircashback': 90}]",750.0,60,669608_101hotels,2025-05-12
2285321,,Мужской,4,0,1,0,Четырехместный,34,3,[{'2-tier': 2}],[],"[{'id': 917119, 'force_prepayment': 0, 'capacity': 1, 'prepayment': 'FULL', 'nonrefundable': 1, 'cancellation_period': 0, 'cancellation_fee': 'FIRST', 'breakfast': 0, 'base_price': 1050, 'prices': [1050], 'price': 1050, 'old_price': 1050, 'currency': 'RUB', 'payment_amount': 1050, 'extras_variants': [], 'extras': [], 'rate_id': 42110, 'deals': [], 'cancellation_type': 'nonrefundable', 'credit_card': 1, 'bonus': 210, 'miles': 84, 'min_stay': 1, 'mircashback': 105}, {'id': 915837, 'force_prepayment': 0, 'capacity': 1, 'prepayment': 'NO', 'nonrefundable': 0, 'cancellation_period': 0, 'cancellation_fee': 'NO', 'breakfast': 0, 'base_price': 1200, 'prices': [1200], 'price': 1200, 'old_price': 1200, 'currency': 'RUB', 'payment_amount': 0, 'extras_variants': [], 'extras': [], 'rate_id': 42005, 'deals': [], 'cancellation_type': 'free', 'credit_card': 0, 'bonus': 240, 'miles': 96, 'min_stay': 1, 'mircashback': 120}]",1050.0,84,669608_101hotels,2025-05-12
2285323,,Женский,4,0,1,0,Четырехместный,34,4,[{'2-tier': 2}],"[{'number': '1', 'min_age': '0', 'max_age': '2', 'is_extra_bed': '0', 'extra_bed_type_id': '0'}]","[{'id': 917123, 'force_prepayment': 0, 'capacity': 1, 'prepayment': 'FULL', 'nonrefundable': 1, 'cancellation_period': 0, 'cancellation_fee': 'FIRST', 'breakfast': 0, 'base_price': 1050, 'prices': [1050], 'price': 1050, 'old_price': 1050, 'currency': 'RUB', 'payment_amount': 1050, 'extras_variants': [], 'extras': [], 'rate_id': 42110, 'deals': [], 'cancellation_type': 'nonrefundable', 'credit_card': 1, 'bonus': 210, 'miles': 84, 'min_stay': 1, 'mircashback': 105}, {'id': 915841, 'force_prepayment': 0, 'capacity': 1, 'prepayment': 'NO', 'nonrefundable': 0, 'cancellation_period': 0, 'cancellation_fee': 'NO', 'breakfast': 0, 'base_price': 1200, 'prices': [1200], 'price': 1200, 'old_price': 1200, 'currency': 'RUB', 'payment_amount': 0, 'extras_variants': [], 'extras': [], 'rate_id': 42005, 'deals': [], 'cancellation_type': 'free', 'credit_card': 0, 'bonus': 240, 'miles': 96, 'min_stay': 1, 'mircashback': 120}]",1050.0,84,669608_101hotels,2025-05-12
2285324,,С двухъярусной кроватью,2,0,0,0,Двухместный,2,1,[{'2-tier': 1}],"[{'number': '1', 'min_age': '0', 'max_age': '2', 'is_extra_bed': '0', 'extra_bed_type_id': '0'}]","[{'id': 917117, 'force_prepayment': 0, 'capacity': 1, 'prepayment': 'FULL', 'nonrefundable': 1, 'cancellation_period': 0, 'cancellation_fee': 'FIRST', 'breakfast': 0, 'base_price': 1300, 'prices': [1300], 'price': 1300, 'old_price': 1300, 'currency': 'RUB', 'payment_amount': 1300, 'extras_variants': [], 'extras': [], 'rate_id': 42110, 'deals': [], 'cancellation_type': 'nonrefundable', 'credit_card': 1, 'bonus': 260, 'miles': 104, 'min_stay': 1, 'mircashback': 130}, {'id': 915835, 'force_prepayment': 0, 'capacity': 1, 'prepayment': 'NO', 'nonrefundable': 0, 'cancellation_period': 0, 'cancellation_fee': 'NO', 'breakfast': 0, 'base_price': 1500, 'prices': [1500], 'price': 1500, 'old_price': 1500, 'currency': 'RUB', 'payment_amount': 0, 'extras_variants': [], 'extras': [], 'rate_id': 42005, 'deals': [], 'cancellation_type': 'free', 'credit_card': 0, 'bonus': 300, 'miles': 120, 'min_stay': 1, 'mircashback': 150}, {'id': 917118, 'force_prepayment': 0, 'capacity': 2, 'prepayment': 'FULL', 'nonrefundable': 1, 'cancellation_period': 0, 'cancellation_fee': 'FIRST', 'breakfast': 0, 'base_price': 2150, 'prices': [2150], 'price': 2150, 'old_price': 2150, 'currency': 'RUB', 'payment_amount': 2150, 'extras_variants': [], 'extras': [], 'rate_id': 42110, 'deals': [], 'cancellation_type': 'nonrefundable', 'credit_card': 1, 'bonus': 430, 'miles': 172, 'min_stay': 1, 'mircashback': 215}, {'id': 915836, 'force_prepayment': 0, 'capacity': 2, 'prepayment': 'NO', 'nonrefundable': 0, 'cancellation_period': 0, 'cancellation_fee': 'NO', 'breakfast': 0, 'base_price': 2400, 'prices': [2400], 'price': 2400, 'old_price': 2400, 'currency': 'RUB', 'payment_amount': 0, 'extras_variants': [], 'extras': [], 'rate_id': 42005, 'deals': [], 'cancellation_type': 'free', 'credit_card': 0, 'bonus': 480, 'miles': 192, 'min_stay': 1, 'mircashback': 240}]",1300.0,104,669608_101hotels,2025-05-12
2250993,,Стандарт,2,1,0,1,Двухместный,2,1,[{'double': 1}],"[{'number': '1', 'min_age': '0', 'max_age': '8', 'is_extra_bed': '0', 'extra_bed_type_id': '0'}]","[{'id': 597114, 'force_prepayment': 0, 'capacity': 1, 'prepayment': 'NO', 'nonrefundable': 0, 'cancellation_period': 0, 'cancellation_fee': 'NO', 'breakfast': 0, 'base_price': 3600, 'prices': [3600], 'price': 3600, 'old_price': 3600, 'currency': 'RUB', 'payment_amount': 0, 'extras_variants': [], 'extras': [], 'rate_id': 20949, 'deals': [], 'cancellation_type': 'free', 'credit_card': 0, 'bonus': 720, 'miles': 288, 'min_stay': 1, 'mircashback': 360}, {'id': 597115, 'force_prepayment': 0, 'capacity': 2, 'prepayment': 'NO', 'nonrefundable': 0, 'cancellation_period': 0, 'cancellation_fee': 'NO', 'breakfast': 0, 'base_price': 3600, 'prices': [3600], 'price': 3600, 'old_price': 3600, 'currency': 'RUB', 'payment_amount': 0, 'extras_variants': [], 'extras': [], 'rate_id': 20949, 'deals': [], 'cancellation_type': 'free', 'credit_card': 0, 'bonus': 720, 'miles': 288, 'min_stay': 1, 'mircashback': 360}]",3600.0,288,658204_101hotels,2025-05-12
2250995,,,4,1,0,1,Семейный,44,1,"[{'double': 1, 'sofa': 1}]","[{'number': '1', 'min_age': '0', 'max_age': '7', 'is_extra_bed': '0', 'extra_bed_type_id': '0'}]","[{'id': 597187, 'force_prepayment': 0, 'capacity': 1, 'prepayment': 'NO', 'nonrefundable': 0, 'cancellation_period': 0, 'cancellation_fee': 'NO', 'breakfast': 0, 'base_price': 5500, 'prices': [5500], 'price': 5500, 'old_price': 5500, 'currency': 'RUB', 'payment_amount': 0, 'extras_variants': [], 'extras': [], 'rate_id': 20949, 'deals': [], 'cancellation_type': 'free', 'credit_card': 0, 'bonus': 1100, 'miles': 440, 'min_stay': 1, 'mircashback': 550}, {'id': 597188, 'force_prepayment': 0, 'capacity': 2, 'prepayment': 'NO', 'nonrefundable': 0, 'cancellation_period': 0, 'cancellation_fee': 'NO', 'breakfast': 0, 'base_price': 5500, 'prices': [5500], 'price': 5500, 'old_price': 5500, 'currency': 'RUB', 'payment_amount': 0, 'extras_variants': [], 'extras': [], 'rate_id': 20949, 'deals': [], 'cancellation_type': 'free', 'credit_card': 0, 'bonus': 1100, 'miles': 440, 'min_stay': 1, 'mircashback': 550}, {'id': 597189, 'force_prepayment': 0, 'capacity': 3, 'prepayment': 'NO', 'nonrefundable': 0, 'cancellation_period': 0, 'cancellation_fee': 'NO', 'breakfast': 0, 'base_price': 5500, 'prices': [5500], 'price': 5500, 'old_price': 5500, 'currency': 'RUB', 'payment_amount': 0, 'extras_variants': [], 'extras': [], 'rate_id': 20949, 'deals': [], 'cancellation_type': 'free', 'credit_card': 0, 'bonus': 1100, 'miles': 440, 'min_stay': 1, 'mircashback': 550}, {'id': 597190, 'force_prepayment': 0, 'capacity': 4, 'prepayment': 'NO', 'nonrefundable': 0, 'cancellation_period': 0, 'cancellation_fee': 'NO', 'breakfast': 0, 'base_price': 5500, 'prices': [5500], 'price': 5500, 'old_price': 5500, 'currency': 'RUB', 'payment_amount': 0, 'extras_variants': [], 'extras': [], 'rate_id': 20949, 'deals': [], 'cancellation_type': 'free', 'credit_card': 0, 'bonus': 1100, 'miles': 440, 'min_stay': 1, 'mircashback': 550}]",5500.0,440,658204_101hotels,2025-05-12
2286592,,Русская печка,1,0,0,1,Одноместный,1,1,[{'single': 1}],[],"[{'id': 984762, 'force_prepayment': 1, 'capacity': 1, 'prepayment': 'NO', 'nonrefundable': 0, 'cancellation_period': 0, 'cancellation_fee': 'NO', 'breakfast': 1, 'base_price': 4200, 'prices': [4200], 'price': 4200, 'old_price': 4200, 'currency': 'RUB', 'payment_amount': 0, 'extras_variants': [], 'extras': [], 'rate_id': 46655, 'deals': [], 'cancellation_type': 'free', 'credit_card': 0, 'bonus': 840, 'miles': 336, 'min_stay': 1, 'mircashback': 420}, {'id': '984762P', 'force_prepayment': 1, 'capacity': 1, 'prepayment': 'FULL', 'nonrefundable': 0, 'cancellation_period': 0, 'cancellation_fee': 'NO', 'breakfast': 1, 'base_price': 4200, 'prices': [4200], 'price': 4200, 'old_price': 4200, 'currency': 'RUB', 'payment_amount': 4200, 'extras_variants': [], 'extras': [], 'rate_id': 46655, 'deals': [], 'cancellation_type': 'free', 'credit_card': 0, 'bonus': 840, 'miles': 336, 'min_stay': 1, 'mircashback': 420}]",4200.0,336,669748_101hotels,2025-05-12
2286593,,Оливковый,2,0,0,1,Двухместный,2,1,[{'double': 1}],[],"[{'id': 984763, 'force_prepayment': 1, 'capacity': 1, 'prepayment': 'NO', 'nonrefundable': 0, 'cancellation_period': 0, 'cancellation_fee': 'NO', 'breakfast': 1, 'base_price': 4800, 'prices': [4800], 'price': 4800, 'old_price': 4800, 'currency': 'RUB', 'payment_amount': 0, 'extras_variants': [], 'extras': [], 'rate_id': 46655, 'deals': [], 'cancellation_type': 'free', 'credit_card': 0, 'bonus': 960, 'miles': 384, 'min_stay': 1, 'mircashback': 480}, {'id': 984764, 'force_prepayment': 1, 'capacity': 2, 'prepayment': 'NO', 'nonrefundable': 0, 'cancellation_period': 0, 'cancellation_fee': 'NO', 'breakfast': 1, 'base_price': 6100, 'prices': [6100], 'price': 6100, 'old_price': 6100, 'currency': 'RUB', 'payment_amount': 0, 'extras_variants': [], 'extras': [], 'rate_id': 46655, 'deals': [], 'cancellation_type': 'free', 'credit_card': 0, 'bonus': 1220, 'miles': 488, 'min_stay': 1, 'mircashback': 610}, {'id': '984763P', 'force_prepayment': 1, 'capacity': 1, 'prepayment': 'FULL', 'nonrefundable': 0, 'cancellation_period': 0, 'cancellation_fee': 'NO', 'breakfast': 1, 'base_price': 4800, 'prices': [4800], 'price': 4800, 'old_price': 4800, 'currency': 'RUB', 'payment_amount': 4800, 'extras_variants': [], 'extras': [], 'rate_id': 46655, 'deals': [], 'cancellation_type': 'free', 'credit_card': 0, 'bonus': 960, 'miles': 384, 'min_stay': 1, 'mircashback': 480}, {'id': '984764P', 'force_prepayment': 1, 'capacity': 2, 'prepayment': 'FULL', 'nonrefundable': 0, 'cancellation_period': 0, 'cancellation_fee': 'NO', 'breakfast': 1, 'base_price': 6100, 'prices': [6100], 'price': 6100, 'old_price': 6100, 'currency': 'RUB', 'payment_amount': 6100, 'extras_variants': [], 'extras': [], 'rate_id': 46655, 'deals': [], 'cancellation_type': 'free', 'credit_card': 0, 'bonus': 1220, 'miles': 488, 'min_stay': 1, 'mircashback': 610}]",4800.0,384,669748_101hotels,2025-05-12
2286594,,Прованс,2,0,0,1,Двухместный,2,1,[{'double': 1}],[],"[{'id': 984765, 'force_prepayment': 1, 'capacity': 1, 'prepayment': 'NO', 'nonrefundable': 0, 'cancellation_period': 0, 'cancellation_fee': 'NO', 'breakfast': 1, 'base_price': 4800, 'prices': [4800], 'price': 4800, 'old_price': 4800, 'currency': 'RUB', 'payment_amount': 0, 'extras_variants': [], 'extras': [], 'rate_id': 46655, 'deals': [], 'cancellation_type': 'free', 'credit_card': 0, 'bonus': 960, 'miles': 384, 'min_stay': 1, 'mircashback': 480}, {'id': 984766, 'force_prepayment': 1, 'capacity': 2, 'prepayment': 'NO', 'nonrefundable': 0, 'cancellation_period': 0, 'cancellation_fee': 'NO', 'breakfast': 1, 'base_price': 6100, 'prices': [6100], 'price': 6100, 'old_price': 6100, 'currency': 'RUB', 'payment_amount': 0, 'extras_variants': [], 'extras': [], 'rate_id': 46655, 'deals': [], 'cancellation_type': 'free', 'credit_card': 0, 'bonus': 1220, 'miles': 488, 'min_stay': 1, 'mircashback': 610}, {'id': '984765P', 'force_prepayment': 1, 'capacity': 1, 'prepayment': 'FULL', 'nonrefundable': 0, 'cancellation_period': 0, 'cancellation_fee': 'NO', 'breakfast': 1, 'base_price': 4800, 'prices': [4800], 'price': 4800, 'old_price': 4800, 'currency': 'RUB', 'payment_amount': 4800, 'extras_variants': [], 'extras': [], 'rate_id': 46655, 'deals': [], 'cancellation_type': 'free', 'credit_card': 0, 'bonus': 960, 'miles': 384, 'min_stay': 1, 'mircashback': 480}, {'id': '984766P', 'force_prepayment': 1, 'capacity': 2, 'prepayment': 'FULL', 'nonrefundable': 0, 'cancellation_period': 0, 'cancellation_fee': 'NO', 'breakfast': 1, 'base_price': 6100, 'prices': [6100], 'price': 6100, 'old_price': 6100, 'currency': 'RUB', 'payment_amount': 6100, 'extras_variants': [], 'extras': [], 'rate_id': 46655, 'deals': [], 'cancellation_type': 'free', 'credit_card': 0, 'bonus': 1220, 'miles': 488, 'min_stay': 1, 'mircashback': 610}]",4800.0,384,669748_101hotels,2025-05-12
2286595,,Лазурный,2,0,0,1,Двухместный,2,1,[{'double': 1}],[],"[{'id': 984767, 'force_prepayment': 1, 'capacity': 1, 'prepayment': 'NO', 'nonrefundable': 0, 'cancellation_period': 0, 'cancellation_fee': 'NO', 'breakfast': 1, 'base_price': 5400, 'prices': [5400], 'price': 5400, 'old_price': 5400, 'currency': 'RUB', 'payment_amount': 0, 'extras_variants': [], 'extras': [], 'rate_id': 46655, 'deals': [], 'cancellation_type': 'free', 'credit_card': 0, 'bonus': 1080, 'miles': 432, 'min_stay': 1, 'mircashback': 540}, {'id': 984768, 'force_prepayment': 1, 'capacity': 2, 'prepayment': 'NO', 'nonrefundable': 0, 'cancellation_period': 0, 'cancellation_fee': 'NO', 'breakfast': 1, 'base_price': 6700, 'prices': [6700], 'price': 6700, 'old_price': 6700, 'currency': 'RUB', 'payment_amount': 0, 'extras_variants': [], 'extras': [], 'rate_id': 46655, 'deals': [], 'cancellation_type': 'free', 'credit_card': 0, 'bonus': 1340, 'miles': 536, 'min_stay': 1, 'mircashback': 670}, {'id': '984767P', 'force_prepayment': 1, 'capacity': 1, 'prepayment': 'FULL', 'nonrefundable': 0, 'cancellation_period': 0, 'cancellation_fee': 'NO', 'breakfast': 1, 'base_price': 5400, 'prices': [5400], 'price': 5400, 'old_price': 5400, 'currency': 'RUB', 'payment_amount': 5400, 'extras_variants': [], 'extras': [], 'rate_id': 46655, 'deals': [], 'cancellation_type': 'free', 'credit_card': 0, 'bonus': 1080, 'miles': 432, 'min_stay': 1, 'mircashback': 540}, {'id': '984768P', 'force_prepayment': 1, 'capacity': 2, 'prepayment': 'FULL', 'nonrefundable': 0, 'cancellation_period': 0, 'cancellation_fee': 'NO', 'breakfast': 1, 'base_price': 6700, 'prices': [6700], 'price': 6700, 'old_price': 6700, 'currency': 'RUB', 'payment_amount': 6700, 'extras_variants': [], 'extras': [], 'rate_id': 46655, 'deals': [], 'cancellation_type': 'free', 'credit_card': 0, 'bonus': 1340, 'miles': 536, 'min_stay': 1, 'mircashback': 670}]",5400.0,432,669748_101hotels,2025-05-12
2286596,,Купеческий,2,0,0,1,Двухместный,2,1,[{'double': 1}],[],"[{'id': 984769, 'force_prepayment': 1, 'capacity': 1, 'prepayment': 'NO', 'nonrefundable': 0, 'cancellation_period': 0, 'cancellation_fee': 'NO', 'breakfast': 1, 'base_price': 5400, 'prices': [5400], 'price': 5400, 'old_price': 5400, 'currency': 'RUB', 'payment_amount': 0, 'extras_variants': [], 'extras': [], 'rate_id': 46655, 'deals': [], 'cancellation_type': 'free', 'credit_card': 0, 'bonus': 1080, 'miles': 432, 'min_stay': 1, 'mircashback': 540}, {'id': 984770, 'force_prepayment': 1, 'capacity': 2, 'prepayment': 'NO', 'nonrefundable': 0, 'cancellation_period': 0, 'cancellation_fee': 'NO', 'breakfast': 1, 'base_price': 6700, 'prices': [6700], 'price': 6700, 'old_price': 6700, 'currency': 'RUB', 'payment_amount': 0, 'extras_variants': [], 'extras': [], 'rate_id': 46655, 'deals': [], 'cancellation_type': 'free', 'credit_card': 0, 'bonus': 1340, 'miles': 536, 'min_stay': 1, 'mircashback': 670}, {'id': '984769P', 'force_prepayment': 1, 'capacity': 1, 'prepayment': 'FULL', 'nonrefundable': 0, 'cancellation_period': 0, 'cancellation_fee': 'NO', 'breakfast': 1, 'base_price': 5400, 'prices': [5400], 'price': 5400, 'old_price': 5400, 'currency': 'RUB', 'payment_amount': 5400, 'extras_variants': [], 'extras': [], 'rate_id': 46655, 'deals': [], 'cancellation_type': 'free', 'credit_card': 0, 'bonus': 1080, 'miles': 432, 'min_stay': 1, 'mircashback': 540}, {'id': '984770P', 'force_prepayment': 1, 'capacity': 2, 'prepayment': 'FULL', 'nonrefundable': 0, 'cancellation_period': 0, 'cancellation_fee': 'NO', 'breakfast': 1, 'base_price': 6700, 'prices': [6700], 'price': 6700, 'old_price': 6700, 'currency': 'RUB', 'payment_amount': 6700, 'extras_variants': [], 'extras': [], 'rate_id': 46655, 'deals': [], 'cancellation_type': 'free', 'credit_card': 0, 'bonus': 1340, 'miles': 536, 'min_stay': 1, 'mircashback': 670}]",5400.0,432,669748_101hotels,2025-05-12
2286597,,Кочевник,2,0,0,1,Двухместный,2,1,[{'double': 1}],[],"[{'id': 984771, 'force_prepayment': 1, 'capacity': 1, 'prepayment': 'NO', 'nonrefundable': 0, 'cancellation_period': 0, 'cancellation_fee': 'NO', 'breakfast': 1, 'base_price': 5400, 'prices': [5400], 'price': 5400, 'old_price': 5400, 'currency': 'RUB', 'payment_amount': 0, 'extras_variants': [], 'extras': [], 'rate_id': 46655, 'deals': [], 'cancellation_type': 'free', 'credit_card': 0, 'bonus': 1080, 'miles': 432, 'min_stay': 1, 'mircashback': 540}, {'id': 984772, 'force_prepayment': 1, 'capacity': 2, 'prepayment': 'NO', 'nonrefundable': 0, 'cancellation_period': 0, 'cancellation_fee': 'NO', 'breakfast': 1, 'base_price': 6700, 'prices': [6700], 'price': 6700, 'old_price': 6700, 'currency': 'RUB', 'payment_amount': 0, 'extras_variants': [], 'extras': [], 'rate_id': 46655, 'deals': [], 'cancellation_type': 'free', 'credit_card': 0, 'bonus': 1340, 'miles': 536, 'min_stay': 1, 'mircashback': 670}, {'id': '984771P', 'force_prepayment': 1, 'capacity': 1, 'prepayment': 'FULL', 'nonrefundable': 0, 'cancellation_period': 0, 'cancellation_fee': 'NO', 'breakfast': 1, 'base_price': 5400, 'prices': [5400], 'price': 5400, 'old_price': 5400, 'currency': 'RUB', 'payment_amount': 5400, 'extras_variants': [], 'extras': [], 'rate_id': 46655, 'deals': [], 'cancellation_type': 'free', 'credit_card': 0, 'bonus': 1080, 'miles': 432, 'min_stay': 1, 'mircashback': 540}, {'id': '984772P', 'force_prepayment': 1, 'capacity': 2, 'prepayment': 'FULL', 'nonrefundable': 0, 'cancellation_period': 0, 'cancellation_fee': 'NO', 'breakfast': 1, 'base_price': 6700, 'prices': [6700], 'price': 6700, 'old_price': 6700, 'currency': 'RUB', 'payment_amount': 6700, 'extras_variants': [], 'extras': [], 'rate_id': 46655, 'deals': [], 'cancellation_type': 'free', 'credit_card': 0, 'bonus': 1340, 'miles': 536, 'min_stay': 1, 'mircashback': 670}]",5400.0,432,669748_101hotels,2025-05-12
2286599,,Царские палаты,2,0,0,1,Двухместный,2,1,[{'double': 1}],[],"[{'id': 984775, 'force_prepayment': 1, 'capacity': 1, 'prepayment': 'NO', 'nonrefundable': 0, 'cancellation_period': 0, 'cancellation_fee': 'NO', 'breakfast': 1, 'base_price': 6600, 'prices': [6600], 'price': 6600, 'old_price': 6600, 'currency': 'RUB', 'payment_amount': 0, 'extras_variants': [], 'extras': [], 'rate_id': 46655, 'deals': [], 'cancellation_type': 'free', 'credit_card': 0, 'bonus': 1320, 'miles': 528, 'min_stay': 1, 'mircashback': 660}, {'id': 984776, 'force_prepayment': 1, 'capacity': 2, 'prepayment': 'NO', 'nonrefundable': 0, 'cancellation_period': 0, 'cancellation_fee': 'NO', 'breakfast': 1, 'base_price': 7900, 'prices': [7900], 'price': 7900, 'old_price': 7900, 'currency': 'RUB', 'payment_amount': 0, 'extras_variants': [], 'extras': [], 'rate_id': 46655, 'deals': [], 'cancellation_type': 'free', 'credit_card': 0, 'bonus': 1580, 'miles': 632, 'min_stay': 1, 'mircashback': 790}, {'id': '984775P', 'force_prepayment': 1, 'capacity': 1, 'prepayment': 'FULL', 'nonrefundable': 0, 'cancellation_period': 0, 'cancellation_fee': 'NO', 'breakfast': 1, 'base_price': 6600, 'prices': [6600], 'price': 6600, 'old_price': 6600, 'currency': 'RUB', 'payment_amount': 6600, 'extras_variants': [], 'extras': [], 'rate_id': 46655, 'deals': [], 'cancellation_type': 'free', 'credit_card': 0, 'bonus': 1320, 'miles': 528, 'min_stay': 1, 'mircashback': 660}, {'id': '984776P', 'force_prepayment': 1, 'capacity': 2, 'prepayment': 'FULL', 'nonrefundable': 0, 'cancellation_period': 0, 'cancellation_fee': 'NO', 'breakfast': 1, 'base_price': 7900, 'prices': [7900], 'price': 7900, 'old_price': 7900, 'currency': 'RUB', 'payment_amount': 7900, 'extras_variants': [], 'extras': [], 'rate_id': 46655, 'deals': [], 'cancellation_type': 'free', 'credit_card': 0, 'bonus': 1580, 'miles': 632, 'min_stay': 1, 'mircashback': 790}]",6600.0,528,669748_101hotels,2025-05-12
2275949,,Уютная Студия,2,0,0,1,Двухместный,2,1,"[{'single': 1, 'double': 1}]",[],"[{'id': 802723, 'force_prepayment': 0, 'capacity': 1, 'prepayment': 'FULL', 'nonrefundable': 0, 'cancellation_period': 0, 'cancellation_fee': 'NO', 'breakfast': 0, 'base_price': 2988, 'prices': [2988], 'price': 2988, 'old_price': 2988, 'currency': 'RUB', 'payment_amount': 2988, 'extras_variants': [], 'extras': [], 'rate_id': 36551, 'deals': [], 'cancellation_type': 'free', 'credit_card': 1, 'bonus': 598, 'miles': 236, 'min_stay': 1, 'mircashback': 299}, {'id': 802724, 'force_prepayment': 0, 'capacity': 2, 'prepayment': 'FULL', 'nonrefundable': 0, 'cancellation_period': 0, 'cancellation_fee': 'NO', 'breakfast': 0, 'base_price': 2988, 'prices': [2988], 'price': 2988, 'old_price': 2988, 'currency': 'RUB', 'payment_amount': 2988, 'extras_variants': [], 'extras': [], 'rate_id': 36551, 'deals': [], 'cancellation_type': 'free', 'credit_card': 1, 'bonus': 598, 'miles': 236, 'min_stay': 1, 'mircashback': 299}]",2988.0,236,662868_101hotels,2025-05-12
2276001,,Студия Green,2,0,0,1,Двухместный,2,1,[{'single': 1}],[],"[{'id': 805139, 'force_prepayment': 0, 'capacity': 1, 'prepayment': 'FULL', 'nonrefundable': 0, 'cancellation_period': 0, 'cancellation_fee': 'NO', 'breakfast': 0, 'base_price': 3107, 'prices': [3107], 'price': 3107, 'old_price': 3107, 'currency': 'RUB', 'payment_amount': 3107, 'extras_variants': [], 'extras': [], 'rate_id': 36551, 'deals': [], 'cancellation_type': 'free', 'credit_card': 1, 'bonus': 621, 'miles': 248, 'min_stay': 1, 'mircashback': 311}, {'id': 805140, 'force_prepayment': 0, 'capacity': 2, 'prepayment': 'FULL', 'nonrefundable': 0, 'cancellation_period': 0, 'cancellation_fee': 'NO', 'breakfast': 0, 'base_price': 3107, 'prices': [3107], 'price': 3107, 'old_price': 3107, 'currency': 'RUB', 'payment_amount': 3107, 'extras_variants': [], 'extras': [], 'rate_id': 36551, 'deals': [], 'cancellation_type': 'free', 'credit_card': 1, 'bonus': 621, 'miles': 248, 'min_stay': 1, 'mircashback': 311}]",3107.0,248,662868_101hotels,2025-05-12
2271489,,"Очень уютная, семейная ""ЛАДА"" с дизайнерским ремонтом в ЦЕНТРЕ!",5,0,0,1,Апартаменты,14,1,"[{'single': 1, 'double': 2}]",[],"[{'id': 768152, 'force_prepayment': 0, 'capacity': 1, 'prepayment': 'FULL', 'nonrefundable': 0, 'cancellation_period': 0, 'cancellation_fee': 'NO', 'breakfast': 0, 'base_price': 5481, 'prices': [5481], 'price': 5481, 'old_price': 5481, 'currency': 'RUB', 'payment_amount': 5481, 'extras_variants': [], 'extras': [], 'rate_id': 33980, 'deals': [], 'cancellation_type': 'free', 'credit_card': 1, 'bonus': 1096, 'miles': 436, 'min_stay': 1, 'mircashback': 548}, {'id': 768153, 'force_prepayment': 0, 'capacity': 2, 'prepayment': 'FULL', 'nonrefundable': 0, 'cancellation_period': 0, 'cancellation_fee': 'NO', 'breakfast': 0, 'base_price': 5481, 'prices': [5481], 'price': 5481, 'old_price': 5481, 'currency': 'RUB', 'payment_amount': 5481, 'extras_variants': [], 'extras': [], 'rate_id': 33980, 'deals': [], 'cancellation_type': 'free', 'credit_card': 1, 'bonus': 1096, 'miles': 436, 'min_stay': 1, 'mircashback': 548}, {'id': 768154, 'force_prepayment': 0, 'capacity': 3, 'prepayment': 'FULL', 'nonrefundable': 0, 'cancellation_period': 0, 'cancellation_fee': 'NO', 'breakfast': 0, 'base_price': 5781, 'prices': [5781], 'price': 5781, 'old_price': 5781, 'currency': 'RUB', 'payment_amount': 5781, 'extras_variants': [], 'extras': [], 'rate_id': 33980, 'deals': [], 'cancellation_type': 'free', 'credit_card': 1, 'bonus': 1156, 'miles': 460, 'min_stay': 1, 'mircashback': 578}, {'id': 768155, 'force_prepayment': 0, 'capacity': 4, 'prepayment': 'FULL', 'nonrefundable': 0, 'cancellation_period': 0, 'cancellation_fee': 'NO', 'breakfast': 0, 'base_price': 6081, 'prices': [6081], 'price': 6081, 'old_price': 6081, 'currency': 'RUB', 'payment_amount': 6081, 'extras_variants': [], 'extras': [], 'rate_id': 33980, 'deals': [], 'cancellation_type': 'free', 'credit_card': 1, 'bonus': 1216, 'miles': 484, 'min_stay': 1, 'mircashback': 608}, {'id': 768156, 'force_prepayment': 0, 'capacity': 5, 'prepayment': 'FULL', 'nonrefundable': 0, 'cancellation_period': 0, 'cancellation_fee': 'NO', 'breakfast': 0, 'base_price': 6381, 'prices': [6381], 'price': 6381, 'old_price': 6381, 'currency': 'RUB', 'payment_amount': 6381, 'extras_variants': [], 'extras': [], 'rate_id': 33980, 'deals': [], 'cancellation_type': 'free', 'credit_card': 1, 'bonus': 1276, 'miles': 508, 'min_stay': 1, 'mircashback': 638}]",5481.0,436,665284_101hotels,2025-05-12
2272175,,ГОСТИру на улице Ленина,8,0,0,1,Апартаменты,14,1,"[{'single': 2, 'double': 1, 'sofa': 2}]",[],"[{'id': 773393, 'force_prepayment': 0, 'capacity': 1, 'prepayment': 'FULL', 'nonrefundable': 0, 'cancellation_period': 0, 'cancellation_fee': 'NO', 'breakfast': 0, 'base_price': 6151, 'prices': [6151], 'price': 6151, 'old_price': 6151, 'currency': 'RUB', 'payment_amount': 6151, 'extras_variants': [], 'extras': [], 'rate_id': 34420, 'deals': [], 'cancellation_type': 'free', 'credit_card': 1, 'bonus': 1230, 'miles': 492, 'min_stay': 1, 'mircashback': 615}, {'id': 773394, 'force_prepayment': 0, 'capacity': 2, 'prepayment': 'FULL', 'nonrefundable': 0, 'cancellation_period': 0, 'cancellation_fee': 'NO', 'breakfast': 0, 'base_price': 6151, 'prices': [6151], 'price': 6151, 'old_price': 6151, 'currency': 'RUB', 'payment_amount': 6151, 'extras_variants': [], 'extras': [], 'rate_id': 34420, 'deals': [], 'cancellation_type': 'free', 'credit_card': 1, 'bonus': 1230, 'miles': 492, 'min_stay': 1, 'mircashback': 615}, {'id': 773395, 'force_prepayment': 0, 'capacity': 3, 'prepayment': 'FULL', 'nonrefundable': 0, 'cancellation_period': 0, 'cancellation_fee': 'NO', 'breakfast': 0, 'base_price': 6451, 'prices': [6451], 'price': 6451, 'old_price': 6451, 'currency': 'RUB', 'payment_amount': 6451, 'extras_variants': [], 'extras': [], 'rate_id': 34420, 'deals': [], 'cancellation_type': 'free', 'credit_card': 1, 'bonus': 1290, 'miles': 516, 'min_stay': 1, 'mircashback': 645}, {'id': 773396, 'force_prepayment': 0, 'capacity': 4, 'prepayment': 'FULL', 'nonrefundable': 0, 'cancellation_period': 0, 'cancellation_fee': 'NO', 'breakfast': 0, 'base_price': 6751, 'prices': [6751], 'price': 6751, 'old_price': 6751, 'currency': 'RUB', 'payment_amount': 6751, 'extras_variants': [], 'extras': [], 'rate_id': 34420, 'deals': [], 'cancellation_type': 'free', 'credit_card': 1, 'bonus': 1350, 'miles': 540, 'min_stay': 1, 'mircashback': 675}, {'id': 773397, 'force_prepayment': 0, 'capacity': 5, 'prepayment': 'FULL', 'nonrefundable': 0, 'cancellation_period': 0, 'cancellation_fee': 'NO', 'breakfast': 0, 'base_price': 7051, 'prices': [7051], 'price': 7051, 'old_price': 7051, 'currency': 'RUB', 'payment_amount': 7051, 'extras_variants': [], 'extras': [], 'rate_id': 34420, 'deals': [], 'cancellation_type': 'free', 'credit_card': 1, 'bonus': 1410, 'miles': 564, 'min_stay': 1, 'mircashback': 705}, {'id': 773398, 'force_prepayment': 0, 'capacity': 6, 'prepayment': 'FULL', 'nonrefundable': 0, 'cancellation_period': 0, 'cancellation_fee': 'NO', 'breakfast': 0, 'base_price': 7351, 'prices': [7351], 'price': 7351, 'old_price': 7351, 'currency': 'RUB', 'payment_amount': 7351, 'extras_variants': [], 'extras': [], 'rate_id': 34420, 'deals': [], 'cancellation_type': 'free', 'credit_card': 1, 'bonus': 1470, 'miles': 588, 'min_stay': 1, 'mircashback': 735}, {'id': 773399, 'force_prepayment': 0, 'capacity': 7, 'prepayment': 'FULL', 'nonrefundable': 0, 'cancellation_period': 0, 'cancellation_fee': 'NO', 'breakfast': 0, 'base_price': 7651, 'prices': [7651], 'price': 7651, 'old_price': 7651, 'currency': 'RUB', 'payment_amount': 7651, 'extras_variants': [], 'extras': [], 'rate_id': 34420, 'deals': [], 'cancellation_type': 'free', 'credit_card': 1, 'bonus': 1530, 'miles': 612, 'min_stay': 1, 'mircashback': 765}, {'id': 773400, 'force_prepayment': 0, 'capacity': 8, 'prepayment': 'FULL', 'nonrefundable': 0, 'cancellation_period': 0, 'cancellation_fee': 'NO', 'breakfast': 0, 'base_price': 7951, 'prices': [7951], 'price': 7951, 'old_price': 7951, 'currency': 'RUB', 'payment_amount': 7951, 'extras_variants': [], 'extras': [], 'rate_id': 34420, 'deals': [], 'cancellation_type': 'free', 'credit_card': 1, 'bonus': 1590, 'miles': 636, 'min_stay': 1, 'mircashback': 795}]",6151.0,492,665409_101hotels,2025-05-12
2271959,,Уютнaя 2-x комнaтная кваpтира «ЛАТТE» в ЦЕHТРE.,4,0,0,1,Апартаменты,14,1,"[{'double': 1, 'sofa': 1}]",[],"[{'id': 771573, 'force_prepayment': 0, 'capacity': 1, 'prepayment': 'FULL', 'nonrefundable': 0, 'cancellation_period': 0, 'cancellation_fee': 'NO', 'breakfast': 0, 'base_price': 5749, 'prices': [5749], 'price': 5749, 'old_price': 5749, 'currency': 'RUB', 'payment_amount': 5749, 'extras_variants': [], 'extras': [], 'rate_id': 34269, 'deals': [], 'cancellation_type': 'free', 'credit_card': 1, 'bonus': 1150, 'miles': 456, 'min_stay': 1, 'mircashback': 575}, {'id': 771574, 'force_prepayment': 0, 'capacity': 2, 'prepayment': 'FULL', 'nonrefundable': 0, 'cancellation_period': 0, 'cancellation_fee': 'NO', 'breakfast': 0, 'base_price': 5749, 'prices': [5749], 'price': 5749, 'old_price': 5749, 'currency': 'RUB', 'payment_amount': 5749, 'extras_variants': [], 'extras': [], 'rate_id': 34269, 'deals': [], 'cancellation_type': 'free', 'credit_card': 1, 'bonus': 1150, 'miles': 456, 'min_stay': 1, 'mircashback': 575}, {'id': 771575, 'force_prepayment': 0, 'capacity': 3, 'prepayment': 'FULL', 'nonrefundable': 0, 'cancellation_period': 0, 'cancellation_fee': 'NO', 'breakfast': 0, 'base_price': 6049, 'prices': [6049], 'price': 6049, 'old_price': 6049, 'currency': 'RUB', 'payment_amount': 6049, 'extras_variants': [], 'extras': [], 'rate_id': 34269, 'deals': [], 'cancellation_type': 'free', 'credit_card': 1, 'bonus': 1210, 'miles': 480, 'min_stay': 1, 'mircashback': 605}, {'id': 771576, 'force_prepayment': 0, 'capacity': 4, 'prepayment': 'FULL', 'nonrefundable': 0, 'cancellation_period': 0, 'cancellation_fee': 'NO', 'breakfast': 0, 'base_price': 6349, 'prices': [6349], 'price': 6349, 'old_price': 6349, 'currency': 'RUB', 'payment_amount': 6349, 'extras_variants': [], 'extras': [], 'rate_id': 34269, 'deals': [], 'cancellation_type': 'free', 'credit_card': 1, 'bonus': 1270, 'miles': 504, 'min_stay': 1, 'mircashback': 635}]",5749.0,456,665410_101hotels,2025-05-12
2271962,,КРАСОТКА возле МОДНОГО КВАРТАЛА в элитном доме бизнес-класса.,4,0,0,1,Апартаменты,14,1,"[{'double': 1, 'sofa': 1}]",[],"[{'id': 771593, 'force_prepayment': 0, 'capacity': 1, 'prepayment': 'FULL', 'nonrefundable': 0, 'cancellation_period': 0, 'cancellation_fee': 'NO', 'breakfast': 0, 'base_price': 4409, 'prices': [4409], 'price': 4409, 'old_price': 4409, 'currency': 'RUB', 'payment_amount': 4409, 'extras_variants': [], 'extras': [], 'rate_id': 34272, 'deals': [], 'cancellation_type': 'free', 'credit_card': 1, 'bonus': 882, 'miles': 352, 'min_stay': 1, 'mircashback': 441}, {'id': 771594, 'force_prepayment': 0, 'capacity': 2, 'prepayment': 'FULL', 'nonrefundable': 0, 'cancellation_period': 0, 'cancellation_fee': 'NO', 'breakfast': 0, 'base_price': 4409, 'prices': [4409], 'price': 4409, 'old_price': 4409, 'currency': 'RUB', 'payment_amount': 4409, 'extras_variants': [], 'extras': [], 'rate_id': 34272, 'deals': [], 'cancellation_type': 'free', 'credit_card': 1, 'bonus': 882, 'miles': 352, 'min_stay': 1, 'mircashback': 441}, {'id': 771595, 'force_prepayment': 0, 'capacity': 3, 'prepayment': 'FULL', 'nonrefundable': 0, 'cancellation_period': 0, 'cancellation_fee': 'NO', 'breakfast': 0, 'base_price': 4709, 'prices': [4709], 'price': 4709, 'old_price': 4709, 'currency': 'RUB', 'payment_amount': 4709, 'extras_variants': [], 'extras': [], 'rate_id': 34272, 'deals': [], 'cancellation_type': 'free', 'credit_card': 1, 'bonus': 942, 'miles': 376, 'min_stay': 1, 'mircashback': 471}, {'id': 771596, 'force_prepayment': 0, 'capacity': 4, 'prepayment': 'FULL', 'nonrefundable': 0, 'cancellation_period': 0, 'cancellation_fee': 'NO', 'breakfast': 0, 'base_price': 5009, 'prices': [5009], 'price': 5009, 'old_price': 5009, 'currency': 'RUB', 'payment_amount': 5009, 'extras_variants': [], 'extras': [], 'rate_id': 34272, 'deals': [], 'cancellation_type': 'free', 'credit_card': 1, 'bonus': 1002, 'miles': 400, 'min_stay': 1, 'mircashback': 501}]",4409.0,352,665411_101hotels,2025-05-12
2272174,,ГОСТИру на улице Александра Невского,6,0,0,1,Апартаменты,14,1,"[{'double': 1, 'sofa': 2}]",[],"[{'id': 773387, 'force_prepayment': 0, 'capacity': 1, 'prepayment': 'FULL', 'nonrefundable': 0, 'cancellation_period': 0, 'cancellation_fee': 'NO', 'breakfast': 0, 'base_price': 6030, 'prices': [6030], 'price': 6030, 'old_price': 6030, 'currency': 'RUB', 'payment_amount': 6030, 'extras_variants': [], 'extras': [], 'rate_id': 34419, 'deals': [], 'cancellation_type': 'free', 'credit_card': 1, 'bonus': 1206, 'miles': 480, 'min_stay': 1, 'mircashback': 603}, {'id': 773388, 'force_prepayment': 0, 'capacity': 2, 'prepayment': 'FULL', 'nonrefundable': 0, 'cancellation_period': 0, 'cancellation_fee': 'NO', 'breakfast': 0, 'base_price': 6030, 'prices': [6030], 'price': 6030, 'old_price': 6030, 'currency': 'RUB', 'payment_amount': 6030, 'extras_variants': [], 'extras': [], 'rate_id': 34419, 'deals': [], 'cancellation_type': 'free', 'credit_card': 1, 'bonus': 1206, 'miles': 480, 'min_stay': 1, 'mircashback': 603}, {'id': 773389, 'force_prepayment': 0, 'capacity': 3, 'prepayment': 'FULL', 'nonrefundable': 0, 'cancellation_period': 0, 'cancellation_fee': 'NO', 'breakfast': 0, 'base_price': 6330, 'prices': [6330], 'price': 6330, 'old_price': 6330, 'currency': 'RUB', 'payment_amount': 6330, 'extras_variants': [], 'extras': [], 'rate_id': 34419, 'deals': [], 'cancellation_type': 'free', 'credit_card': 1, 'bonus': 1266, 'miles': 504, 'min_stay': 1, 'mircashback': 633}, {'id': 773390, 'force_prepayment': 0, 'capacity': 4, 'prepayment': 'FULL', 'nonrefundable': 0, 'cancellation_period': 0, 'cancellation_fee': 'NO', 'breakfast': 0, 'base_price': 6630, 'prices': [6630], 'price': 6630, 'old_price': 6630, 'currency': 'RUB', 'payment_amount': 6630, 'extras_variants': [], 'extras': [], 'rate_id': 34419, 'deals': [], 'cancellation_type': 'free', 'credit_card': 1, 'bonus': 1326, 'miles': 528, 'min_stay': 1, 'mircashback': 663}, {'id': 773391, 'force_prepayment': 0, 'capacity': 5, 'prepayment': 'FULL', 'nonrefundable': 0, 'cancellation_period': 0, 'cancellation_fee': 'NO', 'breakfast': 0, 'base_price': 6930, 'prices': [6930], 'price': 6930, 'old_price': 6930, 'currency': 'RUB', 'payment_amount': 6930, 'extras_variants': [], 'extras': [], 'rate_id': 34419, 'deals': [], 'cancellation_type': 'free', 'credit_card': 1, 'bonus': 1386, 'miles': 552, 'min_stay': 1, 'mircashback': 693}, {'id': 773392, 'force_prepayment': 0, 'capacity': 6, 'prepayment': 'FULL', 'nonrefundable': 0, 'cancellation_period': 0, 'cancellation_fee': 'NO', 'breakfast': 0, 'base_price': 7230, 'prices': [7230], 'price': 7230, 'old_price': 7230, 'currency': 'RUB', 'payment_amount': 7230, 'extras_variants': [], 'extras': [], 'rate_id': 34419, 'deals': [], 'cancellation_type': 'free', 'credit_card': 1, 'bonus': 1446, 'miles': 576, 'min_stay': 1, 'mircashback': 723}]",6030.0,480,665412_101hotels,2025-05-12
2271501,,Романтическая Фея,4,0,0,1,Студио,5,1,"[{'double': 1, 'sofa': 1}]",[],"[{'id': 768259, 'force_prepayment': 0, 'capacity': 1, 'prepayment': 'FULL', 'nonrefundable': 0, 'cancellation_period': 0, 'cancellation_fee': 'NO', 'breakfast': 0, 'base_price': 4020, 'prices': [4020], 'price': 4020, 'old_price': 4020, 'currency': 'RUB', 'payment_amount': 4020, 'extras_variants': [], 'extras': [], 'rate_id': 33984, 'deals': [], 'cancellation_type': 'free', 'credit_card': 1, 'bonus': 804, 'miles': 320, 'min_stay': 1, 'mircashback': 402}, {'id': 768260, 'force_prepayment': 0, 'capacity': 2, 'prepayment': 'FULL', 'nonrefundable': 0, 'cancellation_period': 0, 'cancellation_fee': 'NO', 'breakfast': 0, 'base_price': 4020, 'prices': [4020], 'price': 4020, 'old_price': 4020, 'currency': 'RUB', 'payment_amount': 4020, 'extras_variants': [], 'extras': [], 'rate_id': 33984, 'deals': [], 'cancellation_type': 'free', 'credit_card': 1, 'bonus': 804, 'miles': 320, 'min_stay': 1, 'mircashback': 402}, {'id': 768261, 'force_prepayment': 0, 'capacity': 3, 'prepayment': 'FULL', 'nonrefundable': 0, 'cancellation_period': 0, 'cancellation_fee': 'NO', 'breakfast': 0, 'base_price': 4320, 'prices': [4320], 'price': 4320, 'old_price': 4320, 'currency': 'RUB', 'payment_amount': 4320, 'extras_variants': [], 'extras': [], 'rate_id': 33984, 'deals': [], 'cancellation_type': 'free', 'credit_card': 1, 'bonus': 864, 'miles': 344, 'min_stay': 1, 'mircashback': 432}, {'id': 768262, 'force_prepayment': 0, 'capacity': 4, 'prepayment': 'FULL', 'nonrefundable': 0, 'cancellation_period': 0, 'cancellation_fee': 'NO', 'breakfast': 0, 'base_price': 4620, 'prices': [4620], 'price': 4620, 'old_price': 4620, 'currency': 'RUB', 'payment_amount': 4620, 'extras_variants': [], 'extras': [], 'rate_id': 33984, 'deals': [], 'cancellation_type': 'free', 'credit_card': 1, 'bonus': 924, 'miles': 368, 'min_stay': 1, 'mircashback': 462}]",4020.0,320,665414_101hotels,2025-05-12
2271957,,"Современная СТУДИЯ - ЛЕТО возле ""Модного квартала"" для двоих.",2,1,0,1,Двухместный,2,1,[{'double': 1}],[],"[{'id': 771567, 'force_prepayment': 0, 'capacity': 1, 'prepayment': 'FULL', 'nonrefundable': 0, 'cancellation_period': 0, 'cancellation_fee': 'NO', 'breakfast': 0, 'base_price': 4409, 'prices': [4409], 'price': 4409, 'old_price': 4409, 'currency': 'RUB', 'payment_amount': 4409, 'extras_variants': [], 'extras': [], 'rate_id': 33984, 'deals': [], 'cancellation_type': 'free', 'credit_card': 1, 'bonus': 882, 'miles': 352, 'min_stay': 1, 'mircashback': 441}, {'id': 771568, 'force_prepayment': 0, 'capacity': 2, 'prepayment': 'FULL', 'nonrefundable': 0, 'cancellation_period': 0, 'cancellation_fee': 'NO', 'breakfast': 0, 'base_price': 4409, 'prices': [4409], 'price': 4409, 'old_price': 4409, 'currency': 'RUB', 'payment_amount': 4409, 'extras_variants': [], 'extras': [], 'rate_id': 33984, 'deals': [], 'cancellation_type': 'free', 'credit_card': 1, 'bonus': 882, 'miles': 352, 'min_stay': 1, 'mircashback': 441}]",4409.0,352,665414_101hotels,2025-05-12
2274111,,Апартаменты Солнце,2,0,0,1,Двухместный,2,1,[{'double': 1}],[],"[{'id': 789123, 'force_prepayment': 0, 'capacity': 1, 'prepayment': 'FULL', 'nonrefundable': 0, 'cancellation_period': 0, 'cancellation_fee': 'NO', 'breakfast': 0, 'base_price': 3080, 'prices': [3080], 'price': 3080, 'old_price': 3080, 'currency': 'RUB', 'payment_amount': 3080, 'extras_variants': [], 'extras': [], 'rate_id': 35523, 'deals': [], 'cancellation_type': 'free', 'credit_card': 1, 'bonus': 616, 'miles': 244, 'min_stay': 1, 'mircashback': 308}, {'id': 789124, 'force_prepayment': 0, 'capacity': 2, 'prepayment': 'FULL', 'nonrefundable': 0, 'cancellation_period': 0, 'cancellation_fee': 'NO', 'breakfast': 0, 'base_price': 3080, 'prices': [3080], 'price': 3080, 'old_price': 3080, 'currency': 'RUB', 'payment_amount': 3080, 'extras_variants': [], 'extras': [], 'rate_id': 35523, 'deals': [], 'cancellation_type': 'free', 'credit_card': 1, 'bonus': 616, 'miles': 244, 'min_stay': 1, 'mircashback': 308}]",3080.0,244,666214_101hotels,2025-05-12
2274112,,Апартаменты Луна,2,0,0,1,Двухместный,2,1,[{'double': 1}],[],"[{'id': 789125, 'force_prepayment': 0, 'capacity': 1, 'prepayment': 'FULL', 'nonrefundable': 0, 'cancellation_period': 0, 'cancellation_fee': 'NO', 'breakfast': 0, 'base_price': 3360, 'prices': [3360], 'price': 3360, 'old_price': 3360, 'currency': 'RUB', 'payment_amount': 3360, 'extras_variants': [], 'extras': [], 'rate_id': 35523, 'deals': [], 'cancellation_type': 'free', 'credit_card': 1, 'bonus': 672, 'miles': 268, 'min_stay': 1, 'mircashback': 336}, {'id': 789126, 'force_prepayment': 0, 'capacity': 2, 'prepayment': 'FULL', 'nonrefundable': 0, 'cancellation_period': 0, 'cancellation_fee': 'NO', 'breakfast': 0, 'base_price': 3360, 'prices': [3360], 'price': 3360, 'old_price': 3360, 'currency': 'RUB', 'payment_amount': 3360, 'extras_variants': [], 'extras': [], 'rate_id': 35523, 'deals': [], 'cancellation_type': 'free', 'credit_card': 1, 'bonus': 672, 'miles': 268, 'min_stay': 1, 'mircashback': 336}]",3360.0,268,666214_101hotels,2025-05-12
2279071,,ПЛОМБИР в центре города,4,2,0,1,Апартаменты,14,1,"[{'double': 1, '2-tier': 1, 'sofa': 1}]","[{'number': '3', 'min_age': '0', 'max_age': '7', 'is_extra_bed': '0', 'extra_bed_type_id': '0'}]","[{'id': 845052, 'force_prepayment': 0, 'capacity': 1, 'prepayment': 'FULL', 'nonrefundable': 0, 'cancellation_period': 0, 'cancellation_fee': 'NO', 'breakfast': 0, 'base_price': 3660, 'prices': [3660], 'price': 3111, 'old_price': 3660, 'currency': 'RUB', 'payment_amount': 3660, 'extras_variants': [], 'extras': [], 'rate_id': 38255, 'deals': ['BASE'], 'cancellation_type': 'free', 'credit_card': 1, 'bonus': 622, 'miles': 248, 'min_stay': 1, 'mircashback': 311}, {'id': 845053, 'force_prepayment': 0, 'capacity': 2, 'prepayment': 'FULL', 'nonrefundable': 0, 'cancellation_period': 0, 'cancellation_fee': 'NO', 'breakfast': 0, 'base_price': 3660, 'prices': [3660], 'price': 3111, 'old_price': 3660, 'currency': 'RUB', 'payment_amount': 3660, 'extras_variants': [], 'extras': [], 'rate_id': 38255, 'deals': ['BASE'], 'cancellation_type': 'free', 'credit_card': 1, 'bonus': 622, 'miles': 248, 'min_stay': 1, 'mircashback': 311}, {'id': 845054, 'force_prepayment': 0, 'capacity': 3, 'prepayment': 'FULL', 'nonrefundable': 0, 'cancellation_period': 0, 'cancellation_fee': 'NO', 'breakfast': 0, 'base_price': 3660, 'prices': [3660], 'price': 3111, 'old_price': 3660, 'currency': 'RUB', 'payment_amount': 3660, 'extras_variants': [], 'extras': [], 'rate_id': 38255, 'deals': ['BASE'], 'cancellation_type': 'free', 'credit_card': 1, 'bonus': 622, 'miles': 248, 'min_stay': 1, 'mircashback': 311}, {'id': 845055, 'force_prepayment': 0, 'capacity': 4, 'prepayment': 'FULL', 'nonrefundable': 0, 'cancellation_period': 0, 'cancellation_fee': 'NO', 'breakfast': 0, 'base_price': 3660, 'prices': [3660], 'price': 3111, 'old_price': 3660, 'currency': 'RUB', 'payment_amount': 3660, 'extras_variants': [], 'extras': [], 'rate_id': 38255, 'deals': ['BASE'], 'cancellation_type': 'free', 'credit_card': 1, 'bonus': 622, 'miles': 248, 'min_stay': 1, 'mircashback': 311}]",3111.0,248,667606_101hotels,2025-05-12
2287504,,Уютные около Аэропорта,6,0,0,1,Апартаменты,14,1,"[{'double': 1, 'sofa': 2}]",[],"[{'id': 934088, 'force_prepayment': 0, 'capacity': 1, 'prepayment': 'FULL', 'nonrefundable': 0, 'cancellation_period': 0, 'cancellation_fee': 'NO', 'breakfast': 0, 'base_price': 4320, 'prices': [4320], 'price': 4320, 'old_price': 4320, 'currency': 'RUB', 'payment_amount': 4320, 'extras_variants': [], 'extras': [], 'rate_id': 43230, 'deals': [], 'cancellation_type': 'free', 'credit_card': 1, 'bonus': 864, 'miles': 344, 'min_stay': 1, 'mircashback': 432}, {'id': 934089, 'force_prepayment': 0, 'capacity': 2, 'prepayment': 'FULL', 'nonrefundable': 0, 'cancellation_period': 0, 'cancellation_fee': 'NO', 'breakfast': 0, 'base_price': 4320, 'prices': [4320], 'price': 4320, 'old_price': 4320, 'currency': 'RUB', 'payment_amount': 4320, 'extras_variants': [], 'extras': [], 'rate_id': 43230, 'deals': [], 'cancellation_type': 'free', 'credit_card': 1, 'bonus': 864, 'miles': 344, 'min_stay': 1, 'mircashback': 432}, {'id': 934090, 'force_prepayment': 0, 'capacity': 3, 'prepayment': 'FULL', 'nonrefundable': 0, 'cancellation_period': 0, 'cancellation_fee': 'NO', 'breakfast': 0, 'base_price': 4570, 'prices': [4570], 'price': 4570, 'old_price': 4570, 'currency': 'RUB', 'payment_amount': 4570, 'extras_variants': [], 'extras': [], 'rate_id': 43230, 'deals': [], 'cancellation_type': 'free', 'credit_card': 1, 'bonus': 914, 'miles': 364, 'min_stay': 1, 'mircashback': 457}, {'id': 934091, 'force_prepayment': 0, 'capacity': 4, 'prepayment': 'FULL', 'nonrefundable': 0, 'cancellation_period': 0, 'cancellation_fee': 'NO', 'breakfast': 0, 'base_price': 4820, 'prices': [4820], 'price': 4820, 'old_price': 4820, 'currency': 'RUB', 'payment_amount': 4820, 'extras_variants': [], 'extras': [], 'rate_id': 43230, 'deals': [], 'cancellation_type': 'free', 'credit_card': 1, 'bonus': 964, 'miles': 384, 'min_stay': 1, 'mircashback': 482}, {'id': 934092, 'force_prepayment': 0, 'capacity': 5, 'prepayment': 'FULL', 'nonrefundable': 0, 'cancellation_period': 0, 'cancellation_fee': 'NO', 'breakfast': 0, 'base_price': 5070, 'prices': [5070], 'price': 5070, 'old_price': 5070, 'currency': 'RUB', 'payment_amount': 5070, 'extras_variants': [], 'extras': [], 'rate_id': 43230, 'deals': [], 'cancellation_type': 'free', 'credit_card': 1, 'bonus': 1014, 'miles': 404, 'min_stay': 1, 'mircashback': 507}, {'id': 934093, 'force_prepayment': 0, 'capacity': 6, 'prepayment': 'FULL', 'nonrefundable': 0, 'cancellation_period': 0, 'cancellation_fee': 'NO', 'breakfast': 0, 'base_price': 5320, 'prices': [5320], 'price': 5320, 'old_price': 5320, 'currency': 'RUB', 'payment_amount': 5320, 'extras_variants': [], 'extras': [], 'rate_id': 43230, 'deals': [], 'cancellation_type': 'free', 'credit_card': 1, 'bonus': 1064, 'miles': 424, 'min_stay': 1, 'mircashback': 532}]",4320.0,344,670094_101hotels,2025-05-12
2287531,,Уютные апартаменты,6,0,0,1,Шестиместный,36,1,"[{'double': 1, 'sofa': 2}]",[],"[{'id': 934277, 'force_prepayment': 0, 'capacity': 1, 'prepayment': 'FULL', 'nonrefundable': 0, 'cancellation_period': 0, 'cancellation_fee': 'NO', 'breakfast': 0, 'base_price': 3900, 'prices': [3900], 'price': 3900, 'old_price': 3900, 'currency': 'RUB', 'payment_amount': 3900, 'extras_variants': [], 'extras': [], 'rate_id': 43248, 'deals': [], 'cancellation_type': 'free', 'credit_card': 1, 'bonus': 780, 'miles': 312, 'min_stay': 1, 'mircashback': 390}, {'id': 934278, 'force_prepayment': 0, 'capacity': 2, 'prepayment': 'FULL', 'nonrefundable': 0, 'cancellation_period': 0, 'cancellation_fee': 'NO', 'breakfast': 0, 'base_price': 3900, 'prices': [3900], 'price': 3900, 'old_price': 3900, 'currency': 'RUB', 'payment_amount': 3900, 'extras_variants': [], 'extras': [], 'rate_id': 43248, 'deals': [], 'cancellation_type': 'free', 'credit_card': 1, 'bonus': 780, 'miles': 312, 'min_stay': 1, 'mircashback': 390}, {'id': 934279, 'force_prepayment': 0, 'capacity': 3, 'prepayment': 'FULL', 'nonrefundable': 0, 'cancellation_period': 0, 'cancellation_fee': 'NO', 'breakfast': 0, 'base_price': 4050, 'prices': [4050], 'price': 4050, 'old_price': 4050, 'currency': 'RUB', 'payment_amount': 4050, 'extras_variants': [], 'extras': [], 'rate_id': 43248, 'deals': [], 'cancellation_type': 'free', 'credit_card': 1, 'bonus': 810, 'miles': 324, 'min_stay': 1, 'mircashback': 405}, {'id': 934280, 'force_prepayment': 0, 'capacity': 4, 'prepayment': 'FULL', 'nonrefundable': 0, 'cancellation_period': 0, 'cancellation_fee': 'NO', 'breakfast': 0, 'base_price': 4200, 'prices': [4200], 'price': 4200, 'old_price': 4200, 'currency': 'RUB', 'payment_amount': 4200, 'extras_variants': [], 'extras': [], 'rate_id': 43248, 'deals': [], 'cancellation_type': 'free', 'credit_card': 1, 'bonus': 840, 'miles': 336, 'min_stay': 1, 'mircashback': 420}, {'id': 934281, 'force_prepayment': 0, 'capacity': 5, 'prepayment': 'FULL', 'nonrefundable': 0, 'cancellation_period': 0, 'cancellation_fee': 'NO', 'breakfast': 0, 'base_price': 4350, 'prices': [4350], 'price': 4350, 'old_price': 4350, 'currency': 'RUB', 'payment_amount': 4350, 'extras_variants': [], 'extras': [], 'rate_id': 43248, 'deals': [], 'cancellation_type': 'free', 'credit_card': 1, 'bonus': 870, 'miles': 348, 'min_stay': 1, 'mircashback': 435}, {'id': 934282, 'force_prepayment': 0, 'capacity': 6, 'prepayment': 'FULL', 'nonrefundable': 0, 'cancellation_period': 0, 'cancellation_fee': 'NO', 'breakfast': 0, 'base_price': 4500, 'prices': [4500], 'price': 4500, 'old_price': 4500, 'currency': 'RUB', 'payment_amount': 4500, 'extras_variants': [], 'extras': [], 'rate_id': 43248, 'deals': [], 'cancellation_type': 'free', 'credit_card': 1, 'bonus': 900, 'miles': 360, 'min_stay': 1, 'mircashback': 450}]",3900.0,312,670102_101hotels,2025-05-12
2288633,,Forest,2,0,0,1,Апартаменты,14,1,[{'double': 1}],"[{'number': '1', 'min_age': '0', 'max_age': '5', 'is_extra_bed': '0', 'extra_bed_type_id': '0'}]","[{'id': 951710, 'force_prepayment': 0, 'capacity': 1, 'prepayment': 'FULL', 'nonrefundable': 0, 'cancellation_period': 0, 'cancellation_fee': 'NO', 'breakfast': 0, 'base_price': 3094, 'prices': [3094], 'price': 3094, 'old_price': 3094, 'currency': 'RUB', 'payment_amount': 3094, 'extras_variants': [], 'extras': [], 'rate_id': 44422, 'deals': [], 'cancellation_type': 'free', 'credit_card': 1, 'bonus': 619, 'miles': 244, 'min_stay': 1, 'mircashback': 309}, {'id': 951712, 'force_prepayment': 0, 'capacity': 1, 'prepayment': 'FULL', 'nonrefundable': 0, 'cancellation_period': 0, 'cancellation_fee': 'NO', 'breakfast': 0, 'base_price': 3094, 'prices': [3094], 'price': 3094, 'old_price': 3094, 'currency': 'RUB', 'payment_amount': 3094, 'extras_variants': [], 'extras': [], 'rate_id': 44423, 'deals': [], 'cancellation_type': 'free', 'credit_card': 1, 'bonus': 619, 'miles': 244, 'min_stay': 1, 'mircashback': 309}, {'id': 951711, 'force_prepayment': 0, 'capacity': 2, 'prepayment': 'FULL', 'nonrefundable': 0, 'cancellation_period': 0, 'cancellation_fee': 'NO', 'breakfast': 0, 'base_price': 3094, 'prices': [3094], 'price': 3094, 'old_price': 3094, 'currency': 'RUB', 'payment_amount': 3094, 'extras_variants': [], 'extras': [], 'rate_id': 44422, 'deals': [], 'cancellation_type': 'free', 'credit_card': 1, 'bonus': 619, 'miles': 244, 'min_stay': 1, 'mircashback': 309}, {'id': 951713, 'force_prepayment': 0, 'capacity': 2, 'prepayment': 'FULL', 'nonrefundable': 0, 'cancellation_period': 0, 'cancellation_fee': 'NO', 'breakfast': 0, 'base_price': 3094, 'prices': [3094], 'price': 3094, 'old_price': 3094, 'currency': 'RUB', 'payment_amount': 3094, 'extras_variants': [], 'extras': [], 'rate_id': 44423, 'deals': [], 'cancellation_type': 'free', 'credit_card': 1, 'bonus': 619, 'miles': 244, 'min_stay': 1, 'mircashback': 309}]",3094.0,244,670249_101hotels,2025-05-12
2289882,,Пушкино 2,2,2,0,1,Апартаменты,14,1,[{'double': 1}],"[{'number': '2', 'min_age': '0', 'max_age': '18', 'is_extra_bed': '1', 'extra_bed_type_id': '1'}]","[{'id': 955454, 'force_prepayment': 0, 'capacity': 1, 'prepayment': 'FULL', 'nonrefundable': 0, 'cancellation_period': 0, 'cancellation_fee': 'NO', 'breakfast': 0, 'base_price': 3761, 'prices': [3761], 'price': 3761, 'old_price': 3761, 'currency': 'RUB', 'payment_amount': 3761, 'extras_variants': [], 'extras': [], 'rate_id': 44723, 'deals': [], 'cancellation_type': 'free', 'credit_card': 1, 'bonus': 752, 'miles': 300, 'min_stay': 1, 'mircashback': 376}, {'id': 955456, 'force_prepayment': 0, 'capacity': 1, 'prepayment': 'FULL', 'nonrefundable': 0, 'cancellation_period': 0, 'cancellation_fee': 'NO', 'breakfast': 0, 'base_price': 3761, 'prices': [3761], 'price': 3761, 'old_price': 3761, 'currency': 'RUB', 'payment_amount': 3761, 'extras_variants': [], 'extras': [], 'rate_id': 44724, 'deals': [], 'cancellation_type': 'free', 'credit_card': 1, 'bonus': 752, 'miles': 300, 'min_stay': 1, 'mircashback': 376}, {'id': 955455, 'force_prepayment': 0, 'capacity': 2, 'prepayment': 'FULL', 'nonrefundable': 0, 'cancellation_period': 0, 'cancellation_fee': 'NO', 'breakfast': 0, 'base_price': 3761, 'prices': [3761], 'price': 3761, 'old_price': 3761, 'currency': 'RUB', 'payment_amount': 3761, 'extras_variants': [], 'extras': [], 'rate_id': 44723, 'deals': [], 'cancellation_type': 'free', 'credit_card': 1, 'bonus': 752, 'miles': 300, 'min_stay': 1, 'mircashback': 376}, {'id': 955457, 'force_prepayment': 0, 'capacity': 2, 'prepayment': 'FULL', 'nonrefundable': 0, 'cancellation_period': 0, 'cancellation_fee': 'NO', 'breakfast': 0, 'base_price': 3761, 'prices': [3761], 'price': 3761, 'old_price': 3761, 'currency': 'RUB', 'payment_amount': 3761, 'extras_variants': [], 'extras': [], 'rate_id': 44724, 'deals': [], 'cancellation_type': 'free', 'credit_card': 1, 'bonus': 752, 'miles': 300, 'min_stay': 1, 'mircashback': 376}]",3761.0,300,670168_101hotels,2025-05-12
2289886,,Апартаменты City Cpace,2,3,0,1,Двухместный,2,1,"[{'double': 1, 'sofa': 1, 'f-chair': 1}]","[{'number': '2', 'min_age': '0', 'max_age': '18', 'is_extra_bed': '1', 'extra_bed_type_id': '1'}]","[{'id': 955469, 'force_prepayment': 0, 'capacity': 1, 'prepayment': 'FULL', 'nonrefundable': 0, 'cancellation_period': 0, 'cancellation_fee': 'NO', 'breakfast': 0, 'base_price': 4366, 'prices': [4366], 'price': 4366, 'old_price': 4366, 'currency': 'RUB', 'payment_amount': 4366, 'extras_variants': [], 'extras': [], 'rate_id': 44726, 'deals': [], 'cancellation_type': 'free', 'credit_card': 1, 'bonus': 873, 'miles': 348, 'min_stay': 1, 'mircashback': 437}, {'id': 955470, 'force_prepayment': 0, 'capacity': 2, 'prepayment': 'FULL', 'nonrefundable': 0, 'cancellation_period': 0, 'cancellation_fee': 'NO', 'breakfast': 0, 'base_price': 4366, 'prices': [4366], 'price': 4366, 'old_price': 4366, 'currency': 'RUB', 'payment_amount': 4366, 'extras_variants': [], 'extras': [], 'rate_id': 44726, 'deals': [], 'cancellation_type': 'free', 'credit_card': 1, 'bonus': 873, 'miles': 348, 'min_stay': 1, 'mircashback': 437}]",4366.0,348,669839_101hotels,2025-05-12
2286293,,Пушкино,2,2,0,1,Апартаменты,14,1,"[{'double': 1, 'sofa': 1}]","[{'number': '2', 'min_age': '0', 'max_age': '18', 'is_extra_bed': '1', 'extra_bed_type_id': '1'}]","[{'id': 955488, 'force_prepayment': 0, 'capacity': 1, 'prepayment': 'FULL', 'nonrefundable': 0, 'cancellation_period': 0, 'cancellation_fee': 'NO', 'breakfast': 0, 'base_price': 3804, 'prices': [3804], 'price': 3804, 'old_price': 3804, 'currency': 'RUB', 'payment_amount': 3804, 'extras_variants': [], 'extras': [], 'rate_id': 44729, 'deals': [], 'cancellation_type': 'free', 'credit_card': 1, 'bonus': 761, 'miles': 304, 'min_stay': 1, 'mircashback': 380}, {'id': 955489, 'force_prepayment': 0, 'capacity': 2, 'prepayment': 'FULL', 'nonrefundable': 0, 'cancellation_period': 0, 'cancellation_fee': 'NO', 'breakfast': 0, 'base_price': 3804, 'prices': [3804], 'price': 3804, 'old_price': 3804, 'currency': 'RUB', 'payment_amount': 3804, 'extras_variants': [], 'extras': [], 'rate_id': 44729, 'deals': [], 'cancellation_type': 'free', 'credit_card': 1, 'bonus': 761, 'miles': 304, 'min_stay': 1, 'mircashback': 380}]",3804.0,304,669769_101hotels,2025-05-12
2290063,,Новая студия Гладь,2,1,0,1,Двухместный,2,1,"[{'single': 2, 'f-chair': 1}]","[{'number': '1', 'min_age': '0', 'max_age': '18', 'is_extra_bed': '1', 'extra_bed_type_id': '2'}]","[{'id': 965216, 'force_prepayment': 0, 'capacity': 1, 'prepayment': 'FULL', 'nonrefundable': 0, 'cancellation_period': 0, 'cancellation_fee': 'NO', 'breakfast': 0, 'base_price': 2988, 'prices': [2988], 'price': 2988, 'old_price': 2988, 'currency': 'RUB', 'payment_amount': 2988, 'extras_variants': [], 'extras': [], 'rate_id': 45396, 'deals': [], 'cancellation_type': 'free', 'credit_card': 1, 'bonus': 598, 'miles': 236, 'min_stay': 1, 'mircashback': 299}, {'id': 965217, 'force_prepayment': 0, 'capacity': 2, 'prepayment': 'FULL', 'nonrefundable': 0, 'cancellation_period': 0, 'cancellation_fee': 'NO', 'breakfast': 0, 'base_price': 2988, 'prices': [2988], 'price': 2988, 'old_price': 2988, 'currency': 'RUB', 'payment_amount': 2988, 'extras_variants': [], 'extras': [], 'rate_id': 45396, 'deals': [], 'cancellation_type': 'free', 'credit_card': 1, 'bonus': 598, 'miles': 236, 'min_stay': 1, 'mircashback': 299}]",2988.0,236,670703_101hotels,2025-05-12
2293405,,Апартаменты НЕБО 5 мин от центра города,4,0,0,1,Апартаменты,14,1,"[{'double': 1, 'sofa': 1}]","[{'number': '2', 'min_age': '0', 'max_age': '7', 'is_extra_bed': '0', 'extra_bed_type_id': '0'}]","[{'id': 982787, 'force_prepayment': 0, 'capacity': 1, 'prepayment': 'FULL', 'nonrefundable': 0, 'cancellation_period': 0, 'cancellation_fee': 'NO', 'breakfast': 0, 'base_price': 3050, 'prices': [3050], 'price': 2592.5, 'old_price': 3050, 'currency': 'RUB', 'payment_amount': 3050, 'extras_variants': [], 'extras': [], 'rate_id': 46729, 'deals': ['BASE'], 'cancellation_type': 'free', 'credit_card': 1, 'bonus': 519, 'miles': 204, 'min_stay': 1, 'mircashback': 259}, {'id': 982788, 'force_prepayment': 0, 'capacity': 2, 'prepayment': 'FULL', 'nonrefundable': 0, 'cancellation_period': 0, 'cancellation_fee': 'NO', 'breakfast': 0, 'base_price': 3050, 'prices': [3050], 'price': 2592.5, 'old_price': 3050, 'currency': 'RUB', 'payment_amount': 3050, 'extras_variants': [], 'extras': [], 'rate_id': 46729, 'deals': ['BASE'], 'cancellation_type': 'free', 'credit_card': 1, 'bonus': 519, 'miles': 204, 'min_stay': 1, 'mircashback': 259}, {'id': 982789, 'force_prepayment': 0, 'capacity': 3, 'prepayment': 'FULL', 'nonrefundable': 0, 'cancellation_period': 0, 'cancellation_fee': 'NO', 'breakfast': 0, 'base_price': 3050, 'prices': [3050], 'price': 2592.5, 'old_price': 3050, 'currency': 'RUB', 'payment_amount': 3050, 'extras_variants': [], 'extras': [], 'rate_id': 46729, 'deals': ['BASE'], 'cancellation_type': 'free', 'credit_card': 1, 'bonus': 519, 'miles': 204, 'min_stay': 1, 'mircashback': 259}, {'id': 982790, 'force_prepayment': 0, 'capacity': 4, 'prepayment': 'FULL', 'nonrefundable': 0, 'cancellation_period': 0, 'cancellation_fee': 'NO', 'breakfast': 0, 'base_price': 3050, 'prices': [3050], 'price': 2592.5, 'old_price': 3050, 'currency': 'RUB', 'payment_amount': 3050, 'extras_variants': [], 'extras': [], 'rate_id': 46729, 'deals': ['BASE'], 'cancellation_type': 'free', 'credit_card': 1, 'bonus': 519, 'miles': 204, 'min_stay': 1, 'mircashback': 259}]",2592.5,204,671641_101hotels,2025-05-12
2295773,,,2,0,0,1,Двухместный,2,1,[{'sofa': 1}],[],"[{'id': 1005601, 'force_prepayment': 0, 'capacity': 1, 'prepayment': 'FULL', 'nonrefundable': 0, 'cancellation_period': 0, 'cancellation_fee': 'NO', 'breakfast': 0, 'base_price': 2450, 'prices': [2450], 'price': 2450, 'old_price': 2450, 'currency': 'RUB', 'payment_amount': 2450, 'extras_variants': [], 'extras': [], 'rate_id': 48230, 'deals': [], 'cancellation_type': 'free', 'credit_card': 1, 'bonus': 490, 'miles': 196, 'min_stay': 1, 'mircashback': 245}, {'id': 1005602, 'force_prepayment': 0, 'capacity': 2, 'prepayment': 'FULL', 'nonrefundable': 0, 'cancellation_period': 0, 'cancellation_fee': 'NO', 'breakfast': 0, 'base_price': 2450, 'prices': [2450], 'price': 2450, 'old_price': 2450, 'currency': 'RUB', 'payment_amount': 2450, 'extras_variants': [], 'extras': [], 'rate_id': 48230, 'deals': [], 'cancellation_type': 'free', 'credit_card': 1, 'bonus': 490, 'miles': 196, 'min_stay': 1, 'mircashback': 245}]",2450.0,196,672185_101hotels,2025-05-12
2260078,,Койко-место в общем эконом,10,0,1,0,Десятиместный,39,10,[{'2-tier': 5}],[],"[{'id': 690805, 'force_prepayment': 0, 'capacity': 1, 'prepayment': 'FIRST', 'nonrefundable': 0, 'cancellation_period': 1, 'cancellation_fee': 'FIRST', 'breakfast': 0, 'base_price': 750, 'prices': [750], 'price': 750, 'old_price': 750, 'currency': 'RUB', 'payment_amount': 750, 'extras_variants': [], 'extras': [], 'rate_id': 27764, 'deals': [], 'cancellation_type': 'special', 'credit_card': 1, 'bonus': 150, 'miles': 60, 'min_stay': 1, 'mircashback': 75}]",750.0,60,660799_101hotels,2025-05-12
2260079,,Койко-место в 6 номере эконом,6,0,1,0,Шестиместный,36,6,[{'2-tier': 3}],[],"[{'id': 690799, 'force_prepayment': 0, 'capacity': 1, 'prepayment': 'FIRST', 'nonrefundable': 0, 'cancellation_period': 1, 'cancellation_fee': 'FIRST', 'breakfast': 0, 'base_price': 800, 'prices': [800], 'price': 800, 'old_price': 800, 'currency': 'RUB', 'payment_amount': 800, 'extras_variants': [], 'extras': [], 'rate_id': 27764, 'deals': [], 'cancellation_type': 'special', 'credit_card': 1, 'bonus': 160, 'miles': 64, 'min_stay': 1, 'mircashback': 80}]",800.0,64,660799_101hotels,2025-05-12
2260529,,Номер с двуспальной кроватью,2,0,1,1,Полулюкс,4,1,[{'double': 1}],[],"[{'id': 694404, 'force_prepayment': 0, 'capacity': 1, 'prepayment': 'FIRST', 'nonrefundable': 0, 'cancellation_period': 1, 'cancellation_fee': 'FIRST', 'breakfast': 0, 'base_price': 3000, 'prices': [3000], 'price': 3000, 'old_price': 3000, 'currency': 'RUB', 'payment_amount': 3000, 'extras_variants': [], 'extras': [], 'rate_id': 27764, 'deals': [], 'cancellation_type': 'special', 'credit_card': 1, 'bonus': 600, 'miles': 240, 'min_stay': 1, 'mircashback': 300}, {'id': 694405, 'force_prepayment': 0, 'capacity': 2, 'prepayment': 'FIRST', 'nonrefundable': 0, 'cancellation_period': 1, 'cancellation_fee': 'FIRST', 'breakfast': 0, 'base_price': 3000, 'prices': [3000], 'price': 3000, 'old_price': 3000, 'currency': 'RUB', 'payment_amount': 3000, 'extras_variants': [], 'extras': [], 'rate_id': 27764, 'deals': [], 'cancellation_type': 'special', 'credit_card': 1, 'bonus': 600, 'miles': 240, 'min_stay': 1, 'mircashback': 300}]",3000.0,240,660799_101hotels,2025-05-12
2260827,,Койко-место  в женском стандарт (удобства в номере),8,0,1,1,Восьмиместный,38,8,[{'2-tier': 4}],[],"[{'id': 696795, 'force_prepayment': 0, 'capacity': 1, 'prepayment': 'FIRST', 'nonrefundable': 0, 'cancellation_period': 1, 'cancellation_fee': 'FIRST', 'breakfast': 0, 'base_price': 1000, 'prices': [1000], 'price': 1000, 'old_price': 1000, 'currency': 'RUB', 'payment_amount': 1000, 'extras_variants': [], 'extras': [], 'rate_id': 27764, 'deals': [], 'cancellation_type': 'special', 'credit_card': 1, 'bonus': 200, 'miles': 80, 'min_stay': 1, 'mircashback': 100}]",1000.0,80,660799_101hotels,2025-05-12
2260828,,Койко-место в мужском стандарт (удобства в номере),8,0,1,1,Восьмиместный,38,8,[{'2-tier': 4}],[],"[{'id': 696814, 'force_prepayment': 0, 'capacity': 1, 'prepayment': 'FIRST', 'nonrefundable': 0, 'cancellation_period': 1, 'cancellation_fee': 'FIRST', 'breakfast': 0, 'base_price': 1000, 'prices': [1000], 'price': 1000, 'old_price': 1000, 'currency': 'RUB', 'payment_amount': 1000, 'extras_variants': [], 'extras': [], 'rate_id': 27764, 'deals': [], 'cancellation_type': 'special', 'credit_card': 1, 'bonus': 200, 'miles': 80, 'min_stay': 1, 'mircashback': 100}]",1000.0,80,660799_101hotels,2025-05-12
2261235,,Койко-место в стандарт (удобства в номере),10,0,1,1,Десятиместный,39,9,[{'2-tier': 2}],[],"[{'id': 700361, 'force_prepayment': 0, 'capacity': 1, 'prepayment': 'FIRST', 'nonrefundable': 0, 'cancellation_period': 1, 'cancellation_fee': 'FIRST', 'breakfast': 0, 'base_price': 900, 'prices': [900], 'price': 900, 'old_price': 900, 'currency': 'RUB', 'payment_amount': 900, 'extras_variants': [], 'extras': [], 'rate_id': 27764, 'deals': [], 'cancellation_type': 'special', 'credit_card': 1, 'bonus': 180, 'miles': 72, 'min_stay': 1, 'mircashback': 90}]",900.0,72,660799_101hotels,2025-05-12
2288119,,Мужской,4,4,1,0,Четырехместный,34,4,[{'2-tier': 2}],[],"[{'id': 938134, 'force_prepayment': 0, 'capacity': 1, 'prepayment': 'NO', 'nonrefundable': 0, 'cancellation_period': 0, 'cancellation_fee': 'NO', 'breakfast': 0, 'base_price': 800, 'prices': [800], 'price': 800, 'old_price': 800, 'currency': 'RUB', 'payment_amount': 0, 'extras_variants': [], 'extras': [], 'rate_id': 43532, 'deals': [], 'cancellation_type': 'free', 'credit_card': 0, 'bonus': 160, 'miles': 64, 'min_stay': 1, 'mircashback': 80}, {'id': 938135, 'force_prepayment': 0, 'capacity': 1, 'prepayment': 'NO', 'nonrefundable': 0, 'cancellation_period': 0, 'cancellation_fee': 'NO', 'breakfast': 0, 'base_price': 800, 'prices': [800], 'price': 800, 'old_price': 800, 'currency': 'RUB', 'payment_amount': 0, 'extras_variants': [], 'extras': [], 'rate_id': 43533, 'deals': [], 'cancellation_type': 'free', 'credit_card': 0, 'bonus': 160, 'miles': 64, 'min_stay': 1, 'mircashback': 80}]",800.0,64,670144_101hotels,2025-05-12
2288120,,Женский,1,10,0,0,Десятиместный,39,6,[{'2-tier': 2}],[],"[{'id': 938137, 'force_prepayment': 0, 'capacity': 1, 'prepayment': 'NO', 'nonrefundable': 0, 'cancellation_period': 0, 'cancellation_fee': 'NO', 'breakfast': 0, 'base_price': 450, 'prices': [450], 'price': 450, 'old_price': 450, 'currency': 'RUB', 'payment_amount': 0, 'extras_variants': [], 'extras': [], 'rate_id': 43533, 'deals': [], 'cancellation_type': 'free', 'credit_card': 0, 'bonus': 90, 'miles': 36, 'min_stay': 1, 'mircashback': 45}]",450.0,36,670144_101hotels,2025-05-12
2288121,,Многоместный,10,10,1,0,Десятиместный,39,84,[{'2-tier': 5}],[],"[{'id': 938138, 'force_prepayment': 0, 'capacity': 1, 'prepayment': 'NO', 'nonrefundable': 0, 'cancellation_period': 0, 'cancellation_fee': 'NO', 'breakfast': 0, 'base_price': 450, 'prices': [450], 'price': 450, 'old_price': 450, 'currency': 'RUB', 'payment_amount': 0, 'extras_variants': [], 'extras': [], 'rate_id': 43533, 'deals': [], 'cancellation_type': 'free', 'credit_card': 0, 'bonus': 90, 'miles': 36, 'min_stay': 1, 'mircashback': 45}]",450.0,36,670144_101hotels,2025-05-12
2288122,,Женский,4,4,1,0,Четырехместный,34,1,[{'2-tier': 2}],"[{'number': '1', 'min_age': '0', 'max_age': '2', 'is_extra_bed': '0', 'extra_bed_type_id': '0'}]","[{'id': 938136, 'force_prepayment': 0, 'capacity': 1, 'prepayment': 'NO', 'nonrefundable': 0, 'cancellation_period': 0, 'cancellation_fee': 'NO', 'breakfast': 0, 'base_price': 800, 'prices': [800], 'price': 800, 'old_price': 800, 'currency': 'RUB', 'payment_amount': 0, 'extras_variants': [], 'extras': [], 'rate_id': 43533, 'deals': [], 'cancellation_type': 'free', 'credit_card': 0, 'bonus': 160, 'miles': 64, 'min_stay': 1, 'mircashback': 80}]",800.0,64,670144_101hotels,2025-05-12
34486,,Стандарт,1,0,0,1,Одноместный,1,3,[{'single': 1}],[],"[{'id': 496273, 'force_prepayment': 0, 'capacity': 1, 'prepayment': 'FIRST', 'nonrefundable': 0, 'cancellation_period': 0, 'cancellation_fee': 'NO', 'breakfast': 0, 'base_price': 3332, 'prices': [3332], 'price': 3332, 'old_price': 0, 'currency': 'RUB', 'payment_amount': 3332, 'extras_variants': [], 'extras': [], 'rate_id': 14079, 'deals': [], 'cancellation_type': 'free', 'credit_card': 1, 'bonus': 666, 'miles': 264, 'min_stay': 1, 'mircashback': 333}, {'id': 496265, 'force_prepayment': 0, 'capacity': 1, 'prepayment': 'FIRST', 'nonrefundable': 0, 'cancellation_period': 0, 'cancellation_fee': 'NO', 'breakfast': 1, 'base_price': 3808, 'prices': [3808], 'price': 3808, 'old_price': 0, 'currency': 'RUB', 'payment_amount': 3808, 'extras_variants': [], 'extras': [], 'rate_id': 14078, 'deals': [], 'cancellation_type': 'free', 'credit_card': 1, 'bonus': 762, 'miles': 304, 'min_stay': 1, 'mircashback': 381}]",3332.0,264,7178_101hotels,2025-05-12
34488,,Комфорт,2,0,0,1,Двухместный,2,3,"[{'single': 2}, {'double': 1}]",[],"[{'id': 496275, 'force_prepayment': 0, 'capacity': 1, 'prepayment': 'FIRST', 'nonrefundable': 0, 'cancellation_period': 0, 'cancellation_fee': 'NO', 'breakfast': 0, 'base_price': 3808, 'prices': [3808], 'price': 3808, 'old_price': 0, 'currency': 'RUB', 'payment_amount': 3808, 'extras_variants': [], 'extras': [], 'rate_id': 14079, 'deals': [], 'cancellation_type': 'free', 'credit_card': 1, 'bonus': 762, 'miles': 304, 'min_stay': 1, 'mircashback': 381}, {'id': 496267, 'force_prepayment': 0, 'capacity': 1, 'prepayment': 'FIRST', 'nonrefundable': 0, 'cancellation_period': 0, 'cancellation_fee': 'NO', 'breakfast': 1, 'base_price': 4284, 'prices': [4284], 'price': 4284, 'old_price': 0, 'currency': 'RUB', 'payment_amount': 4284, 'extras_variants': [], 'extras': [], 'rate_id': 14078, 'deals': [], 'cancellation_type': 'free', 'credit_card': 1, 'bonus': 857, 'miles': 340, 'min_stay': 1, 'mircashback': 428}, {'id': 496276, 'force_prepayment': 0, 'capacity': 2, 'prepayment': 'FIRST', 'nonrefundable': 0, 'cancellation_period': 0, 'cancellation_fee': 'NO', 'breakfast': 0, 'base_price': 4046, 'prices': [4046], 'price': 4046, 'old_price': 0, 'currency': 'RUB', 'payment_amount': 4046, 'extras_variants': [], 'extras': [], 'rate_id': 14079, 'deals': [], 'cancellation_type': 'free', 'credit_card': 1, 'bonus': 809, 'miles': 320, 'min_stay': 1, 'mircashback': 405}, {'id': 496268, 'force_prepayment': 0, 'capacity': 2, 'prepayment': 'FIRST', 'nonrefundable': 0, 'cancellation_period': 0, 'cancellation_fee': 'NO', 'breakfast': 1, 'base_price': 4998, 'prices': [4998], 'price': 4998, 'old_price': 0, 'currency': 'RUB', 'payment_amount': 4998, 'extras_variants': [], 'extras': [], 'rate_id': 14078, 'deals': [], 'cancellation_type': 'free', 'credit_card': 1, 'bonus': 1000, 'miles': 396, 'min_stay': 1, 'mircashback': 500}]",3808.0,304,7178_101hotels,2025-05-12
34489,,,2,1,0,1,Полулюкс,4,6,"[{'single': 2}, {'double': 1}]",[],"[{'id': 496279, 'force_prepayment': 0, 'capacity': 1, 'prepayment': 'FIRST', 'nonrefundable': 0, 'cancellation_period': 0, 'cancellation_fee': 'NO', 'breakfast': 0, 'base_price': 4284, 'prices': [4284], 'price': 4284, 'old_price': 0, 'currency': 'RUB', 'payment_amount': 4284, 'extras_variants': [], 'extras': [], 'rate_id': 14079, 'deals': [], 'cancellation_type': 'free', 'credit_card': 1, 'bonus': 857, 'miles': 340, 'min_stay': 1, 'mircashback': 428}, {'id': 496271, 'force_prepayment': 0, 'capacity': 1, 'prepayment': 'FIRST', 'nonrefundable': 0, 'cancellation_period': 0, 'cancellation_fee': 'NO', 'breakfast': 1, 'base_price': 4760, 'prices': [4760], 'price': 4760, 'old_price': 0, 'currency': 'RUB', 'payment_amount': 4760, 'extras_variants': [], 'extras': [], 'rate_id': 14078, 'deals': [], 'cancellation_type': 'free', 'credit_card': 1, 'bonus': 952, 'miles': 380, 'min_stay': 1, 'mircashback': 476}, {'id': 496280, 'force_prepayment': 0, 'capacity': 2, 'prepayment': 'FIRST', 'nonrefundable': 0, 'cancellation_period': 0, 'cancellation_fee': 'NO', 'breakfast': 0, 'base_price': 4522, 'prices': [4522], 'price': 4522, 'old_price': 0, 'currency': 'RUB', 'payment_amount': 4522, 'extras_variants': [], 'extras': [], 'rate_id': 14079, 'deals': [], 'cancellation_type': 'free', 'credit_card': 1, 'bonus': 904, 'miles': 360, 'min_stay': 1, 'mircashback': 452}, {'id': 496272, 'force_prepayment': 0, 'capacity': 2, 'prepayment': 'FIRST', 'nonrefundable': 0, 'cancellation_period': 0, 'cancellation_fee': 'NO', 'breakfast': 1, 'base_price': 5474, 'prices': [5474], 'price': 5474, 'old_price': 0, 'currency': 'RUB', 'payment_amount': 5474, 'extras_variants': [], 'extras': [], 'rate_id': 14078, 'deals': [], 'cancellation_type': 'free', 'credit_card': 1, 'bonus': 1095, 'miles': 436, 'min_stay': 1, 'mircashback': 547}]",4284.0,340,7178_101hotels,2025-05-12
128227,,Стандарт,2,0,0,1,Двухместный,2,1,"[{'single': 2}, {'double': 1}]",[],"[{'id': 496277, 'force_prepayment': 0, 'capacity': 1, 'prepayment': 'FIRST', 'nonrefundable': 0, 'cancellation_period': 0, 'cancellation_fee': 'NO', 'breakfast': 0, 'base_price': 3332, 'prices': [3332], 'price': 3332, 'old_price': 0, 'currency': 'RUB', 'payment_amount': 3332, 'extras_variants': [], 'extras': [], 'rate_id': 14079, 'deals': [], 'cancellation_type': 'free', 'credit_card': 1, 'bonus': 666, 'miles': 264, 'min_stay': 1, 'mircashback': 333}, {'id': 496269, 'force_prepayment': 0, 'capacity': 1, 'prepayment': 'FIRST', 'nonrefundable': 0, 'cancellation_period': 0, 'cancellation_fee': 'NO', 'breakfast': 1, 'base_price': 3808, 'prices': [3808], 'price': 3808, 'old_price': 0, 'currency': 'RUB', 'payment_amount': 3808, 'extras_variants': [], 'extras': [], 'rate_id': 14078, 'deals': [], 'cancellation_type': 'free', 'credit_card': 1, 'bonus': 762, 'miles': 304, 'min_stay': 1, 'mircashback': 381}, {'id': 496278, 'force_prepayment': 0, 'capacity': 2, 'prepayment': 'FIRST', 'nonrefundable': 0, 'cancellation_period': 0, 'cancellation_fee': 'NO', 'breakfast': 0, 'base_price': 3570, 'prices': [3570], 'price': 3570, 'old_price': 0, 'currency': 'RUB', 'payment_amount': 3570, 'extras_variants': [], 'extras': [], 'rate_id': 14079, 'deals': [], 'cancellation_type': 'free', 'credit_card': 1, 'bonus': 714, 'miles': 284, 'min_stay': 1, 'mircashback': 357}, {'id': 496270, 'force_prepayment': 0, 'capacity': 2, 'prepayment': 'FIRST', 'nonrefundable': 0, 'cancellation_period': 0, 'cancellation_fee': 'NO', 'breakfast': 1, 'base_price': 4522, 'prices': [4522], 'price': 4522, 'old_price': 0, 'currency': 'RUB', 'payment_amount': 4522, 'extras_variants': [], 'extras': [], 'rate_id': 14078, 'deals': [], 'cancellation_type': 'free', 'credit_card': 1, 'bonus': 904, 'miles': 360, 'min_stay': 1, 'mircashback': 452}]",3332.0,264,7178_101hotels,2025-05-12
2234088,,Стандарт,2,2,0,1,Двухместный,2,1,"[{'double': 1, 'sofa': 1}, {'double': 1, 'single': 2}]",[],"[{'id': 998368, 'force_prepayment': 0, 'capacity': 1, 'prepayment': 'FULL', 'nonrefundable': 0, 'cancellation_period': 3, 'cancellation_fee': 'FIRST', 'breakfast': 0, 'base_price': 3600, 'prices': [3600], 'price': 3600, 'old_price': 3600, 'currency': 'RUB', 'payment_amount': 3600, 'extras_variants': [], 'extras': [], 'rate_id': 47847, 'deals': [], 'cancellation_type': 'special', 'credit_card': 1, 'bonus': 720, 'miles': 288, 'min_stay': 1, 'mircashback': 360}, {'id': 998378, 'force_prepayment': 0, 'capacity': 1, 'prepayment': 'FULL', 'nonrefundable': 0, 'cancellation_period': 3, 'cancellation_fee': 'FIRST', 'breakfast': 1, 'base_price': 4200, 'prices': [4200], 'price': 4200, 'old_price': 4200, 'currency': 'RUB', 'payment_amount': 4200, 'extras_variants': [], 'extras': [], 'rate_id': 47848, 'deals': [], 'cancellation_type': 'special', 'credit_card': 1, 'bonus': 840, 'miles': 336, 'min_stay': 1, 'mircashback': 420}, {'id': 998369, 'force_prepayment': 0, 'capacity': 2, 'prepayment': 'FULL', 'nonrefundable': 0, 'cancellation_period': 3, 'cancellation_fee': 'FIRST', 'breakfast': 0, 'base_price': 4100, 'prices': [4100], 'price': 4100, 'old_price': 4100, 'currency': 'RUB', 'payment_amount': 4100, 'extras_variants': [], 'extras': [], 'rate_id': 47847, 'deals': [], 'cancellation_type': 'special', 'credit_card': 1, 'bonus': 820, 'miles': 328, 'min_stay': 1, 'mircashback': 410}, {'id': 998379, 'force_prepayment': 0, 'capacity': 2, 'prepayment': 'FULL', 'nonrefundable': 0, 'cancellation_period': 3, 'cancellation_fee': 'FIRST', 'breakfast': 1, 'base_price': 5000, 'prices': [5000], 'price': 5000, 'old_price': 5000, 'currency': 'RUB', 'payment_amount': 5000, 'extras_variants': [], 'extras': [], 'rate_id': 47848, 'deals': [], 'cancellation_type': 'special', 'credit_card': 1, 'bonus': 1000, 'miles': 400, 'min_stay': 1, 'mircashback': 500}]",3600.0,288,654635_101hotels,2025-05-12
2237515,,Стандарт с большой кроватью,2,2,0,1,Двухместный,2,1,"[{'single': 1, 'double': 1}]",[],"[{'id': 998374, 'force_prepayment': 0, 'capacity': 1, 'prepayment': 'FULL', 'nonrefundable': 0, 'cancellation_period': 3, 'cancellation_fee': 'FIRST', 'breakfast': 0, 'base_price': 3600, 'prices': [3600], 'price': 3600, 'old_price': 3600, 'currency': 'RUB', 'payment_amount': 3600, 'extras_variants': [], 'extras': [], 'rate_id': 47847, 'deals': [], 'cancellation_type': 'special', 'credit_card': 1, 'bonus': 720, 'miles': 288, 'min_stay': 1, 'mircashback': 360}, {'id': 998384, 'force_prepayment': 0, 'capacity': 1, 'prepayment': 'FULL', 'nonrefundable': 0, 'cancellation_period': 3, 'cancellation_fee': 'FIRST', 'breakfast': 1, 'base_price': 4200, 'prices': [4200], 'price': 4200, 'old_price': 4200, 'currency': 'RUB', 'payment_amount': 4200, 'extras_variants': [], 'extras': [], 'rate_id': 47848, 'deals': [], 'cancellation_type': 'special', 'credit_card': 1, 'bonus': 840, 'miles': 336, 'min_stay': 1, 'mircashback': 420}, {'id': 998375, 'force_prepayment': 0, 'capacity': 2, 'prepayment': 'FULL', 'nonrefundable': 0, 'cancellation_period': 3, 'cancellation_fee': 'FIRST', 'breakfast': 0, 'base_price': 4100, 'prices': [4100], 'price': 4100, 'old_price': 4100, 'currency': 'RUB', 'payment_amount': 4100, 'extras_variants': [], 'extras': [], 'rate_id': 47847, 'deals': [], 'cancellation_type': 'special', 'credit_card': 1, 'bonus': 820, 'miles': 328, 'min_stay': 1, 'mircashback': 410}, {'id': 998385, 'force_prepayment': 0, 'capacity': 2, 'prepayment': 'FULL', 'nonrefundable': 0, 'cancellation_period': 3, 'cancellation_fee': 'FIRST', 'breakfast': 1, 'base_price': 5000, 'prices': [5000], 'price': 5000, 'old_price': 5000, 'currency': 'RUB', 'payment_amount': 5000, 'extras_variants': [], 'extras': [], 'rate_id': 47848, 'deals': [], 'cancellation_type': 'special', 'credit_card': 1, 'bonus': 1000, 'miles': 400, 'min_stay': 1, 'mircashback': 500}]",3600.0,288,654635_101hotels,2025-05-12
2288431,,С раздельными кроватями,2,0,0,1,Двухместный,2,1,[{'single': 2}],[],"[{'id': 998376, 'force_prepayment': 0, 'capacity': 1, 'prepayment': 'FULL', 'nonrefundable': 0, 'cancellation_period': 3, 'cancellation_fee': 'FIRST', 'breakfast': 0, 'base_price': 3600, 'prices': [3600], 'price': 3600, 'old_price': 3600, 'currency': 'RUB', 'payment_amount': 3600, 'extras_variants': [], 'extras': [], 'rate_id': 47847, 'deals': [], 'cancellation_type': 'special', 'credit_card': 1, 'bonus': 720, 'miles': 288, 'min_stay': 1, 'mircashback': 360}, {'id': 998386, 'force_prepayment': 0, 'capacity': 1, 'prepayment': 'FULL', 'nonrefundable': 0, 'cancellation_period': 3, 'cancellation_fee': 'FIRST', 'breakfast': 1, 'base_price': 4200, 'prices': [4200], 'price': 4200, 'old_price': 4200, 'currency': 'RUB', 'payment_amount': 4200, 'extras_variants': [], 'extras': [], 'rate_id': 47848, 'deals': [], 'cancellation_type': 'special', 'credit_card': 1, 'bonus': 840, 'miles': 336, 'min_stay': 1, 'mircashback': 420}, {'id': 998377, 'force_prepayment': 0, 'capacity': 2, 'prepayment': 'FULL', 'nonrefundable': 0, 'cancellation_period': 3, 'cancellation_fee': 'FIRST', 'breakfast': 0, 'base_price': 4100, 'prices': [4100], 'price': 4100, 'old_price': 4100, 'currency': 'RUB', 'payment_amount': 4100, 'extras_variants': [], 'extras': [], 'rate_id': 47847, 'deals': [], 'cancellation_type': 'special', 'credit_card': 1, 'bonus': 820, 'miles': 328, 'min_stay': 1, 'mircashback': 410}, {'id': 998387, 'force_prepayment': 0, 'capacity': 2, 'prepayment': 'FULL', 'nonrefundable': 0, 'cancellation_period': 3, 'cancellation_fee': 'FIRST', 'breakfast': 1, 'base_price': 5000, 'prices': [5000], 'price': 5000, 'old_price': 5000, 'currency': 'RUB', 'payment_amount': 5000, 'extras_variants': [], 'extras': [], 'rate_id': 47848, 'deals': [], 'cancellation_type': 'special', 'credit_card': 1, 'bonus': 1000, 'miles': 400, 'min_stay': 1, 'mircashback': 500}]",3600.0,288,654635_101hotels,2025-05-12
2259991,,1,2,4,0,1,Апартаменты,14,1,[{'double': 1}],"[{'number': '4', 'min_age': '0', 'max_age': '18', 'is_extra_bed': '1', 'extra_bed_type_id': '2'}]","[{'id': 689157, 'force_prepayment': 0, 'capacity': 1, 'prepayment': 'FULL', 'nonrefundable': 1, 'cancellation_period': 0, 'cancellation_fee': 'FIRST', 'breakfast': 0, 'base_price': 16500, 'prices': [16500], 'price': 16500, 'old_price': 16500, 'currency': 'RUB', 'payment_amount': 16500, 'extras_variants': [], 'extras': [], 'rate_id': 27654, 'deals': [], 'cancellation_type': 'nonrefundable', 'credit_card': 1, 'bonus': 3300, 'miles': 1320, 'min_stay': 1, 'mircashback': 1650}, {'id': 689158, 'force_prepayment': 0, 'capacity': 2, 'prepayment': 'FULL', 'nonrefundable': 1, 'cancellation_period': 0, 'cancellation_fee': 'FIRST', 'breakfast': 0, 'base_price': 16500, 'prices': [16500], 'price': 16500, 'old_price': 16500, 'currency': 'RUB', 'payment_amount': 16500, 'extras_variants': [], 'extras': [], 'rate_id': 27654, 'deals': [], 'cancellation_type': 'nonrefundable', 'credit_card': 1, 'bonus': 3300, 'miles': 1320, 'min_stay': 1, 'mircashback': 1650}]",16500.0,1320,660703_101hotels,2025-05-12
2292954,,№3,2,1,0,1,Апартаменты,14,1,"[{'double': 1, 's-sofa': 1}]",[],"[{'id': 979274, 'force_prepayment': 0, 'capacity': 1, 'prepayment': 'FULL', 'nonrefundable': 1, 'cancellation_period': 0, 'cancellation_fee': 'FIRST', 'breakfast': 0, 'base_price': 16500, 'prices': [16500], 'price': 16500, 'old_price': 16500, 'currency': 'RUB', 'payment_amount': 16500, 'extras_variants': [], 'extras': [], 'rate_id': 27654, 'deals': [], 'cancellation_type': 'nonrefundable', 'credit_card': 1, 'bonus': 3300, 'miles': 1320, 'min_stay': 1, 'mircashback': 1650}, {'id': 979275, 'force_prepayment': 0, 'capacity': 2, 'prepayment': 'FULL', 'nonrefundable': 1, 'cancellation_period': 0, 'cancellation_fee': 'FIRST', 'breakfast': 0, 'base_price': 16500, 'prices': [16500], 'price': 16500, 'old_price': 16500, 'currency': 'RUB', 'payment_amount': 16500, 'extras_variants': [], 'extras': [], 'rate_id': 27654, 'deals': [], 'cancellation_type': 'nonrefundable', 'credit_card': 1, 'bonus': 3300, 'miles': 1320, 'min_stay': 1, 'mircashback': 1650}]",16500.0,1320,660703_101hotels,2025-05-12
2260915,,Люкс,2,1,0,1,Одноместный,1,2,[{'double': 1}],[],"[{'id': 697771, 'force_prepayment': 0, 'capacity': 1, 'prepayment': 'FULL', 'nonrefundable': 0, 'cancellation_period': 0, 'cancellation_fee': 'NO', 'breakfast': 0, 'base_price': 4800, 'prices': [4800], 'price': 4800, 'old_price': 4800, 'currency': 'RUB', 'payment_amount': 4800, 'extras_variants': [], 'extras': [], 'rate_id': 28245, 'deals': [], 'cancellation_type': 'free', 'credit_card': 1, 'bonus': 960, 'miles': 384, 'min_stay': 1, 'mircashback': 480}, {'id': 697772, 'force_prepayment': 0, 'capacity': 2, 'prepayment': 'FULL', 'nonrefundable': 0, 'cancellation_period': 0, 'cancellation_fee': 'NO', 'breakfast': 0, 'base_price': 4800, 'prices': [4800], 'price': 4800, 'old_price': 4800, 'currency': 'RUB', 'payment_amount': 4800, 'extras_variants': [], 'extras': [], 'rate_id': 28245, 'deals': [], 'cancellation_type': 'free', 'credit_card': 1, 'bonus': 960, 'miles': 384, 'min_stay': 1, 'mircashback': 480}]",4800.0,384,661097_101hotels,2025-05-12
2261333,,Трехместный,3,1,0,1,Люкс,6,4,"[{'single': 1, 'double': 1}]",[],"[{'id': 701587, 'force_prepayment': 0, 'capacity': 1, 'prepayment': 'FULL', 'nonrefundable': 0, 'cancellation_period': 0, 'cancellation_fee': 'NO', 'breakfast': 0, 'base_price': 6700, 'prices': [6700], 'price': 6700, 'old_price': 6700, 'currency': 'RUB', 'payment_amount': 6700, 'extras_variants': [], 'extras': [], 'rate_id': 28245, 'deals': [], 'cancellation_type': 'free', 'credit_card': 1, 'bonus': 1340, 'miles': 536, 'min_stay': 1, 'mircashback': 670}, {'id': 701588, 'force_prepayment': 0, 'capacity': 2, 'prepayment': 'FULL', 'nonrefundable': 0, 'cancellation_period': 0, 'cancellation_fee': 'NO', 'breakfast': 0, 'base_price': 6700, 'prices': [6700], 'price': 6700, 'old_price': 6700, 'currency': 'RUB', 'payment_amount': 6700, 'extras_variants': [], 'extras': [], 'rate_id': 28245, 'deals': [], 'cancellation_type': 'free', 'credit_card': 1, 'bonus': 1340, 'miles': 536, 'min_stay': 1, 'mircashback': 670}, {'id': 701589, 'force_prepayment': 0, 'capacity': 3, 'prepayment': 'FULL', 'nonrefundable': 0, 'cancellation_period': 0, 'cancellation_fee': 'NO', 'breakfast': 0, 'base_price': 6700, 'prices': [6700], 'price': 6700, 'old_price': 6700, 'currency': 'RUB', 'payment_amount': 6700, 'extras_variants': [], 'extras': [], 'rate_id': 28245, 'deals': [], 'cancellation_type': 'free', 'credit_card': 1, 'bonus': 1340, 'miles': 536, 'min_stay': 1, 'mircashback': 670}]",6700.0,536,661097_101hotels,2025-05-12
2261340,,Койка эконом,4,0,1,1,Четырехместный,34,23,"[{'single': 4}, {'single': 1}]",[],"[{'id': 701592, 'force_prepayment': 0, 'capacity': 1, 'prepayment': 'FULL', 'nonrefundable': 0, 'cancellation_period': 0, 'cancellation_fee': 'NO', 'breakfast': 0, 'base_price': 2300, 'prices': [2300], 'price': 2300, 'old_price': 2300, 'currency': 'RUB', 'payment_amount': 2300, 'extras_variants': [], 'extras': [], 'rate_id': 28245, 'deals': [], 'cancellation_type': 'free', 'credit_card': 1, 'bonus': 460, 'miles': 184, 'min_stay': 1, 'mircashback': 230}]",2300.0,184,661097_101hotels,2025-05-12
2261345,,Четырехместный,4,1,0,1,Люкс,6,2,"[{'single': 2, 'double': 1}]",[],"[{'id': 701612, 'force_prepayment': 0, 'capacity': 1, 'prepayment': 'FULL', 'nonrefundable': 0, 'cancellation_period': 0, 'cancellation_fee': 'NO', 'breakfast': 0, 'base_price': 8100, 'prices': [8100], 'price': 8100, 'old_price': 8100, 'currency': 'RUB', 'payment_amount': 8100, 'extras_variants': [], 'extras': [], 'rate_id': 28245, 'deals': [], 'cancellation_type': 'free', 'credit_card': 1, 'bonus': 1620, 'miles': 648, 'min_stay': 1, 'mircashback': 810}, {'id': 701613, 'force_prepayment': 0, 'capacity': 2, 'prepayment': 'FULL', 'nonrefundable': 0, 'cancellation_period': 0, 'cancellation_fee': 'NO', 'breakfast': 0, 'base_price': 8100, 'prices': [8100], 'price': 8100, 'old_price': 8100, 'currency': 'RUB', 'payment_amount': 8100, 'extras_variants': [], 'extras': [], 'rate_id': 28245, 'deals': [], 'cancellation_type': 'free', 'credit_card': 1, 'bonus': 1620, 'miles': 648, 'min_stay': 1, 'mircashback': 810}, {'id': 701614, 'force_prepayment': 0, 'capacity': 3, 'prepayment': 'FULL', 'nonrefundable': 0, 'cancellation_period': 0, 'cancellation_fee': 'NO', 'breakfast': 0, 'base_price': 8100, 'prices': [8100], 'price': 8100, 'old_price': 8100, 'currency': 'RUB', 'payment_amount': 8100, 'extras_variants': [], 'extras': [], 'rate_id': 28245, 'deals': [], 'cancellation_type': 'free', 'credit_card': 1, 'bonus': 1620, 'miles': 648, 'min_stay': 1, 'mircashback': 810}, {'id': 701615, 'force_prepayment': 0, 'capacity': 4, 'prepayment': 'FULL', 'nonrefundable': 0, 'cancellation_period': 0, 'cancellation_fee': 'NO', 'breakfast': 0, 'base_price': 8100, 'prices': [8100], 'price': 8100, 'old_price': 8100, 'currency': 'RUB', 'payment_amount': 8100, 'extras_variants': [], 'extras': [], 'rate_id': 28245, 'deals': [], 'cancellation_type': 'free', 'credit_card': 1, 'bonus': 1620, 'miles': 648, 'min_stay': 1, 'mircashback': 810}]",8100.0,648,661097_101hotels,2025-05-12
5726,,Улучшенный Standard,2,1,0,1,Двухместный,2,4,[{'single': 1}],[],"[{'id': 332558, 'force_prepayment': 0, 'capacity': 1, 'prepayment': 'NO', 'nonrefundable': 0, 'cancellation_period': 0, 'cancellation_fee': 'NO', 'breakfast': 1, 'base_price': 7500, 'prices': [7500], 'price': 7500, 'old_price': 7500, 'currency': 'RUB', 'payment_amount': 0, 'extras_variants': [], 'extras': [], 'rate_id': 3907, 'deals': [], 'cancellation_type': 'free', 'credit_card': 0, 'bonus': 1500, 'miles': 600, 'min_stay': 1, 'mircashback': 750}, {'id': 332559, 'force_prepayment': 0, 'capacity': 2, 'prepayment': 'NO', 'nonrefundable': 0, 'cancellation_period': 0, 'cancellation_fee': 'NO', 'breakfast': 1, 'base_price': 8700, 'prices': [8700], 'price': 8700, 'old_price': 8700, 'currency': 'RUB', 'payment_amount': 0, 'extras_variants': [], 'extras': [], 'rate_id': 3907, 'deals': [], 'cancellation_type': 'free', 'credit_card': 0, 'bonus': 1740, 'miles': 696, 'min_stay': 1, 'mircashback': 870}]",7500.0,600,221_101hotels,2025-05-12
5729,,Twin Room,2,1,0,1,Двухместный,2,3,[{'single': 2}],[],"[{'id': 332560, 'force_prepayment': 0, 'capacity': 1, 'prepayment': 'NO', 'nonrefundable': 0, 'cancellation_period': 0, 'cancellation_fee': 'NO', 'breakfast': 1, 'base_price': 7500, 'prices': [7500], 'price': 7500, 'old_price': 7500, 'currency': 'RUB', 'payment_amount': 0, 'extras_variants': [], 'extras': [], 'rate_id': 3907, 'deals': [], 'cancellation_type': 'free', 'credit_card': 0, 'bonus': 1500, 'miles': 600, 'min_stay': 1, 'mircashback': 750}, {'id': 332561, 'force_prepayment': 0, 'capacity': 2, 'prepayment': 'NO', 'nonrefundable': 0, 'cancellation_period': 0, 'cancellation_fee': 'NO', 'breakfast': 1, 'base_price': 8700, 'prices': [8700], 'price': 8700, 'old_price': 8700, 'currency': 'RUB', 'payment_amount': 0, 'extras_variants': [], 'extras': [], 'rate_id': 3907, 'deals': [], 'cancellation_type': 'free', 'credit_card': 0, 'bonus': 1740, 'miles': 696, 'min_stay': 1, 'mircashback': 870}]",7500.0,600,221_101hotels,2025-05-12
5733,,Junior Suite,2,1,0,1,Студио,5,1,[{'double': 1}],[],"[{'id': 332562, 'force_prepayment': 0, 'capacity': 1, 'prepayment': 'NO', 'nonrefundable': 0, 'cancellation_period': 0, 'cancellation_fee': 'NO', 'breakfast': 1, 'base_price': 14600, 'prices': [14600], 'price': 14600, 'old_price': 14600, 'currency': 'RUB', 'payment_amount': 0, 'extras_variants': [], 'extras': [], 'rate_id': 3907, 'deals': [], 'cancellation_type': 'free', 'credit_card': 0, 'bonus': 2920, 'miles': 1168, 'min_stay': 1, 'mircashback': 1460}, {'id': 332563, 'force_prepayment': 0, 'capacity': 2, 'prepayment': 'NO', 'nonrefundable': 0, 'cancellation_period': 0, 'cancellation_fee': 'NO', 'breakfast': 1, 'base_price': 15800, 'prices': [15800], 'price': 15800, 'old_price': 15800, 'currency': 'RUB', 'payment_amount': 0, 'extras_variants': [], 'extras': [], 'rate_id': 3907, 'deals': [], 'cancellation_type': 'free', 'credit_card': 0, 'bonus': 3160, 'miles': 1264, 'min_stay': 1, 'mircashback': 1580}]",14600.0,1168,221_101hotels,2025-05-12
5736,,Main Suite,2,1,0,1,Люкс,6,1,[{'double': 1}],[],"[{'id': 332564, 'force_prepayment': 0, 'capacity': 1, 'prepayment': 'NO', 'nonrefundable': 0, 'cancellation_period': 0, 'cancellation_fee': 'NO', 'breakfast': 1, 'base_price': 18700, 'prices': [18700], 'price': 18700, 'old_price': 18700, 'currency': 'RUB', 'payment_amount': 0, 'extras_variants': [], 'extras': [], 'rate_id': 3907, 'deals': [], 'cancellation_type': 'free', 'credit_card': 0, 'bonus': 3740, 'miles': 1496, 'min_stay': 1, 'mircashback': 1870}, {'id': 332565, 'force_prepayment': 0, 'capacity': 2, 'prepayment': 'NO', 'nonrefundable': 0, 'cancellation_period': 0, 'cancellation_fee': 'NO', 'breakfast': 1, 'base_price': 20000, 'prices': [20000], 'price': 20000, 'old_price': 20000, 'currency': 'RUB', 'payment_amount': 0, 'extras_variants': [], 'extras': [], 'rate_id': 3907, 'deals': [], 'cancellation_type': 'free', 'credit_card': 0, 'bonus': 4000, 'miles': 1600, 'min_stay': 1, 'mircashback': 2000}]",18700.0,1496,221_101hotels,2025-05-12
30777,,"Стандарт, С одной двуспальнной кроватью",2,0,0,1,Двухместный,2,5,[{'double': 1}],[],"[{'id': 41386, 'force_prepayment': 0, 'capacity': 2, 'prepayment': 'FULL', 'nonrefundable': 0, 'cancellation_period': 0, 'cancellation_fee': 'NO', 'breakfast': 0, 'base_price': 1900, 'prices': [1900], 'price': 1900, 'old_price': 1900, 'currency': 'RUB', 'payment_amount': 1900, 'extras_variants': [], 'extras': [], 'rate_id': 0, 'deals': [], 'cancellation_type': 'free', 'credit_card': 1, 'bonus': 380, 'miles': 152, 'min_stay': 1, 'mircashback': 190}]",1900.0,152,6433_101hotels,2025-05-12
30780,,,2,1,0,1,Семейный,44,2,"[{'single': 1, 'double': 1}]",[],"[{'id': 41389, 'force_prepayment': 0, 'capacity': 3, 'prepayment': 'FULL', 'nonrefundable': 0, 'cancellation_period': 0, 'cancellation_fee': 'NO', 'breakfast': 0, 'base_price': 2700, 'prices': [2700], 'price': 2700, 'old_price': 2700, 'currency': 'RUB', 'payment_amount': 2700, 'extras_variants': [], 'extras': [], 'rate_id': 0, 'deals': [], 'cancellation_type': 'free', 'credit_card': 1, 'bonus': 540, 'miles': 216, 'min_stay': 1, 'mircashback': 270}]",2700.0,216,6433_101hotels,2025-05-12
206807,,"Стандарт, С тремя односпальными кроватями",3,0,0,1,Двухместный,2,1,[{'single': 3}],[],"[{'id': 101762, 'force_prepayment': 0, 'capacity': 3, 'prepayment': 'FULL', 'nonrefundable': 0, 'cancellation_period': 0, 'cancellation_fee': 'NO', 'breakfast': 0, 'base_price': 2700, 'prices': [2700], 'price': 2700, 'old_price': 2700, 'currency': 'RUB', 'payment_amount': 2700, 'extras_variants': [], 'extras': [], 'rate_id': 0, 'deals': [], 'cancellation_type': 'free', 'credit_card': 1, 'bonus': 540, 'miles': 216, 'min_stay': 1, 'mircashback': 270}]",2700.0,216,6433_101hotels,2025-05-12
82026,,Double,2,1,0,1,Двухместный,2,2,[{'double': 1}],"[{'number': '1', 'min_age': '0', 'max_age': '7', 'is_extra_bed': '0', 'extra_bed_type_id': '0'}]","[{'id': 713678, 'force_prepayment': 0, 'capacity': 1, 'prepayment': 'NO', 'nonrefundable': 0, 'cancellation_period': 0, 'cancellation_fee': 'NO', 'breakfast': 1, 'base_price': 3200, 'prices': [3200], 'price': 3200, 'old_price': 3200, 'currency': 'RUB', 'payment_amount': 0, 'extras_variants': [], 'extras': [], 'rate_id': 29549, 'deals': [], 'cancellation_type': 'free', 'credit_card': 0, 'bonus': 640, 'miles': 256, 'min_stay': 1, 'mircashback': 320}, {'id': 713679, 'force_prepayment': 0, 'capacity': 2, 'prepayment': 'NO', 'nonrefundable': 0, 'cancellation_period': 0, 'cancellation_fee': 'NO', 'breakfast': 1, 'base_price': 3400, 'prices': [3400], 'price': 3400, 'old_price': 3400, 'currency': 'RUB', 'payment_amount': 0, 'extras_variants': [], 'extras': [], 'rate_id': 29549, 'deals': [], 'cancellation_type': 'free', 'credit_card': 0, 'bonus': 680, 'miles': 272, 'min_stay': 1, 'mircashback': 340}]",3200.0,256,16033_101hotels,2025-05-12
82027,,Койко-место в номере,2,0,1,1,Двухместный,2,5,[{'single': 2}],[],"[{'id': 713680, 'force_prepayment': 0, 'capacity': 1, 'prepayment': 'NO', 'nonrefundable': 0, 'cancellation_period': 0, 'cancellation_fee': 'NO', 'breakfast': 1, 'base_price': 3600, 'prices': [3600], 'price': 3600, 'old_price': 3600, 'currency': 'RUB', 'payment_amount': 0, 'extras_variants': [], 'extras': [], 'rate_id': 29549, 'deals': [], 'cancellation_type': 'free', 'credit_card': 0, 'bonus': 720, 'miles': 288, 'min_stay': 1, 'mircashback': 360}, {'id': 713681, 'force_prepayment': 0, 'capacity': 2, 'prepayment': 'NO', 'nonrefundable': 0, 'cancellation_period': 0, 'cancellation_fee': 'NO', 'breakfast': 1, 'base_price': 3600, 'prices': [3600], 'price': 3600, 'old_price': 3600, 'currency': 'RUB', 'payment_amount': 0, 'extras_variants': [], 'extras': [], 'rate_id': 29549, 'deals': [], 'cancellation_type': 'free', 'credit_card': 0, 'bonus': 720, 'miles': 288, 'min_stay': 1, 'mircashback': 360}]",3600.0,288,16033_101hotels,2025-05-12
82028,,,3,0,0,1,Трехместный,37,3,[{'single': 3}],[],"[{'id': 713682, 'force_prepayment': 0, 'capacity': 1, 'prepayment': 'NO', 'nonrefundable': 0, 'cancellation_period': 0, 'cancellation_fee': 'NO', 'breakfast': 1, 'base_price': 4000, 'prices': [4000], 'price': 4000, 'old_price': 4000, 'currency': 'RUB', 'payment_amount': 0, 'extras_variants': [], 'extras': [], 'rate_id': 29549, 'deals': [], 'cancellation_type': 'free', 'credit_card': 0, 'bonus': 800, 'miles': 320, 'min_stay': 1, 'mircashback': 400}, {'id': 713683, 'force_prepayment': 0, 'capacity': 2, 'prepayment': 'NO', 'nonrefundable': 0, 'cancellation_period': 0, 'cancellation_fee': 'NO', 'breakfast': 1, 'base_price': 4000, 'prices': [4000], 'price': 4000, 'old_price': 4000, 'currency': 'RUB', 'payment_amount': 0, 'extras_variants': [], 'extras': [], 'rate_id': 29549, 'deals': [], 'cancellation_type': 'free', 'credit_card': 0, 'bonus': 800, 'miles': 320, 'min_stay': 1, 'mircashback': 400}, {'id': 713684, 'force_prepayment': 0, 'capacity': 3, 'prepayment': 'NO', 'nonrefundable': 0, 'cancellation_period': 0, 'cancellation_fee': 'NO', 'breakfast': 1, 'base_price': 4000, 'prices': [4000], 'price': 4000, 'old_price': 4000, 'currency': 'RUB', 'payment_amount': 0, 'extras_variants': [], 'extras': [], 'rate_id': 29549, 'deals': [], 'cancellation_type': 'free', 'credit_card': 0, 'bonus': 800, 'miles': 320, 'min_stay': 1, 'mircashback': 400}]",4000.0,320,16033_101hotels,2025-05-12
1336522,,Стандарт с 1-спальной кроватью,1,0,0,1,Одноместный,1,1,[{'single': 1}],[],"[{'id': 379016, 'force_prepayment': 0, 'capacity': 1, 'prepayment': 'FULL', 'nonrefundable': 0, 'cancellation_period': 5, 'cancellation_fee': 'FIRST', 'breakfast': 0, 'base_price': 8600, 'prices': [4300, 4300], 'price': 8600, 'old_price': 8600, 'currency': 'RUB', 'payment_amount': 8600, 'extras_variants': [], 'extras': [], 'rate_id': 6294, 'deals': [], 'cancellation_type': 'special', 'credit_card': 1, 'bonus': 1720, 'miles': 688, 'min_stay': 2, 'mircashback': 860}, {'id': 379914, 'force_prepayment': 0, 'capacity': 1, 'prepayment': 'FULL', 'nonrefundable': 0, 'cancellation_period': 5, 'cancellation_fee': 'FIRST', 'breakfast': 1, 'base_price': 9800, 'prices': [4900, 4900], 'price': 9800, 'old_price': 9800, 'currency': 'RUB', 'payment_amount': 9800, 'extras_variants': [], 'extras': [], 'rate_id': 6325, 'deals': [], 'cancellation_type': 'special', 'credit_card': 1, 'bonus': 1960, 'miles': 784, 'min_stay': 2, 'mircashback': 980}]",8600.0,688,421726_101hotels,2025-05-12
1478819,,Стандартный номер с 2-спальной  кроватью,2,0,0,1,Двухместный,2,1,[{'double': 1}],[],"[{'id': 379020, 'force_prepayment': 0, 'capacity': 1, 'prepayment': 'FULL', 'nonrefundable': 0, 'cancellation_period': 5, 'cancellation_fee': 'FIRST', 'breakfast': 0, 'base_price': 11000, 'prices': [5500, 5500], 'price': 11000, 'old_price': 11000, 'currency': 'RUB', 'payment_amount': 11000, 'extras_variants': [], 'extras': [], 'rate_id': 6294, 'deals': [], 'cancellation_type': 'special', 'credit_card': 1, 'bonus': 2200, 'miles': 880, 'min_stay': 2, 'mircashback': 1100}, {'id': 379918, 'force_prepayment': 0, 'capacity': 1, 'prepayment': 'FULL', 'nonrefundable': 0, 'cancellation_period': 5, 'cancellation_fee': 'FIRST', 'breakfast': 1, 'base_price': 12200, 'prices': [6100, 6100], 'price': 12200, 'old_price': 12200, 'currency': 'RUB', 'payment_amount': 12200, 'extras_variants': [], 'extras': [], 'rate_id': 6325, 'deals': [], 'cancellation_type': 'special', 'credit_card': 1, 'bonus': 2440, 'miles': 976, 'min_stay': 2, 'mircashback': 1220}, {'id': 379021, 'force_prepayment': 0, 'capacity': 2, 'prepayment': 'FULL', 'nonrefundable': 0, 'cancellation_period': 5, 'cancellation_fee': 'FIRST', 'breakfast': 0, 'base_price': 11800, 'prices': [5900, 5900], 'price': 11800, 'old_price': 11800, 'currency': 'RUB', 'payment_amount': 11800, 'extras_variants': [], 'extras': [], 'rate_id': 6294, 'deals': [], 'cancellation_type': 'special', 'credit_card': 1, 'bonus': 2360, 'miles': 944, 'min_stay': 2, 'mircashback': 1180}, {'id': 379919, 'force_prepayment': 0, 'capacity': 2, 'prepayment': 'FULL', 'nonrefundable': 0, 'cancellation_period': 5, 'cancellation_fee': 'FIRST', 'breakfast': 1, 'base_price': 14800, 'prices': [7400, 7400], 'price': 14800, 'old_price': 14800, 'currency': 'RUB', 'payment_amount': 14800, 'extras_variants': [], 'extras': [], 'rate_id': 6325, 'deals': [], 'cancellation_type': 'special', 'credit_card': 1, 'bonus': 2960, 'miles': 1184, 'min_stay': 2, 'mircashback': 1480}]",11000.0,880,421726_101hotels,2025-05-12
1615672,,"Стандартный номер с  2-спальной кроватью, улучшенный",2,1,0,1,Двухместный,2,1,"[{'double': 1, 'f-chair': 1}]",[],"[{'id': 379022, 'force_prepayment': 0, 'capacity': 1, 'prepayment': 'FULL', 'nonrefundable': 0, 'cancellation_period': 5, 'cancellation_fee': 'FIRST', 'breakfast': 0, 'base_price': 11600, 'prices': [5800, 5800], 'price': 11600, 'old_price': 11600, 'currency': 'RUB', 'payment_amount': 11600, 'extras_variants': [], 'extras': [], 'rate_id': 6294, 'deals': [], 'cancellation_type': 'special', 'credit_card': 1, 'bonus': 2320, 'miles': 928, 'min_stay': 2, 'mircashback': 1160}, {'id': 379920, 'force_prepayment': 0, 'capacity': 1, 'prepayment': 'FULL', 'nonrefundable': 0, 'cancellation_period': 5, 'cancellation_fee': 'FIRST', 'breakfast': 1, 'base_price': 13000, 'prices': [6500, 6500], 'price': 13000, 'old_price': 13000, 'currency': 'RUB', 'payment_amount': 13000, 'extras_variants': [], 'extras': [], 'rate_id': 6325, 'deals': [], 'cancellation_type': 'special', 'credit_card': 1, 'bonus': 2600, 'miles': 1040, 'min_stay': 2, 'mircashback': 1300}, {'id': 379023, 'force_prepayment': 0, 'capacity': 2, 'prepayment': 'FULL', 'nonrefundable': 0, 'cancellation_period': 5, 'cancellation_fee': 'FIRST', 'breakfast': 0, 'base_price': 12600, 'prices': [6300, 6300], 'price': 12600, 'old_price': 12600, 'currency': 'RUB', 'payment_amount': 12600, 'extras_variants': [], 'extras': [], 'rate_id': 6294, 'deals': [], 'cancellation_type': 'special', 'credit_card': 1, 'bonus': 2520, 'miles': 1008, 'min_stay': 2, 'mircashback': 1260}, {'id': 379921, 'force_prepayment': 0, 'capacity': 2, 'prepayment': 'FULL', 'nonrefundable': 0, 'cancellation_period': 5, 'cancellation_fee': 'FIRST', 'breakfast': 1, 'base_price': 15600, 'prices': [7800, 7800], 'price': 15600, 'old_price': 15600, 'currency': 'RUB', 'payment_amount': 15600, 'extras_variants': [], 'extras': [], 'rate_id': 6325, 'deals': [], 'cancellation_type': 'special', 'credit_card': 1, 'bonus': 3120, 'miles': 1248, 'min_stay': 2, 'mircashback': 1560}]",11600.0,928,421726_101hotels,2025-05-12
2215955,,"Стандарт, с полутораспальной кроватью",1,0,0,1,Одноместный,1,1,[{'single': 1}],[],"[{'id': 379017, 'force_prepayment': 0, 'capacity': 1, 'prepayment': 'FULL', 'nonrefundable': 0, 'cancellation_period': 5, 'cancellation_fee': 'FIRST', 'breakfast': 0, 'base_price': 9200, 'prices': [4600, 4600], 'price': 9200, 'old_price': 9200, 'currency': 'RUB', 'payment_amount': 9200, 'extras_variants': [], 'extras': [], 'rate_id': 6294, 'deals': [], 'cancellation_type': 'special', 'credit_card': 1, 'bonus': 1840, 'miles': 736, 'min_stay': 2, 'mircashback': 920}, {'id': 379915, 'force_prepayment': 0, 'capacity': 1, 'prepayment': 'FULL', 'nonrefundable': 0, 'cancellation_period': 5, 'cancellation_fee': 'FIRST', 'breakfast': 1, 'base_price': 10800, 'prices': [5400, 5400], 'price': 10800, 'old_price': 10800, 'currency': 'RUB', 'payment_amount': 10800, 'extras_variants': [], 'extras': [], 'rate_id': 6325, 'deals': [], 'cancellation_type': 'special', 'credit_card': 1, 'bonus': 2160, 'miles': 864, 'min_stay': 2, 'mircashback': 1080}]",9200.0,736,421726_101hotels,2025-05-12
2297061,,Номер Комфорт,1,0,0,1,Одноместный,1,2,[{'single': 1}],[],"[{'id': 1016613, 'force_prepayment': 0, 'capacity': 1, 'prepayment': 'FULL', 'nonrefundable': 0, 'cancellation_period': 5, 'cancellation_fee': 'FIRST', 'breakfast': 0, 'base_price': 9600, 'prices': [4800, 4800], 'price': 9600, 'old_price': 9600, 'currency': 'RUB', 'payment_amount': 9600, 'extras_variants': [], 'extras': [], 'rate_id': 6294, 'deals': [], 'cancellation_type': 'special', 'credit_card': 1, 'bonus': 1920, 'miles': 768, 'min_stay': 2, 'mircashback': 960}, {'id': 1016614, 'force_prepayment': 0, 'capacity': 1, 'prepayment': 'FULL', 'nonrefundable': 0, 'cancellation_period': 5, 'cancellation_fee': 'FIRST', 'breakfast': 1, 'base_price': 11200, 'prices': [5600, 5600], 'price': 11200, 'old_price': 11200, 'currency': 'RUB', 'payment_amount': 11200, 'extras_variants': [], 'extras': [], 'rate_id': 6325, 'deals': [], 'cancellation_type': 'special', 'credit_card': 1, 'bonus': 2240, 'miles': 896, 'min_stay': 2, 'mircashback': 1120}]",9600.0,768,421726_101hotels,2025-05-12
2224104,,на 4-х,4,1,0,0,Семейный,44,3,"[{'double': 1, '2-tier': 1}]",[],"[{'id': 346385, 'force_prepayment': 0, 'capacity': 1, 'prepayment': 'NO', 'nonrefundable': 0, 'cancellation_period': 0, 'cancellation_fee': 'NO', 'breakfast': 0, 'base_price': 4000, 'prices': [4000], 'price': 4000, 'old_price': 4000, 'currency': 'RUB', 'payment_amount': 0, 'extras_variants': [], 'extras': [], 'rate_id': 4588, 'deals': [], 'cancellation_type': 'free', 'credit_card': 0, 'bonus': 800, 'miles': 320, 'min_stay': 1, 'mircashback': 400}, {'id': 346386, 'force_prepayment': 0, 'capacity': 2, 'prepayment': 'NO', 'nonrefundable': 0, 'cancellation_period': 0, 'cancellation_fee': 'NO', 'breakfast': 0, 'base_price': 4000, 'prices': [4000], 'price': 4000, 'old_price': 4000, 'currency': 'RUB', 'payment_amount': 0, 'extras_variants': [], 'extras': [], 'rate_id': 4588, 'deals': [], 'cancellation_type': 'free', 'credit_card': 0, 'bonus': 800, 'miles': 320, 'min_stay': 1, 'mircashback': 400}, {'id': 346387, 'force_prepayment': 0, 'capacity': 3, 'prepayment': 'NO', 'nonrefundable': 0, 'cancellation_period': 0, 'cancellation_fee': 'NO', 'breakfast': 0, 'base_price': 5000, 'prices': [5000], 'price': 5000, 'old_price': 5000, 'currency': 'RUB', 'payment_amount': 0, 'extras_variants': [], 'extras': [], 'rate_id': 4588, 'deals': [], 'cancellation_type': 'free', 'credit_card': 0, 'bonus': 1000, 'miles': 400, 'min_stay': 1, 'mircashback': 500}, {'id': 346388, 'force_prepayment': 0, 'capacity': 4, 'prepayment': 'NO', 'nonrefundable': 0, 'cancellation_period': 0, 'cancellation_fee': 'NO', 'breakfast': 0, 'base_price': 5000, 'prices': [5000], 'price': 5000, 'old_price': 5000, 'currency': 'RUB', 'payment_amount': 0, 'extras_variants': [], 'extras': [], 'rate_id': 4588, 'deals': [], 'cancellation_type': 'free', 'credit_card': 0, 'bonus': 1000, 'miles': 400, 'min_stay': 1, 'mircashback': 500}]",4000.0,320,651714_101hotels,2025-05-12
2224112,,Двухместный улучшенный номер,2,0,0,1,Полулюкс,4,2,[{'double': 1}],[],"[{'id': 346389, 'force_prepayment': 0, 'capacity': 1, 'prepayment': 'NO', 'nonrefundable': 0, 'cancellation_period': 0, 'cancellation_fee': 'NO', 'breakfast': 0, 'base_price': 4000, 'prices': [4000], 'price': 4000, 'old_price': 4000, 'currency': 'RUB', 'payment_amount': 0, 'extras_variants': [], 'extras': [], 'rate_id': 4588, 'deals': [], 'cancellation_type': 'free', 'credit_card': 0, 'bonus': 800, 'miles': 320, 'min_stay': 1, 'mircashback': 400}, {'id': 346390, 'force_prepayment': 0, 'capacity': 2, 'prepayment': 'NO', 'nonrefundable': 0, 'cancellation_period': 0, 'cancellation_fee': 'NO', 'breakfast': 0, 'base_price': 4000, 'prices': [4000], 'price': 4000, 'old_price': 4000, 'currency': 'RUB', 'payment_amount': 0, 'extras_variants': [], 'extras': [], 'rate_id': 4588, 'deals': [], 'cancellation_type': 'free', 'credit_card': 0, 'bonus': 800, 'miles': 320, 'min_stay': 1, 'mircashback': 400}]",4000.0,320,651714_101hotels,2025-05-12
2224116,,,2,0,0,0,Двухместный,2,3,[{'2-tier': 2}],[],"[{'id': 346391, 'force_prepayment': 0, 'capacity': 1, 'prepayment': 'NO', 'nonrefundable': 0, 'cancellation_period': 0, 'cancellation_fee': 'NO', 'breakfast': 0, 'base_price': 3000, 'prices': [3000], 'price': 3000, 'old_price': 3000, 'currency': 'RUB', 'payment_amount': 0, 'extras_variants': [], 'extras': [], 'rate_id': 4588, 'deals': [], 'cancellation_type': 'free', 'credit_card': 0, 'bonus': 600, 'miles': 240, 'min_stay': 1, 'mircashback': 300}, {'id': 346392, 'force_prepayment': 0, 'capacity': 2, 'prepayment': 'NO', 'nonrefundable': 0, 'cancellation_period': 0, 'cancellation_fee': 'NO', 'breakfast': 0, 'base_price': 3500, 'prices': [3500], 'price': 3500, 'old_price': 3500, 'currency': 'RUB', 'payment_amount': 0, 'extras_variants': [], 'extras': [], 'rate_id': 4588, 'deals': [], 'cancellation_type': 'free', 'credit_card': 0, 'bonus': 700, 'miles': 280, 'min_stay': 1, 'mircashback': 350}]",3000.0,240,651714_101hotels,2025-05-12
2224117,,Койко-место в номере эконом класса,4,0,1,0,Четырехместный,34,8,[{'2-tier': 2}],[],"[{'id': 347794, 'force_prepayment': 0, 'capacity': 1, 'prepayment': 'NO', 'nonrefundable': 0, 'cancellation_period': 0, 'cancellation_fee': 'NO', 'breakfast': 0, 'base_price': 1500, 'prices': [1500], 'price': 1500, 'old_price': 1500, 'currency': 'RUB', 'payment_amount': 0, 'extras_variants': [], 'extras': [], 'rate_id': 4588, 'deals': [], 'cancellation_type': 'free', 'credit_card': 0, 'bonus': 300, 'miles': 120, 'min_stay': 1, 'mircashback': 150}]",1500.0,120,651714_101hotels,2025-05-12
2297550,,С ПАНОРАМНЫМ ВИДОМ НА ГОРОД,4,0,0,1,Трёхместный и более,3,1,"[{'double': 1, 'sofa': 1}]",[],"[{'id': 1020022, 'force_prepayment': 0, 'capacity': 1, 'prepayment': 'FULL', 'nonrefundable': 0, 'cancellation_period': 0, 'cancellation_fee': 'NO', 'breakfast': 0, 'base_price': 2750, 'prices': [2750], 'price': 2750, 'old_price': 2750, 'currency': 'RUB', 'payment_amount': 2750, 'extras_variants': [], 'extras': [], 'rate_id': 49146, 'deals': [], 'cancellation_type': 'free', 'credit_card': 1, 'bonus': 550, 'miles': 220, 'min_stay': 1, 'mircashback': 275}, {'id': 1020023, 'force_prepayment': 0, 'capacity': 2, 'prepayment': 'FULL', 'nonrefundable': 0, 'cancellation_period': 0, 'cancellation_fee': 'NO', 'breakfast': 0, 'base_price': 2750, 'prices': [2750], 'price': 2750, 'old_price': 2750, 'currency': 'RUB', 'payment_amount': 2750, 'extras_variants': [], 'extras': [], 'rate_id': 49146, 'deals': [], 'cancellation_type': 'free', 'credit_card': 1, 'bonus': 550, 'miles': 220, 'min_stay': 1, 'mircashback': 275}, {'id': 1020024, 'force_prepayment': 0, 'capacity': 3, 'prepayment': 'FULL', 'nonrefundable': 0, 'cancellation_period': 0, 'cancellation_fee': 'NO', 'breakfast': 0, 'base_price': 3050, 'prices': [3050], 'price': 3050, 'old_price': 3050, 'currency': 'RUB', 'payment_amount': 3050, 'extras_variants': [], 'extras': [], 'rate_id': 49146, 'deals': [], 'cancellation_type': 'free', 'credit_card': 1, 'bonus': 610, 'miles': 244, 'min_stay': 1, 'mircashback': 305}, {'id': 1020025, 'force_prepayment': 0, 'capacity': 4, 'prepayment': 'FULL', 'nonrefundable': 0, 'cancellation_period': 0, 'cancellation_fee': 'NO', 'breakfast': 0, 'base_price': 3350, 'prices': [3350], 'price': 3350, 'old_price': 3350, 'currency': 'RUB', 'payment_amount': 3350, 'extras_variants': [], 'extras': [], 'rate_id': 49146, 'deals': [], 'cancellation_type': 'free', 'credit_card': 1, 'bonus': 670, 'miles': 268, 'min_stay': 1, 'mircashback': 335}]",2750.0,220,672603_101hotels,2025-05-12
2281474,,Домик на 4 человека с одной двуспальнаой кроватью,4,0,0,1,Двухместный,2,2,"[{'double': 1, 'sofa': 1}]","[{'number': '1', 'min_age': '0', 'max_age': '7', 'is_extra_bed': '0', 'extra_bed_type_id': '0'}]","[{'id': 868735, 'force_prepayment': 0, 'capacity': 1, 'prepayment': 'FIRST', 'nonrefundable': 0, 'cancellation_period': 3, 'cancellation_fee': 'FIRST', 'breakfast': 0, 'base_price': 8400, 'prices': [8400], 'price': 8400, 'old_price': 8400, 'currency': 'RUB', 'payment_amount': 8400, 'extras_variants': [], 'extras': [], 'rate_id': 39576, 'deals': [], 'cancellation_type': 'special', 'credit_card': 1, 'bonus': 1680, 'miles': 672, 'min_stay': 1, 'mircashback': 840}, {'id': 868736, 'force_prepayment': 0, 'capacity': 2, 'prepayment': 'FIRST', 'nonrefundable': 0, 'cancellation_period': 3, 'cancellation_fee': 'FIRST', 'breakfast': 0, 'base_price': 8400, 'prices': [8400], 'price': 8400, 'old_price': 8400, 'currency': 'RUB', 'payment_amount': 8400, 'extras_variants': [], 'extras': [], 'rate_id': 39576, 'deals': [], 'cancellation_type': 'special', 'credit_card': 1, 'bonus': 1680, 'miles': 672, 'min_stay': 1, 'mircashback': 840}, {'id': 872902, 'force_prepayment': 0, 'capacity': 3, 'prepayment': 'FIRST', 'nonrefundable': 0, 'cancellation_period': 3, 'cancellation_fee': 'FIRST', 'breakfast': 0, 'base_price': 10400, 'prices': [10400], 'price': 10400, 'old_price': 10400, 'currency': 'RUB', 'payment_amount': 10400, 'extras_variants': [], 'extras': [], 'rate_id': 39576, 'deals': [], 'cancellation_type': 'special', 'credit_card': 1, 'bonus': 2080, 'miles': 832, 'min_stay': 1, 'mircashback': 1040}, {'id': 872903, 'force_prepayment': 0, 'capacity': 4, 'prepayment': 'FIRST', 'nonrefundable': 0, 'cancellation_period': 3, 'cancellation_fee': 'FIRST', 'breakfast': 0, 'base_price': 12400, 'prices': [12400], 'price': 12400, 'old_price': 12400, 'currency': 'RUB', 'payment_amount': 12400, 'extras_variants': [], 'extras': [], 'rate_id': 39576, 'deals': [], 'cancellation_type': 'special', 'credit_card': 1, 'bonus': 2480, 'miles': 992, 'min_stay': 1, 'mircashback': 1240}]",8400.0,672,668236_101hotels,2025-05-12
74827,,Первый корпус,1,0,0,1,Одноместный,1,2,[{'single': 1}],[],"[{'id': 815591, 'force_prepayment': 0, 'capacity': 1, 'prepayment': 'FIRST', 'nonrefundable': 1, 'cancellation_period': 0, 'cancellation_fee': 'FIRST', 'breakfast': 4, 'base_price': 21000, 'prices': [10500, 10500], 'price': 21000, 'old_price': 21000, 'currency': 'RUB', 'payment_amount': 10500, 'extras_variants': [], 'extras': [], 'rate_id': 37506, 'deals': [], 'cancellation_type': 'nonrefundable', 'credit_card': 1, 'bonus': 4200, 'miles': 1680, 'min_stay': 2, 'mircashback': 2100}]",21000.0,1680,14064_101hotels,2025-05-12
74828,,Первый корпус,2,0,0,1,Двухместный,2,2,[{'single': 2}],[],"[{'id': 815593, 'force_prepayment': 0, 'capacity': 2, 'prepayment': 'FIRST', 'nonrefundable': 1, 'cancellation_period': 0, 'cancellation_fee': 'FIRST', 'breakfast': 4, 'base_price': 37000, 'prices': [18500, 18500], 'price': 37000, 'old_price': 37000, 'currency': 'RUB', 'payment_amount': 18500, 'extras_variants': [], 'extras': [], 'rate_id': 37506, 'deals': [], 'cancellation_type': 'nonrefundable', 'credit_card': 1, 'bonus': 7400, 'miles': 2960, 'min_stay': 2, 'mircashback': 3700}]",37000.0,2960,14064_101hotels,2025-05-12
74829,,"Двухкомнатный, коттедж секционный",3,1,0,1,Трехместный,37,2,[{'double': 1}],[],"[{'id': 815623, 'force_prepayment': 0, 'capacity': 3, 'prepayment': 'FIRST', 'nonrefundable': 1, 'cancellation_period': 0, 'cancellation_fee': 'FIRST', 'breakfast': 4, 'base_price': 54900, 'prices': [27450, 27450], 'price': 54900, 'old_price': 54900, 'currency': 'RUB', 'payment_amount': 27450, 'extras_variants': [], 'extras': [], 'rate_id': 37506, 'deals': [], 'cancellation_type': 'nonrefundable', 'credit_card': 1, 'bonus': 10980, 'miles': 4392, 'min_stay': 2, 'mircashback': 5490}]",54900.0,4392,14064_101hotels,2025-05-12
74830,,Второй корпус,2,0,0,1,Двухместный,2,2,[{'single': 2}],[],"[{'id': 815595, 'force_prepayment': 0, 'capacity': 2, 'prepayment': 'FIRST', 'nonrefundable': 1, 'cancellation_period': 0, 'cancellation_fee': 'FIRST', 'breakfast': 4, 'base_price': 36600, 'prices': [18300, 18300], 'price': 36600, 'old_price': 36600, 'currency': 'RUB', 'payment_amount': 18300, 'extras_variants': [], 'extras': [], 'rate_id': 37506, 'deals': [], 'cancellation_type': 'nonrefundable', 'credit_card': 1, 'bonus': 7320, 'miles': 2928, 'min_stay': 2, 'mircashback': 3660}]",36600.0,2928,14064_101hotels,2025-05-12
74831,,Второй корпус,3,0,0,1,Трехместный,37,2,[{'single': 3}],[],"[{'id': 815606, 'force_prepayment': 0, 'capacity': 3, 'prepayment': 'FIRST', 'nonrefundable': 1, 'cancellation_period': 0, 'cancellation_fee': 'FIRST', 'breakfast': 4, 'base_price': 54900, 'prices': [27450, 27450], 'price': 54900, 'old_price': 54900, 'currency': 'RUB', 'payment_amount': 27450, 'extras_variants': [], 'extras': [], 'rate_id': 37506, 'deals': [], 'cancellation_type': 'nonrefundable', 'credit_card': 1, 'bonus': 10980, 'miles': 4392, 'min_stay': 2, 'mircashback': 5490}]",54900.0,4392,14064_101hotels,2025-05-12
2271751,,Современный номер стандарт от 2 до 5 человек,4,1,0,1,Студио,5,7,"[{'single': 2, 'sofa': 1}, {'double': 1, 'sofa': 1}]","[{'number': '1', 'min_age': '2', 'max_age': '5', 'is_extra_bed': '0', 'extra_bed_type_id': '0'}]","[{'id': 770147, 'force_prepayment': 0, 'capacity': 1, 'prepayment': 'FULL', 'nonrefundable': 0, 'cancellation_period': 14, 'cancellation_fee': 'FIRST', 'breakfast': 0, 'base_price': 6480, 'prices': [6480], 'price': 6480, 'old_price': 6480, 'currency': 'RUB', 'payment_amount': 6480, 'extras_variants': [], 'extras': [], 'rate_id': 34153, 'deals': [], 'cancellation_type': 'special', 'credit_card': 1, 'bonus': 1296, 'miles': 516, 'min_stay': 1, 'mircashback': 648}, {'id': 770148, 'force_prepayment': 0, 'capacity': 2, 'prepayment': 'FULL', 'nonrefundable': 0, 'cancellation_period': 14, 'cancellation_fee': 'FIRST', 'breakfast': 0, 'base_price': 6480, 'prices': [6480], 'price': 6480, 'old_price': 6480, 'currency': 'RUB', 'payment_amount': 6480, 'extras_variants': [], 'extras': [], 'rate_id': 34153, 'deals': [], 'cancellation_type': 'special', 'credit_card': 1, 'bonus': 1296, 'miles': 516, 'min_stay': 1, 'mircashback': 648}, {'id': 770149, 'force_prepayment': 0, 'capacity': 3, 'prepayment': 'FULL', 'nonrefundable': 0, 'cancellation_period': 14, 'cancellation_fee': 'FIRST', 'breakfast': 0, 'base_price': 8100, 'prices': [8100], 'price': 8100, 'old_price': 8100, 'currency': 'RUB', 'payment_amount': 8100, 'extras_variants': [], 'extras': [], 'rate_id': 34153, 'deals': [], 'cancellation_type': 'special', 'credit_card': 1, 'bonus': 1620, 'miles': 648, 'min_stay': 1, 'mircashback': 810}, {'id': 770150, 'force_prepayment': 0, 'capacity': 4, 'prepayment': 'FULL', 'nonrefundable': 0, 'cancellation_period': 14, 'cancellation_fee': 'FIRST', 'breakfast': 0, 'base_price': 9180, 'prices': [9180], 'price': 9180, 'old_price': 9180, 'currency': 'RUB', 'payment_amount': 9180, 'extras_variants': [], 'extras': [], 'rate_id': 34153, 'deals': [], 'cancellation_type': 'special', 'credit_card': 1, 'bonus': 1836, 'miles': 732, 'min_stay': 1, 'mircashback': 918}]",6480.0,516,665625_101hotels,2025-05-12
46280,,Эконом,1,0,0,0,Одноместный,1,4,[{'single': 1}],[],"[{'id': 937963, 'force_prepayment': 0, 'capacity': 1, 'prepayment': 'NO', 'nonrefundable': 0, 'cancellation_period': 0, 'cancellation_fee': 'NO', 'breakfast': 0, 'base_price': 900, 'prices': [900], 'price': 900, 'old_price': 900, 'currency': 'RUB', 'payment_amount': 0, 'extras_variants': [], 'extras': [], 'rate_id': 42656, 'deals': [], 'cancellation_type': 'free', 'credit_card': 0, 'bonus': 180, 'miles': 72, 'min_stay': 1, 'mircashback': 90}, {'id': 937976, 'force_prepayment': 0, 'capacity': 1, 'prepayment': 'NO', 'nonrefundable': 0, 'cancellation_period': 0, 'cancellation_fee': 'NO', 'breakfast': 1, 'base_price': 1600, 'prices': [1600], 'price': 1600, 'old_price': 1600, 'currency': 'RUB', 'payment_amount': 0, 'extras_variants': [], 'extras': [], 'rate_id': 42655, 'deals': [], 'cancellation_type': 'free', 'credit_card': 0, 'bonus': 320, 'miles': 128, 'min_stay': 1, 'mircashback': 160}]",900.0,72,9394_101hotels,2025-05-12
46282,,Комфорт,1,0,0,1,Одноместный,1,6,[{'single': 1}],[],"[{'id': 937956, 'force_prepayment': 0, 'capacity': 1, 'prepayment': 'NO', 'nonrefundable': 0, 'cancellation_period': 0, 'cancellation_fee': 'NO', 'breakfast': 1, 'base_price': 5000, 'prices': [5000], 'price': 5000, 'old_price': 5000, 'currency': 'RUB', 'payment_amount': 0, 'extras_variants': [], 'extras': [], 'rate_id': 42655, 'deals': [], 'cancellation_type': 'free', 'credit_card': 0, 'bonus': 1000, 'miles': 400, 'min_stay': 1, 'mircashback': 500}]",5000.0,400,9394_101hotels,2025-05-12
46283,,Комфорт улучшенный,1,0,0,1,Одноместный,1,10,[{'single': 1}],[],"[{'id': 937957, 'force_prepayment': 0, 'capacity': 1, 'prepayment': 'NO', 'nonrefundable': 0, 'cancellation_period': 0, 'cancellation_fee': 'NO', 'breakfast': 1, 'base_price': 5700, 'prices': [5700], 'price': 5700, 'old_price': 5700, 'currency': 'RUB', 'payment_amount': 0, 'extras_variants': [], 'extras': [], 'rate_id': 42655, 'deals': [], 'cancellation_type': 'free', 'credit_card': 0, 'bonus': 1140, 'miles': 456, 'min_stay': 1, 'mircashback': 570}]",5700.0,456,9394_101hotels,2025-05-12
46286,,Улучшенный,1,1,0,1,Люкс,6,1,[{'double': 1}],[],"[{'id': 937962, 'force_prepayment': 0, 'capacity': 1, 'prepayment': 'NO', 'nonrefundable': 0, 'cancellation_period': 0, 'cancellation_fee': 'NO', 'breakfast': 1, 'base_price': 8700, 'prices': [8700], 'price': 8700, 'old_price': 8700, 'currency': 'RUB', 'payment_amount': 0, 'extras_variants': [], 'extras': [], 'rate_id': 42655, 'deals': [], 'cancellation_type': 'free', 'credit_card': 0, 'bonus': 1740, 'miles': 696, 'min_stay': 1, 'mircashback': 870}]",8700.0,696,9394_101hotels,2025-05-12
84326,,Стандартный номер с 2 отдельными кроватями,2,0,0,1,Двухместный,2,1,[{'single': 2}],[],"[{'id': 937958, 'force_prepayment': 0, 'capacity': 1, 'prepayment': 'NO', 'nonrefundable': 0, 'cancellation_period': 0, 'cancellation_fee': 'NO', 'breakfast': 1, 'base_price': 5400, 'prices': [5400], 'price': 5400, 'old_price': 5400, 'currency': 'RUB', 'payment_amount': 0, 'extras_variants': [], 'extras': [], 'rate_id': 42655, 'deals': [], 'cancellation_type': 'free', 'credit_card': 0, 'bonus': 1080, 'miles': 432, 'min_stay': 1, 'mircashback': 540}, {'id': 937959, 'force_prepayment': 0, 'capacity': 2, 'prepayment': 'NO', 'nonrefundable': 0, 'cancellation_period': 0, 'cancellation_fee': 'NO', 'breakfast': 1, 'base_price': 5400, 'prices': [5400], 'price': 5400, 'old_price': 5400, 'currency': 'RUB', 'payment_amount': 0, 'extras_variants': [], 'extras': [], 'rate_id': 42655, 'deals': [], 'cancellation_type': 'free', 'credit_card': 0, 'bonus': 1080, 'miles': 432, 'min_stay': 1, 'mircashback': 540}]",5400.0,432,9394_101hotels,2025-05-12
84328,,Номер эконом-класса с 2 отдельными кроватями,2,0,0,0,Двухместный,2,3,[{'single': 2}],[],"[{'id': 937964, 'force_prepayment': 0, 'capacity': 1, 'prepayment': 'NO', 'nonrefundable': 0, 'cancellation_period': 0, 'cancellation_fee': 'NO', 'breakfast': 0, 'base_price': 1800, 'prices': [1800], 'price': 1800, 'old_price': 1800, 'currency': 'RUB', 'payment_amount': 0, 'extras_variants': [], 'extras': [], 'rate_id': 42656, 'deals': [], 'cancellation_type': 'free', 'credit_card': 0, 'bonus': 360, 'miles': 144, 'min_stay': 1, 'mircashback': 180}, {'id': 937960, 'force_prepayment': 0, 'capacity': 1, 'prepayment': 'NO', 'nonrefundable': 0, 'cancellation_period': 0, 'cancellation_fee': 'NO', 'breakfast': 1, 'base_price': 3200, 'prices': [3200], 'price': 3200, 'old_price': 3200, 'currency': 'RUB', 'payment_amount': 0, 'extras_variants': [], 'extras': [], 'rate_id': 42655, 'deals': [], 'cancellation_type': 'free', 'credit_card': 0, 'bonus': 640, 'miles': 256, 'min_stay': 1, 'mircashback': 320}, {'id': 937965, 'force_prepayment': 0, 'capacity': 2, 'prepayment': 'NO', 'nonrefundable': 0, 'cancellation_period': 0, 'cancellation_fee': 'NO', 'breakfast': 0, 'base_price': 1800, 'prices': [1800], 'price': 1800, 'old_price': 1800, 'currency': 'RUB', 'payment_amount': 0, 'extras_variants': [], 'extras': [], 'rate_id': 42656, 'deals': [], 'cancellation_type': 'free', 'credit_card': 0, 'bonus': 360, 'miles': 144, 'min_stay': 1, 'mircashback': 180}, {'id': 937961, 'force_prepayment': 0, 'capacity': 2, 'prepayment': 'NO', 'nonrefundable': 0, 'cancellation_period': 0, 'cancellation_fee': 'NO', 'breakfast': 1, 'base_price': 3200, 'prices': [3200], 'price': 3200, 'old_price': 3200, 'currency': 'RUB', 'payment_amount': 0, 'extras_variants': [], 'extras': [], 'rate_id': 42655, 'deals': [], 'cancellation_type': 'free', 'credit_card': 0, 'bonus': 640, 'miles': 256, 'min_stay': 1, 'mircashback': 320}]",1800.0,144,9394_101hotels,2025-05-12
2288048,,Стандарт улучшенный,1,0,0,1,Одноместный,1,1,[{'single': 1}],[],"[{'id': 937653, 'force_prepayment': 0, 'capacity': 1, 'prepayment': 'NO', 'nonrefundable': 0, 'cancellation_period': 0, 'cancellation_fee': 'NO', 'breakfast': 1, 'base_price': 4500, 'prices': [4500], 'price': 4500, 'old_price': 4500, 'currency': 'RUB', 'payment_amount': 0, 'extras_variants': [], 'extras': [], 'rate_id': 42655, 'deals': [], 'cancellation_type': 'free', 'credit_card': 0, 'bonus': 900, 'miles': 360, 'min_stay': 1, 'mircashback': 450}]",4500.0,360,9394_101hotels,2025-05-12
2288088,,Студия с двуспальной кроватью,1,1,0,1,Сьюит,27,3,[{'double': 1}],[],"[{'id': 937875, 'force_prepayment': 0, 'capacity': 1, 'prepayment': 'NO', 'nonrefundable': 0, 'cancellation_period': 0, 'cancellation_fee': 'NO', 'breakfast': 1, 'base_price': 8700, 'prices': [8700], 'price': 8700, 'old_price': 8700, 'currency': 'RUB', 'payment_amount': 0, 'extras_variants': [], 'extras': [], 'rate_id': 42655, 'deals': [], 'cancellation_type': 'free', 'credit_card': 0, 'bonus': 1740, 'miles': 696, 'min_stay': 1, 'mircashback': 870}]",8700.0,696,9394_101hotels,2025-05-12
2288097,,Комфорт номер с 2 отдельными кроватями,2,0,0,1,Двухместный,2,2,[{'single': 2}],[],"[{'id': 937898, 'force_prepayment': 0, 'capacity': 1, 'prepayment': 'NO', 'nonrefundable': 0, 'cancellation_period': 0, 'cancellation_fee': 'NO', 'breakfast': 1, 'base_price': 7400, 'prices': [7400], 'price': 7400, 'old_price': 7400, 'currency': 'RUB', 'payment_amount': 0, 'extras_variants': [], 'extras': [], 'rate_id': 42655, 'deals': [], 'cancellation_type': 'free', 'credit_card': 0, 'bonus': 1480, 'miles': 592, 'min_stay': 1, 'mircashback': 740}, {'id': 937899, 'force_prepayment': 0, 'capacity': 2, 'prepayment': 'NO', 'nonrefundable': 0, 'cancellation_period': 0, 'cancellation_fee': 'NO', 'breakfast': 1, 'base_price': 7400, 'prices': [7400], 'price': 7400, 'old_price': 7400, 'currency': 'RUB', 'payment_amount': 0, 'extras_variants': [], 'extras': [], 'rate_id': 42655, 'deals': [], 'cancellation_type': 'free', 'credit_card': 0, 'bonus': 1480, 'miles': 592, 'min_stay': 1, 'mircashback': 740}]",7400.0,592,9394_101hotels,2025-05-12
